# y+ ()         
# Time          	patch           	min             	max             	average         
4250            	rocket_body	1.27869381e+00	1.52469875e+02	2.70157292e+01
4250            	rocket_fins	1.13081210e+00	9.78499007e+01	1.45914486e+01
4250            	rocket_tab	1.08371096e+00	8.14077167e+01	1.27746572e+01
4250            	rocket_slot	5.74180220e+00	8.63186119e+01	3.58428072e+01
4500            	rocket_body	1.66724416e+00	1.51798699e+02	2.70125566e+01
4500            	rocket_fins	1.12146390e+00	9.78505185e+01	1.45913731e+01
4500            	rocket_tab	6.98577696e-01	8.07490067e+01	1.27909229e+01
4500            	rocket_slot	3.75433239e+00	8.62378904e+01	3.57334403e+01
4750            	rocket_body	1.66839724e+00	1.54401556e+02	2.70161437e+01
4750            	rocket_fins	1.14093616e+00	9.78503448e+01	1.45905678e+01
4750            	rocket_tab	1.33785790e+00	8.22311528e+01	1.28277634e+01
4750            	rocket_slot	3.43037929e+00	8.46551808e+01	3.56676765e+01
5000            	rocket_body	1.66617194e+00	1.53350235e+02	2.70162099e+01
5000            	rocket_fins	1.07092012e+00	9.78498969e+01	1.45915388e+01
5000            	rocket_tab	1.06203011e+00	8.07379148e+01	1.27683747e+01
5000            	rocket_slot	6.66302645e+00	8.68401370e+01	3.59386493e+01
