# Force and moment coefficients
# dragDir       : (0.00000000e+00 0.00000000e+00 -1.00000000e+00)
# sideDir       : (-0.00000000e+00 1.00000000e+00 0.00000000e+00)
# liftDir       : (1.00000000e+00 0.00000000e+00 0.00000000e+00)
# rollAxis      : (0.00000000e+00 0.00000000e+00 -1.00000000e+00)
# pitchAxis     : (-0.00000000e+00 1.00000000e+00 0.00000000e+00)
# yawAxis       : (1.00000000e+00 0.00000000e+00 0.00000000e+00)
# magUInf       : 1.01700000e+02
# lRef          : 5.78100000e-02
# Aref          : 2.62480000e-03
# CofR          : (0.00000000e+00 0.00000000e+00 3.99000000e-01)
#
# Time          	Cd              	Cl              	CmPitch         	CmRoll          	CmYaw           
4001            	-1.75149056e-01	-1.44360568e-03	2.67446309e-01	2.90751585e-03	1.15772400e-02
4002            	-1.75111669e-01	-1.57075628e-03	2.68185351e-01	2.87396452e-03	1.14448723e-02
4003            	-1.75071881e-01	-1.65982241e-03	2.68672457e-01	2.85835322e-03	1.13805024e-02
4004            	-1.75032310e-01	-1.68557652e-03	2.68761581e-01	2.86486330e-03	1.14015903e-02
4005            	-1.74995681e-01	-1.62737522e-03	2.68339318e-01	2.89127619e-03	1.15011687e-02
4006            	-1.74966875e-01	-1.48183657e-03	2.67396819e-01	2.92930222e-03	1.16450039e-02
4007            	-1.74947980e-01	-1.29264088e-03	2.66205502e-01	2.96202608e-03	1.17656790e-02
4008            	-1.74940110e-01	-1.10504333e-03	2.65042529e-01	2.97658299e-03	1.18150501e-02
4009            	-1.74948193e-01	-9.67877048e-04	2.64207950e-01	2.99793381e-03	1.18974661e-02
4010            	-1.74976366e-01	-9.06471784e-04	2.63863816e-01	3.02960441e-03	1.20286371e-02
4011            	-1.75019588e-01	-9.05893753e-04	2.63912620e-01	3.06833139e-03	1.21920600e-02
4012            	-1.75067222e-01	-9.65920066e-04	2.64341489e-01	3.10762111e-03	1.23553264e-02
4013            	-1.75110126e-01	-1.06075076e-03	2.64980366e-01	3.14113016e-03	1.24917502e-02
4014            	-1.75144958e-01	-1.14799442e-03	2.65561990e-01	3.16410632e-03	1.25863165e-02
4015            	-1.75171755e-01	-1.19342372e-03	2.65874648e-01	3.16242468e-03	1.25825491e-02
4016            	-1.75190194e-01	-1.21164931e-03	2.66012331e-01	3.13970891e-03	1.24950562e-02
4017            	-1.75195804e-01	-1.21831423e-03	2.66070513e-01	3.09620011e-03	1.23249835e-02
4018            	-1.75187548e-01	-1.26396967e-03	2.66357976e-01	3.03872565e-03	1.21012520e-02
4019            	-1.75166021e-01	-1.36135918e-03	2.66950921e-01	2.97882728e-03	1.18671064e-02
4020            	-1.75133486e-01	-1.49277180e-03	2.67732807e-01	2.92849990e-03	1.16683409e-02
4021            	-1.75096387e-01	-1.61058382e-03	2.68409739e-01	2.88987299e-03	1.15117919e-02
4022            	-1.75058451e-01	-1.67993000e-03	2.68773863e-01	2.86939568e-03	1.14246736e-02
4023            	-1.75021274e-01	-1.67760281e-03	2.68693380e-01	2.87414116e-03	1.14371870e-02
4024            	-1.74987419e-01	-1.58012161e-03	2.68034652e-01	2.89729994e-03	1.15222017e-02
4025            	-1.74962772e-01	-1.42306174e-03	2.67029691e-01	2.92567627e-03	1.16244196e-02
4026            	-1.74946953e-01	-1.22615556e-03	2.65796696e-01	2.94145247e-03	1.16739026e-02
4027            	-1.74944919e-01	-1.04884614e-03	2.64702810e-01	2.94441192e-03	1.16755468e-02
4028            	-1.74960093e-01	-9.12521268e-04	2.63880399e-01	2.95397765e-03	1.17129162e-02
4029            	-1.74993906e-01	-8.76811289e-04	2.63701416e-01	2.98803320e-03	1.18560734e-02
4030            	-1.75039549e-01	-9.17167122e-04	2.64006670e-01	3.03197209e-03	1.20400401e-02
4031            	-1.75086412e-01	-1.00071521e-03	2.64580337e-01	3.06833102e-03	1.21892510e-02
4032            	-1.75126698e-01	-1.09245234e-03	2.65196667e-01	3.09457285e-03	1.22955783e-02
4033            	-1.75158148e-01	-1.15290961e-03	2.65607620e-01	3.10941717e-03	1.23580868e-02
4034            	-1.75181627e-01	-1.18071070e-03	2.65807288e-01	3.10743643e-03	1.23553334e-02
4035            	-1.75195796e-01	-1.19505131e-03	2.65918558e-01	3.08676667e-03	1.22776569e-02
4036            	-1.75197227e-01	-1.22364115e-03	2.66109793e-01	3.04857232e-03	1.21302563e-02
4037            	-1.75185423e-01	-1.29177982e-03	2.66533757e-01	2.99749189e-03	1.19319447e-02
4038            	-1.75159463e-01	-1.39526095e-03	2.67157152e-01	2.94957986e-03	1.17469875e-02
4039            	-1.75124525e-01	-1.51608909e-03	2.67865392e-01	2.91221643e-03	1.16019746e-02
4040            	-1.75086474e-01	-1.61899642e-03	2.68444389e-01	2.88885059e-03	1.15084962e-02
4041            	-1.75047565e-01	-1.67441431e-03	2.68719917e-01	2.88900499e-03	1.15057466e-02
4042            	-1.75010217e-01	-1.65715755e-03	2.68548418e-01	2.91345128e-03	1.15994027e-02
4043            	-1.74977962e-01	-1.55063661e-03	2.67838733e-01	2.94931591e-03	1.17349357e-02
4044            	-1.74955552e-01	-1.38402232e-03	2.66778634e-01	2.98297438e-03	1.18571674e-02
4045            	-1.74941918e-01	-1.16246791e-03	2.65395702e-01	2.99275345e-03	1.18840175e-02
4046            	-1.74943883e-01	-9.86296556e-04	2.64313357e-01	2.99903131e-03	1.19034209e-02
4047            	-1.74964354e-01	-9.00884198e-04	2.63812926e-01	3.02093475e-03	1.19944422e-02
4048            	-1.75001749e-01	-8.91073322e-04	2.63797819e-01	3.05865623e-03	1.21532909e-02
4049            	-1.75047584e-01	-9.26514792e-04	2.64071065e-01	3.09534431e-03	1.23062029e-02
4050            	-1.75092644e-01	-1.01113113e-03	2.64648221e-01	3.12371795e-03	1.24197420e-02
4051            	-1.75130992e-01	-1.10560410e-03	2.65279424e-01	3.14190229e-03	1.24921066e-02
4052            	-1.75161051e-01	-1.16165197e-03	2.65662091e-01	3.14233285e-03	1.24974891e-02
4053            	-1.75183407e-01	-1.18745721e-03	2.65850747e-01	3.12689297e-03	1.24393553e-02
4054            	-1.75195133e-01	-1.19602603e-03	2.65925568e-01	3.08830365e-03	1.22883787e-02
4055            	-1.75193380e-01	-1.23251036e-03	2.66162995e-01	3.03228020e-03	1.20677290e-02
4056            	-1.75179133e-01	-1.31609281e-03	2.66680506e-01	2.96879268e-03	1.18179994e-02
4057            	-1.75151123e-01	-1.43170730e-03	2.67374607e-01	2.91245071e-03	1.15974049e-02
4058            	-1.75115468e-01	-1.55687153e-03	2.68105052e-01	2.86976408e-03	1.14276723e-02
4059            	-1.75076992e-01	-1.65158375e-03	2.68630160e-01	2.84637851e-03	1.13311802e-02
4060            	-1.75038509e-01	-1.68687215e-03	2.68780175e-01	2.84617673e-03	1.13243559e-02
4061            	-1.75002350e-01	-1.64036339e-03	2.68430590e-01	2.86611323e-03	1.13966751e-02
4062            	-1.74972761e-01	-1.49641060e-03	2.67495912e-01	2.89816817e-03	1.15154252e-02
4063            	-1.74952413e-01	-1.30713885e-03	2.66301452e-01	2.92616544e-03	1.16159622e-02
4064            	-1.74942382e-01	-1.11075182e-03	2.65080981e-01	2.93636235e-03	1.16471111e-02
4065            	-1.74947944e-01	-9.71388025e-04	2.64230095e-01	2.95469995e-03	1.17169796e-02
4066            	-1.74973862e-01	-9.07783705e-04	2.63869502e-01	2.98499937e-03	1.18426398e-02
4067            	-1.75015619e-01	-9.01480951e-04	2.63880408e-01	3.02493585e-03	1.20111634e-02
4068            	-1.75063045e-01	-9.53728858e-04	2.64260289e-01	3.06729870e-03	1.21874618e-02
4069            	-1.75106569e-01	-1.04800934e-03	2.64896544e-01	3.10647350e-03	1.23472895e-02
4070            	-1.75142408e-01	-1.14191795e-03	2.65521377e-01	3.13660631e-03	1.24711740e-02
4071            	-1.75169985e-01	-1.19318354e-03	2.65871515e-01	3.14336803e-03	1.25025670e-02
4072            	-1.75189498e-01	-1.21242419e-03	2.66016335e-01	3.13069363e-03	1.24571303e-02
4073            	-1.75196340e-01	-1.21452407e-03	2.66046842e-01	3.09675449e-03	1.23269936e-02
4074            	-1.75189420e-01	-1.25459456e-03	2.66300862e-01	3.04810658e-03	1.21397847e-02
4075            	-1.75169251e-01	-1.34963754e-03	2.66881298e-01	2.99482019e-03	1.19332597e-02
4076            	-1.75137246e-01	-1.48397798e-03	2.67683223e-01	2.95044993e-03	1.17594866e-02
4077            	-1.75099970e-01	-1.60665234e-03	2.68391344e-01	2.91766110e-03	1.16276547e-02
4078            	-1.75061117e-01	-1.68256328e-03	2.68795538e-01	2.90161958e-03	1.15594412e-02
4079            	-1.75022396e-01	-1.68341345e-03	2.68732138e-01	2.90771828e-03	1.15786139e-02
4080            	-1.74986783e-01	-1.59170190e-03	2.68105480e-01	2.93280118e-03	1.16725624e-02
4081            	-1.74959943e-01	-1.44020319e-03	2.67130131e-01	2.96725779e-03	1.17998659e-02
4082            	-1.74942508e-01	-1.24850012e-03	2.65926504e-01	2.98700591e-03	1.18654203e-02
4083            	-1.74938590e-01	-1.06813036e-03	2.64811957e-01	2.98766620e-03	1.18571515e-02
4084            	-1.74952012e-01	-9.21142382e-04	2.63921618e-01	2.99242583e-03	1.18733974e-02
4085            	-1.74984896e-01	-8.71021646e-04	2.63652290e-01	3.01898299e-03	1.19849860e-02
4086            	-1.75030838e-01	-9.03231009e-04	2.63907417e-01	3.05575854e-03	1.21395406e-02
4087            	-1.75079103e-01	-9.84519277e-04	2.64468962e-01	3.08557761e-03	1.22619239e-02
4088            	-1.75121659e-01	-1.07755519e-03	2.65096663e-01	3.10450601e-03	1.23375462e-02
4089            	-1.75155548e-01	-1.14386996e-03	2.65547687e-01	3.11227019e-03	1.23697151e-02
4090            	-1.75181597e-01	-1.17463590e-03	2.65769201e-01	3.10280361e-03	1.23350918e-02
4091            	-1.75198477e-01	-1.19233979e-03	2.65904554e-01	3.07595578e-03	1.22311547e-02
4092            	-1.75202330e-01	-1.21870944e-03	2.66085069e-01	3.03237038e-03	1.20608051e-02
4093            	-1.75191708e-01	-1.28441321e-03	2.66495363e-01	2.97554166e-03	1.18387673e-02
4094            	-1.75166395e-01	-1.38665133e-03	2.67112369e-01	2.92131046e-03	1.16275690e-02
4095            	-1.75130963e-01	-1.50880046e-03	2.67829063e-01	2.87838740e-03	1.14594528e-02
4096            	-1.75091759e-01	-1.61486281e-03	2.68426839e-01	2.84990401e-03	1.13446734e-02
4097            	-1.75051543e-01	-1.67366277e-03	2.68721529e-01	2.84482988e-03	1.13204197e-02
4098            	-1.75012884e-01	-1.65734856e-03	2.68553805e-01	2.86555436e-03	1.13989237e-02
4099            	-1.74979024e-01	-1.55344288e-03	2.67857618e-01	2.90160543e-03	1.15358265e-02
4100            	-1.74954908e-01	-1.39282018e-03	2.66832281e-01	2.93967705e-03	1.16767141e-02
4101            	-1.74940022e-01	-1.17704948e-03	2.65483751e-01	2.95669167e-03	1.17331599e-02
4102            	-1.74941031e-01	-1.00039628e-03	2.64397453e-01	2.96920974e-03	1.17783249e-02
4103            	-1.74960917e-01	-9.08694874e-04	2.63857727e-01	2.99719330e-03	1.18948445e-02
4104            	-1.74998235e-01	-8.98463765e-04	2.63840475e-01	3.04408002e-03	1.20920641e-02
4105            	-1.75044772e-01	-9.36996496e-04	2.64134455e-01	3.09095933e-03	1.22875147e-02
4106            	-1.75090800e-01	-1.02044212e-03	2.64705779e-01	3.12760094e-03	1.24359156e-02
4107            	-1.75129773e-01	-1.11151416e-03	2.65316599e-01	3.15309306e-03	1.25391340e-02
4108            	-1.75159809e-01	-1.16589757e-03	2.65688636e-01	3.16210657e-03	1.25802590e-02
4109            	-1.75181567e-01	-1.19162201e-03	2.65875409e-01	3.15467023e-03	1.25555979e-02
4110            	-1.75192760e-01	-1.20218053e-03	2.65961168e-01	3.12426163e-03	1.24383795e-02
4111            	-1.75190386e-01	-1.23706287e-03	2.66187170e-01	3.07549733e-03	1.22477682e-02
4112            	-1.75175503e-01	-1.31903810e-03	2.66693106e-01	3.01684711e-03	1.20176096e-02
4113            	-1.75147137e-01	-1.42466985e-03	2.67324742e-01	2.96193281e-03	1.18039600e-02
4114            	-1.75111152e-01	-1.54443059e-03	2.68021868e-01	2.91883684e-03	1.16332106e-02
4115            	-1.75072554e-01	-1.64241392e-03	2.68567724e-01	2.89259555e-03	1.15250291e-02
4116            	-1.75034261e-01	-1.68371995e-03	2.68755558e-01	2.88772921e-03	1.14993798e-02
4117            	-1.74998708e-01	-1.65006102e-03	2.68486074e-01	2.90118628e-03	1.15449141e-02
4118            	-1.74969846e-01	-1.51299475e-03	2.67594036e-01	2.92566476e-03	1.16316600e-02
4119            	-1.74950844e-01	-1.32366205e-03	2.66400070e-01	2.94602125e-03	1.16995088e-02
4120            	-1.74941821e-01	-1.11398685e-03	2.65098535e-01	2.94683779e-03	1.16913975e-02
4121            	-1.74947943e-01	-9.67703026e-04	2.64206553e-01	2.95585588e-03	1.17224768e-02
4122            	-1.74973911e-01	-9.02799151e-04	2.63838918e-01	2.97827525e-03	1.18154013e-02
4123            	-1.75015843e-01	-8.93901221e-04	2.63834188e-01	3.01083840e-03	1.19528017e-02
4124            	-1.75063691e-01	-9.38902198e-04	2.64169354e-01	3.04566073e-03	1.20975315e-02
4125            	-1.75107930e-01	-1.03116916e-03	2.64793672e-01	3.07818433e-03	1.22291799e-02
4126            	-1.75144332e-01	-1.12932298e-03	2.65445541e-01	3.10269254e-03	1.23289154e-02
4127            	-1.75172118e-01	-1.18415003e-03	2.65817701e-01	3.10546309e-03	1.23436007e-02
4128            	-1.75191792e-01	-1.20419094e-03	2.65967088e-01	3.09016225e-03	1.22869935e-02
4129            	-1.75198986e-01	-1.20486934e-03	2.65988229e-01	3.05436828e-03	1.21488741e-02
4130            	-1.75192388e-01	-1.24192013e-03	2.66223325e-01	3.00488873e-03	1.19576569e-02
4131            	-1.75172983e-01	-1.33429971e-03	2.66788460e-01	2.95282211e-03	1.17561217e-02
4132            	-1.75141412e-01	-1.46775172e-03	2.67586540e-01	2.91190449e-03	1.15972921e-02
4133            	-1.75104537e-01	-1.59518575e-03	2.68326265e-01	2.88409233e-03	1.14867024e-02
4134            	-1.75065788e-01	-1.67761701e-03	2.68772179e-01	2.87411670e-03	1.14441966e-02
4135            	-1.75027104e-01	-1.68621286e-03	2.68756652e-01	2.88694298e-03	1.14912537e-02
4136            	-1.74991429e-01	-1.60353750e-03	2.68185618e-01	2.91839711e-03	1.16119133e-02
4137            	-1.74964298e-01	-1.45235286e-03	2.67212215e-01	2.95845811e-03	1.17637854e-02
4138            	-1.74946478e-01	-1.26256935e-03	2.66019857e-01	2.98729728e-03	1.18680266e-02
4139            	-1.74941116e-01	-1.08779630e-03	2.64938521e-01	2.99935324e-03	1.19069023e-02
4140            	-1.74952168e-01	-9.45843405e-04	2.64076264e-01	3.01519102e-03	1.19679696e-02
4141            	-1.74982457e-01	-8.89539736e-04	2.63765228e-01	3.04674024e-03	1.20999424e-02
4142            	-1.75026248e-01	-9.11111829e-04	2.63951612e-01	3.08622488e-03	1.22664314e-02
4143            	-1.75072806e-01	-9.85899729e-04	2.64470388e-01	3.12119122e-03	1.24110523e-02
4144            	-1.75113951e-01	-1.07676647e-03	2.65082267e-01	3.14682860e-03	1.25150384e-02
4145            	-1.75146889e-01	-1.14474119e-03	2.65541635e-01	3.16089675e-03	1.25734684e-02
4146            	-1.75172722e-01	-1.17737545e-03	2.65773912e-01	3.15387438e-03	1.25485754e-02
4147            	-1.75190405e-01	-1.19643839e-03	2.65918106e-01	3.12554247e-03	1.24379795e-02
4148            	-1.75195842e-01	-1.21970097e-03	2.66081228e-01	3.07752043e-03	1.22488631e-02
4149            	-1.75187025e-01	-1.28011847e-03	2.66460877e-01	3.01448477e-03	1.20014097e-02
4150            	-1.75164019e-01	-1.37972503e-03	2.67064964e-01	2.95215383e-03	1.17566861e-02
4151            	-1.75130744e-01	-1.50173855e-03	2.67784910e-01	2.90005868e-03	1.15502788e-02
4152            	-1.75093380e-01	-1.61091827e-03	2.68405723e-01	2.86199440e-03	1.13952584e-02
4153            	-1.75054940e-01	-1.67376164e-03	2.68728337e-01	2.84653666e-03	1.13276683e-02
4154            	-1.75017485e-01	-1.66188646e-03	2.68589567e-01	2.85755538e-03	1.13656244e-02
4155            	-1.74983899e-01	-1.55796120e-03	2.67892981e-01	2.88561259e-03	1.14696972e-02
4156            	-1.74959184e-01	-1.39854181e-03	2.66874130e-01	2.91728134e-03	1.15839903e-02
4157            	-1.74943204e-01	-1.18451610e-03	2.65534772e-01	2.92929880e-03	1.16188536e-02
4158            	-1.74942662e-01	-1.00426611e-03	2.64423853e-01	2.93434418e-03	1.16321270e-02
4159            	-1.74960849e-01	-9.03154914e-04	2.63823250e-01	2.95465657e-03	1.17165171e-02
4160            	-1.74996698e-01	-8.91019617e-04	2.63792162e-01	2.99753427e-03	1.18971837e-02
4161            	-1.75042703e-01	-9.31061311e-04	2.64094967e-01	3.04403874e-03	1.20912040e-02
4162            	-1.75089049e-01	-1.01450200e-03	2.64666868e-01	3.08187402e-03	1.22447460e-02
4163            	-1.75128975e-01	-1.10403418e-03	2.65269425e-01	3.10939977e-03	1.23563425e-02
4164            	-1.75160103e-01	-1.15878035e-03	2.65645191e-01	3.12333896e-03	1.24174006e-02
4165            	-1.75183124e-01	-1.18495053e-03	2.65835990e-01	3.12228213e-03	1.24195056e-02
4166            	-1.75195989e-01	-1.19719538e-03	2.65934082e-01	3.10118396e-03	1.23408395e-02
4167            	-1.75195356e-01	-1.23078003e-03	2.66154156e-01	3.06166862e-03	1.21886593e-02
4168            	-1.75181848e-01	-1.30815587e-03	2.66633617e-01	3.01052197e-03	1.19899075e-02
4169            	-1.75154261e-01	-1.41478002e-03	2.67273046e-01	2.96286330e-03	1.18059384e-02
4170            	-1.75118590e-01	-1.53656012e-03	2.67984137e-01	2.92640375e-03	1.16630082e-02
4171            	-1.75079684e-01	-1.63601218e-03	2.68539081e-01	2.90520184e-03	1.15767778e-02
4172            	-1.75040039e-01	-1.67933040e-03	2.68737809e-01	2.90452271e-03	1.15697168e-02
4173            	-1.75002414e-01	-1.65137145e-03	2.68500095e-01	2.92514640e-03	1.16463149e-02
4174            	-1.74970719e-01	-1.52540555e-03	2.67671661e-01	2.95808560e-03	1.17687305e-02
4175            	-1.74949234e-01	-1.34329728e-03	2.66517748e-01	2.98665611e-03	1.18704801e-02
4176            	-1.74937597e-01	-1.12649400e-03	2.65167914e-01	2.99164028e-03	1.18792080e-02
4177            	-1.74941708e-01	-9.69322071e-04	2.64205909e-01	3.00079770e-03	1.19109849e-02
4178            	-1.74965650e-01	-8.99817177e-04	2.63807583e-01	3.02350373e-03	1.20052087e-02
4179            	-1.75006412e-01	-8.89504705e-04	2.63792892e-01	3.05526380e-03	1.21390394e-02
4180            	-1.75054191e-01	-9.28543874e-04	2.64090946e-01	3.08547212e-03	1.22646472e-02
4181            	-1.75099648e-01	-1.01697838e-03	2.64693006e-01	3.11077973e-03	1.23658096e-02
4182            	-1.75137914e-01	-1.11561442e-03	2.65350565e-01	3.12754290e-03	1.24327522e-02
4183            	-1.75167916e-01	-1.17332524e-03	2.65743904e-01	3.12387141e-03	1.24207399e-02
4184            	-1.75189858e-01	-1.19704148e-03	2.65919355e-01	3.10286309e-03	1.23398125e-02
4185            	-1.75199484e-01	-1.20029257e-03	2.65959449e-01	3.05977565e-03	1.21707511e-02
4186            	-1.75194792e-01	-1.23705323e-03	2.66194992e-01	3.00155646e-03	1.19426632e-02
4187            	-1.75176803e-01	-1.32605197e-03	2.66741140e-01	2.94052038e-03	1.17038441e-02
4188            	-1.75145523e-01	-1.45606183e-03	2.67518902e-01	2.89075053e-03	1.15088838e-02
4189            	-1.75108136e-01	-1.58566942e-03	2.68272320e-01	2.85495284e-03	1.13653749e-02
4190            	-1.75068645e-01	-1.67068825e-03	2.68733711e-01	2.83754908e-03	1.12921765e-02
4191            	-1.75029117e-01	-1.68484073e-03	2.68751050e-01	2.84283254e-03	1.13076678e-02
4192            	-1.74992385e-01	-1.60797361e-03	2.68214025e-01	2.86848269e-03	1.14040270e-02
4193            	-1.74964047e-01	-1.45694923e-03	2.67239564e-01	2.90616444e-03	1.15461450e-02
4194            	-1.74945323e-01	-1.26701563e-03	2.66044999e-01	2.93647144e-03	1.16567360e-02
4195            	-1.74938926e-01	-1.09447106e-03	2.64976836e-01	2.95266355e-03	1.17126865e-02
4196            	-1.74949266e-01	-9.56758986e-04	2.64140696e-01	2.97456787e-03	1.17983786e-02
4197            	-1.74979626e-01	-8.99268981e-04	2.63823100e-01	3.01112096e-03	1.19507789e-02
4198            	-1.75024522e-01	-9.15072420e-04	2.63975783e-01	3.05719503e-03	1.21450570e-02
4199            	-1.75072782e-01	-9.85839186e-04	2.64472308e-01	3.10111981e-03	1.23275923e-02
4200            	-1.75115329e-01	-1.07814567e-03	2.65095336e-01	3.13646286e-03	1.24722564e-02
4201            	-1.75149257e-01	-1.15288246e-03	2.65598077e-01	3.16081578e-03	1.25733979e-02
4202            	-1.75175291e-01	-1.19086144e-03	2.65863735e-01	3.16191198e-03	1.25817599e-02
4203            	-1.75192727e-01	-1.20974747e-03	2.66005424e-01	3.14130796e-03	1.25032884e-02
4204            	-1.75197182e-01	-1.22557124e-03	2.66119976e-01	3.10063253e-03	1.23450187e-02
4205            	-1.75187216e-01	-1.27999324e-03	2.66459997e-01	3.04498732e-03	1.21287951e-02
4206            	-1.75163268e-01	-1.37761846e-03	2.67050329e-01	2.98824877e-03	1.19077868e-02
4207            	-1.75129096e-01	-1.50140829e-03	2.67780791e-01	2.94096375e-03	1.17217915e-02
4208            	-1.75090867e-01	-1.61228589e-03	2.68411394e-01	2.90684923e-03	1.15835941e-02
4209            	-1.75051813e-01	-1.67596227e-03	2.68737989e-01	2.89266813e-03	1.15218651e-02
4210            	-1.75014024e-01	-1.66512154e-03	2.68604781e-01	2.90072193e-03	1.15482428e-02
4211            	-1.74980226e-01	-1.56295580e-03	2.67917489e-01	2.92811826e-03	1.16498878e-02
4212            	-1.74956162e-01	-1.40551234e-03	2.66911289e-01	2.95672380e-03	1.17518377e-02
4213            	-1.74941178e-01	-1.19826226e-03	2.65615407e-01	2.96576556e-03	1.17734162e-02
4214            	-1.74941347e-01	-1.01490080e-03	2.64486611e-01	2.96262467e-03	1.17510010e-02
4215            	-1.74959387e-01	-8.95354896e-04	2.63771824e-01	2.97153348e-03	1.17870254e-02
4216            	-1.74995282e-01	-8.73733612e-04	2.63682282e-01	3.00617887e-03	1.19333456e-02
4217            	-1.75041816e-01	-9.15965030e-04	2.63999722e-01	3.04700634e-03	1.21038703e-02
4218            	-1.75089081e-01	-1.00138991e-03	2.64585447e-01	3.07773717e-03	1.22281771e-02
4219            	-1.75129851e-01	-1.09312342e-03	2.65202742e-01	3.09648176e-03	1.23026575e-02
4220            	-1.75161621e-01	-1.15092005e-03	2.65598222e-01	3.10200013e-03	1.23272170e-02
4221            	-1.75185139e-01	-1.17854804e-03	2.65798181e-01	3.09304626e-03	1.22959182e-02
4222            	-1.75198543e-01	-1.19159400e-03	2.65901434e-01	3.06621982e-03	1.21930717e-02
4223            	-1.75198571e-01	-1.22411173e-03	2.66115557e-01	3.02177137e-03	1.20201830e-02
4224            	-1.75185475e-01	-1.29913144e-03	2.66580815e-01	2.96639506e-03	1.18037690e-02
4225            	-1.75158363e-01	-1.40617757e-03	2.67224304e-01	2.91676504e-03	1.16114716e-02
4226            	-1.75122988e-01	-1.52905731e-03	2.67943576e-01	2.88083612e-03	1.14713584e-02
4227            	-1.75084490e-01	-1.63009166e-03	2.68509395e-01	2.86081838e-03	1.13908871e-02
4228            	-1.75045204e-01	-1.67707514e-03	2.68731783e-01	2.86411795e-03	1.14007482e-02
4229            	-1.75007850e-01	-1.65237361e-03	2.68514599e-01	2.89099871e-03	1.15038730e-02
4230            	-1.74976194e-01	-1.53555870e-03	2.67742852e-01	2.93096277e-03	1.16557945e-02
4231            	-1.74954511e-01	-1.36121120e-03	2.66636843e-01	2.96786058e-03	1.17920115e-02
4232            	-1.74942344e-01	-1.14418996e-03	2.65284929e-01	2.98013023e-03	1.18307354e-02
4233            	-1.74945734e-01	-9.81299779e-04	2.64286628e-01	2.99472037e-03	1.18854398e-02
4234            	-1.74968150e-01	-9.10061431e-04	2.63875771e-01	3.02485057e-03	1.20108347e-02
4235            	-1.75006956e-01	-9.01213466e-04	2.63867799e-01	3.06604790e-03	1.21841164e-02
4236            	-1.75052909e-01	-9.38358189e-04	2.64151666e-01	3.10486382e-03	1.23458938e-02
4237            	-1.75096822e-01	-1.02649578e-03	2.64749582e-01	3.13770773e-03	1.24782232e-02
4238            	-1.75133473e-01	-1.12427728e-03	2.65399337e-01	3.16070263e-03	1.25709384e-02
4239            	-1.75161972e-01	-1.18122253e-03	2.65785534e-01	3.16316218e-03	1.25849262e-02
4240            	-1.75182682e-01	-1.20382955e-03	2.65952103e-01	3.14769847e-03	1.25271409e-02
4241            	-1.75192147e-01	-1.20668518e-03	2.65988834e-01	3.10752987e-03	1.23703344e-02
4242            	-1.75188149e-01	-1.24169270e-03	2.66214152e-01	3.04963800e-03	1.21434808e-02
4243            	-1.75171759e-01	-1.32971789e-03	2.66756430e-01	2.98657762e-03	1.18956799e-02
4244            	-1.75142461e-01	-1.45100757e-03	2.67483620e-01	2.93204159e-03	1.16818397e-02
4245            	-1.75106862e-01	-1.57902258e-03	2.68230418e-01	2.89022502e-03	1.15138477e-02
4246            	-1.75068967e-01	-1.66640015e-03	2.68709127e-01	2.86620793e-03	1.14132421e-02
4247            	-1.75030998e-01	-1.68890955e-03	2.68779963e-01	2.86410015e-03	1.13976882e-02
4248            	-1.74995485e-01	-1.62204247e-03	2.68306018e-01	2.88080458e-03	1.14563865e-02
4249            	-1.74967659e-01	-1.46971391e-03	2.67323626e-01	2.90936843e-03	1.15606037e-02
4250            	-1.74949026e-01	-1.27586821e-03	2.66104512e-01	2.93209127e-03	1.16397627e-02
4251            	-1.74941497e-01	-1.09372426e-03	2.64975266e-01	2.93988989e-03	1.16609713e-02
4252            	-1.74950088e-01	-9.55008163e-04	2.64130706e-01	2.95432279e-03	1.17148765e-02
4253            	-1.74978829e-01	-8.95927211e-04	2.63801156e-01	2.98184187e-03	1.18289515e-02
4254            	-1.75022667e-01	-9.04285642e-04	2.63906167e-01	3.01930249e-03	1.19871957e-02
4255            	-1.75070708e-01	-9.71564711e-04	2.64380799e-01	3.05902436e-03	1.21521235e-02
4256            	-1.75113859e-01	-1.06748785e-03	2.65027207e-01	3.09303305e-03	1.22907566e-02
4257            	-1.75148845e-01	-1.15194764e-03	2.65592017e-01	3.11737128e-03	1.23911299e-02
4258            	-1.75175976e-01	-1.19455204e-03	2.65887908e-01	3.11906855e-03	1.24014682e-02
4259            	-1.75194770e-01	-1.21224022e-03	2.66023388e-01	3.10179911e-03	1.23368167e-02
4260            	-1.75200622e-01	-1.22250940e-03	2.66104828e-01	3.06592432e-03	1.21985981e-02
4261            	-1.75192308e-01	-1.27302981e-03	2.66422654e-01	3.01686398e-03	1.20100823e-02
4262            	-1.75170220e-01	-1.37189842e-03	2.67023820e-01	2.96698481e-03	1.18177400e-02
4263            	-1.75137332e-01	-1.50069642e-03	2.67788408e-01	2.92706284e-03	1.16623166e-02
4264            	-1.75099713e-01	-1.61519460e-03	2.68443282e-01	2.89933665e-03	1.15510571e-02
4265            	-1.75060551e-01	-1.68128455e-03	2.68784944e-01	2.88947716e-03	1.15081263e-02
4266            	-1.75021649e-01	-1.67471662e-03	2.68675628e-01	2.90350497e-03	1.15596111e-02
4267            	-1.74986048e-01	-1.57295086e-03	2.67987851e-01	2.93559134e-03	1.16820442e-02
4268            	-1.74959936e-01	-1.41530113e-03	2.66976954e-01	2.97224727e-03	1.18188306e-02
4269            	-1.74942704e-01	-1.21608019e-03	2.65727255e-01	2.99345872e-03	1.18912935e-02
4270            	-1.74939931e-01	-1.03701179e-03	2.64620891e-01	2.99973466e-03	1.19073676e-02
4271            	-1.74954665e-01	-9.05102050e-04	2.63824781e-01	3.01173425e-03	1.19554084e-02
4272            	-1.74988276e-01	-8.73142309e-04	2.63668513e-01	3.04624940e-03	1.21005783e-02
4273            	-1.75033906e-01	-9.14919726e-04	2.63982515e-01	3.08720108e-03	1.22716513e-02
4274            	-1.75081228e-01	-9.99776388e-04	2.64565169e-01	3.11716220e-03	1.23934838e-02
4275            	-1.75122586e-01	-1.09169521e-03	2.65184463e-01	3.13475837e-03	1.24634012e-02
4276            	-1.75155541e-01	-1.15227914e-03	2.65598841e-01	3.13850368e-03	1.24799180e-02
4277            	-1.75180634e-01	-1.18075516e-03	2.65805810e-01	3.12561705e-03	1.24316978e-02
4278            	-1.75196165e-01	-1.19520776e-03	2.65920424e-01	3.09396738e-03	1.23082940e-02
4279            	-1.75198360e-01	-1.22650815e-03	2.66129943e-01	3.04441799e-03	1.21138513e-02
4280            	-1.75186601e-01	-1.29861066e-03	2.66578852e-01	2.98213625e-03	1.18687470e-02
4281            	-1.75160425e-01	-1.40409480e-03	2.67214357e-01	2.92384937e-03	1.16403367e-02
4282            	-1.75125050e-01	-1.52442750e-03	2.67918357e-01	2.87806089e-03	1.14596302e-02
4283            	-1.75086404e-01	-1.62567548e-03	2.68485493e-01	2.84716745e-03	1.13342087e-02
4284            	-1.75046929e-01	-1.67559884e-03	2.68725654e-01	2.84101513e-03	1.13048098e-02
4285            	-1.75009042e-01	-1.65128419e-03	2.68509446e-01	2.86076565e-03	1.13784289e-02
4286            	-1.74976418e-01	-1.53811401e-03	2.67758543e-01	2.89394635e-03	1.15023596e-02
4287            	-1.74953770e-01	-1.36460208e-03	2.66656124e-01	2.92653700e-03	1.16203538e-02
4288            	-1.74940930e-01	-1.14619797e-03	2.65294573e-01	2.93662942e-03	1.16495339e-02
4289            	-1.74944147e-01	-9.79841553e-04	2.64274850e-01	2.94937538e-03	1.16964334e-02
4290            	-1.74966573e-01	-9.09039914e-04	2.63867367e-01	2.98084488e-03	1.18271726e-02
4291            	-1.75005815e-01	-9.03921039e-04	2.63883841e-01	3.02672044e-03	1.20198153e-02
4292            	-1.75053013e-01	-9.41736876e-04	2.64174217e-01	3.07125023e-03	1.22054063e-02
4293            	-1.75098900e-01	-1.02993274e-03	2.64775524e-01	3.10925615e-03	1.23590742e-02
4294            	-1.75137456e-01	-1.12685136e-03	2.65422700e-01	3.13784841e-03	1.24750937e-02
4295            	-1.75167116e-01	-1.18345903e-03	2.65808400e-01	3.14714024e-03	1.25176111e-02
4296            	-1.75188177e-01	-1.20771113e-03	2.65985530e-01	3.13934221e-03	1.24915157e-02
4297            	-1.75197490e-01	-1.21232069e-03	2.66032361e-01	3.10734863e-03	1.23685878e-02
4298            	-1.75192930e-01	-1.24691469e-03	2.66253996e-01	3.05825198e-03	1.21776957e-02
4299            	-1.75176099e-01	-1.33009266e-03	2.66765322e-01	3.00302728e-03	1.19627502e-02
4300            	-1.75146070e-01	-1.44681673e-03	2.67462690e-01	2.95526151e-03	1.17774781e-02
4301            	-1.75109126e-01	-1.56920521e-03	2.68172747e-01	2.91853803e-03	1.16321126e-02
4302            	-1.75069792e-01	-1.65616785e-03	2.68647358e-01	2.89881994e-03	1.15508725e-02
4303            	-1.75030836e-01	-1.68493458e-03	2.68755574e-01	2.90022951e-03	1.15507216e-02
4304            	-1.74994800e-01	-1.63136564e-03	2.68362485e-01	2.91950453e-03	1.16203440e-02
4305            	-1.74966627e-01	-1.48254266e-03	2.67400186e-01	2.94867827e-03	1.17271114e-02
4306            	-1.74948314e-01	-1.29024978e-03	2.66190234e-01	2.97173395e-03	1.18072111e-02
4307            	-1.74940736e-01	-1.09621802e-03	2.64987516e-01	2.97615883e-03	1.18143024e-02
4308            	-1.74948814e-01	-9.56535121e-04	2.64137393e-01	2.98747940e-03	1.18547722e-02
4309            	-1.74977074e-01	-8.93902754e-04	2.63785844e-01	3.00969061e-03	1.19463907e-02
4310            	-1.75020596e-01	-8.91975651e-04	2.63826672e-01	3.03998286e-03	1.20744182e-02
4311            	-1.75068769e-01	-9.50685589e-04	2.64248089e-01	3.07261738e-03	1.22096574e-02
4312            	-1.75112484e-01	-1.04743488e-03	2.64900143e-01	3.10085988e-03	1.23236108e-02
4313            	-1.75148128e-01	-1.13955793e-03	2.65513438e-01	3.11935476e-03	1.23989888e-02
4314            	-1.75175494e-01	-1.18856733e-03	2.65849251e-01	3.11418995e-03	1.23803345e-02
4315            	-1.75194465e-01	-1.20730514e-03	2.65990756e-01	3.08955903e-03	1.22847861e-02
4316            	-1.75200350e-01	-1.21242569e-03	2.66039447e-01	3.04562130e-03	1.21129157e-02
4317            	-1.75192302e-01	-1.25733488e-03	2.66322444e-01	2.98975544e-03	1.18958027e-02
4318            	-1.75170903e-01	-1.35620888e-03	2.66925039e-01	2.93384701e-03	1.16782387e-02
4319            	-1.75138422e-01	-1.49044507e-03	2.67725009e-01	2.88994431e-03	1.15063559e-02
4320            	-1.75101193e-01	-1.61037224e-03	2.68415265e-01	2.85980895e-03	1.13855762e-02
4321            	-1.75062812e-01	-1.68190206e-03	2.68792511e-01	2.84887096e-03	1.13386068e-02
4322            	-1.75024664e-01	-1.67899600e-03	2.68706822e-01	2.86349625e-03	1.13927605e-02
4323            	-1.74989816e-01	-1.58303762e-03	2.68055826e-01	2.89771741e-03	1.15242446e-02
4324            	-1.74964107e-01	-1.42896350e-03	2.67067667e-01	2.93886473e-03	1.16801252e-02
4325            	-1.74947361e-01	-1.23519611e-03	2.65852903e-01	2.96615757e-03	1.17778062e-02
4326            	-1.74944227e-01	-1.06045678e-03	2.64773748e-01	2.97819680e-03	1.18173345e-02
4327            	-1.74958106e-01	-9.22451911e-04	2.63939051e-01	2.99442514e-03	1.18822820e-02
4328            	-1.74990764e-01	-8.83567716e-04	2.63738834e-01	3.03341005e-03	1.20458074e-02
4329            	-1.75035771e-01	-9.23063359e-04	2.64038027e-01	3.08097720e-03	1.22448955e-02
4330            	-1.75082319e-01	-1.00680877e-03	2.64612782e-01	3.11904403e-03	1.24013710e-02
4331            	-1.75122471e-01	-1.09931698e-03	2.65233977e-01	3.14549637e-03	1.25085828e-02
4332            	-1.75153928e-01	-1.16202498e-03	2.65659102e-01	3.15868283e-03	1.25640787e-02
4333            	-1.75177718e-01	-1.19004565e-03	2.65860572e-01	3.15305178e-03	1.25459310e-02
4334            	-1.75192535e-01	-1.20454014e-03	2.65973610e-01	3.12697458e-03	1.24456479e-02
4335            	-1.75194829e-01	-1.23229404e-03	2.66160933e-01	3.08178769e-03	1.22691975e-02
4336            	-1.75183625e-01	-1.29979458e-03	2.66581900e-01	3.02211574e-03	1.20352996e-02
4337            	-1.75158533e-01	-1.40162484e-03	2.67196396e-01	2.96411378e-03	1.18084569e-02
4338            	-1.75124063e-01	-1.51983766e-03	2.67889081e-01	2.91645024e-03	1.16205525e-02
4339            	-1.75086572e-01	-1.62125429e-03	2.68459427e-01	2.88251293e-03	1.14827552e-02
4340            	-1.75048433e-01	-1.67716583e-03	2.68738773e-01	2.87259844e-03	1.14377312e-02
4341            	-1.75011744e-01	-1.65531033e-03	2.68539531e-01	2.88712207e-03	1.14902559e-02
4342            	-1.74979429e-01	-1.54828453e-03	2.67825999e-01	2.91680078e-03	1.15994991e-02
4343            	-1.74956668e-01	-1.37862692e-03	2.66746411e-01	2.94540377e-03	1.17004433e-02
4344            	-1.74942741e-01	-1.15642105e-03	2.65359298e-01	2.95002664e-03	1.17058863e-02
4345            	-1.74944673e-01	-9.78771185e-04	2.64267866e-01	2.95160689e-03	1.17058704e-02
4346            	-1.74965401e-01	-8.95994509e-04	2.63784187e-01	2.97177446e-03	1.17895797e-02
4347            	-1.75003129e-01	-8.88680782e-04	2.63784961e-01	3.01038828e-03	1.19520718e-02
4348            	-1.75049388e-01	-9.27269861e-04	2.64078587e-01	3.04987471e-03	1.21164468e-02
4349            	-1.75095196e-01	-1.01663804e-03	2.64686733e-01	3.08203185e-03	1.22453405e-02
4350            	-1.75134348e-01	-1.11495143e-03	2.65343295e-01	3.10490771e-03	1.23368627e-02
4351            	-1.75164968e-01	-1.17203849e-03	2.65733380e-01	3.11108988e-03	1.23660271e-02
4352            	-1.75187313e-01	-1.19664650e-03	2.65914531e-01	3.10237740e-03	1.23361452e-02
4353            	-1.75198614e-01	-1.20466555e-03	2.65985273e-01	3.07268393e-03	1.22224364e-02
4354            	-1.75196160e-01	-1.24107982e-03	2.66221270e-01	3.02827752e-03	1.20503874e-02
4355            	-1.75181451e-01	-1.32602483e-03	2.66746690e-01	2.97715169e-03	1.18520020e-02
4356            	-1.75153169e-01	-1.44000372e-03	2.67430028e-01	2.93210872e-03	1.16785910e-02
4357            	-1.75117393e-01	-1.56049698e-03	2.68130972e-01	2.89829515e-03	1.15462661e-02
4358            	-1.75078476e-01	-1.65188667e-03	2.68634556e-01	2.88152870e-03	1.14778862e-02
4359            	-1.75039270e-01	-1.68595274e-03	2.68775791e-01	2.88638521e-03	1.14928121e-02
4360            	-1.75002457e-01	-1.64293776e-03	2.68446635e-01	2.91008535e-03	1.15814470e-02
4361            	-1.74972437e-01	-1.50160085e-03	2.67526938e-01	2.94539108e-03	1.17140697e-02
4362            	-1.74952044e-01	-1.31311882e-03	2.66336504e-01	2.97596351e-03	1.18253118e-02
4363            	-1.74941897e-01	-1.11020129e-03	2.65074912e-01	2.98673971e-03	1.18590447e-02
4364            	-1.74947262e-01	-9.66419538e-04	2.64196425e-01	3.00379179e-03	1.19236844e-02
4365            	-1.74972797e-01	-9.01984038e-04	2.63830432e-01	3.03099458e-03	1.20364122e-02
4366            	-1.75014298e-01	-8.96800508e-04	2.63848298e-01	3.06497362e-03	1.21795450e-02
4367            	-1.75061585e-01	-9.48268899e-04	2.64223299e-01	3.09892514e-03	1.23202755e-02
4368            	-1.75105389e-01	-1.04300833e-03	2.64862864e-01	3.12834154e-03	1.24388005e-02
4369            	-1.75141734e-01	-1.13859932e-03	2.65498968e-01	3.14756429e-03	1.25167931e-02
4370            	-1.75169900e-01	-1.19128924e-03	2.65858860e-01	3.14321512e-03	1.25016424e-02
4371            	-1.75189947e-01	-1.21120624e-03	2.66008735e-01	3.11970029e-03	1.24107856e-02
4372            	-1.75197293e-01	-1.21445223e-03	2.66047172e-01	3.07589237e-03	1.22392416e-02
4373            	-1.75190732e-01	-1.25520908e-03	2.66306017e-01	3.01899008e-03	1.20174244e-02
4374            	-1.75170798e-01	-1.35206979e-03	2.66898060e-01	2.95940650e-03	1.17842907e-02
4375            	-1.75139037e-01	-1.48269033e-03	2.67677737e-01	2.90950607e-03	1.15883083e-02
4376            	-1.75101821e-01	-1.60471218e-03	2.68382179e-01	2.87286391e-03	1.14407699e-02
4377            	-1.75062990e-01	-1.68273060e-03	2.68799422e-01	2.85463942e-03	1.13632869e-02
4378            	-1.75024392e-01	-1.68700252e-03	2.68756747e-01	2.86041911e-03	1.13803684e-02
4379            	-1.74988855e-01	-1.59504868e-03	2.68128534e-01	2.88467878e-03	1.14707159e-02
4380            	-1.74962171e-01	-1.43648856e-03	2.67110414e-01	2.91783829e-03	1.15939500e-02
4381            	-1.74944848e-01	-1.24133764e-03	2.65886052e-01	2.94076430e-03	1.16736833e-02
4382            	-1.74940998e-01	-1.06863493e-03	2.64819459e-01	2.95004817e-03	1.17011687e-02
4383            	-1.74954229e-01	-9.32135694e-04	2.63993990e-01	2.96541563e-03	1.17608796e-02
4384            	-1.74986982e-01	-8.87762835e-04	2.63760387e-01	3.00140695e-03	1.19112381e-02
4385            	-1.75033056e-01	-9.21851376e-04	2.64027907e-01	3.04711597e-03	1.21029423e-02
4386            	-1.75081402e-01	-1.00248803e-03	2.64586143e-01	3.08650551e-03	1.22655509e-02
4387            	-1.75123519e-01	-1.09553352e-03	2.65213660e-01	3.11654203e-03	1.23878669e-02
4388            	-1.75156721e-01	-1.16353944e-03	2.65674186e-01	3.13552549e-03	1.24669417e-02
4389            	-1.75181883e-01	-1.19580645e-03	2.65903659e-01	3.13479513e-03	1.24685960e-02
4390            	-1.75197820e-01	-1.21306253e-03	2.66034607e-01	3.11336496e-03	1.23872030e-02
4391            	-1.75200792e-01	-1.23629313e-03	2.66194151e-01	3.07331401e-03	1.22317710e-02
4392            	-1.75189654e-01	-1.29741399e-03	2.66574898e-01	3.01945065e-03	1.20226221e-02
4393            	-1.75164251e-01	-1.39639432e-03	2.67171220e-01	2.96752033e-03	1.18213824e-02
4394            	-1.75129001e-01	-1.51547341e-03	2.67868949e-01	2.92562016e-03	1.16578175e-02
4395            	-1.75090321e-01	-1.61856095e-03	2.68448740e-01	2.89660035e-03	1.15409756e-02
4396            	-1.75050885e-01	-1.67600501e-03	2.68735613e-01	2.88959113e-03	1.15089002e-02
4397            	-1.75013255e-01	-1.65743868e-03	2.68555050e-01	2.90576767e-03	1.15691069e-02
4398            	-1.74980232e-01	-1.55235624e-03	2.67851680e-01	2.93808369e-03	1.16905201e-02
4399            	-1.74956964e-01	-1.38888134e-03	2.66809293e-01	2.96989643e-03	1.18053461e-02
4400            	-1.74942576e-01	-1.17171758e-03	2.65452669e-01	2.97850720e-03	1.18262126e-02
4401            	-1.74943886e-01	-9.90481853e-04	2.64338370e-01	2.97873405e-03	1.18194935e-02
4402            	-1.74963745e-01	-8.92738548e-04	2.63761198e-01	2.99422227e-03	1.18834938e-02
4403            	-1.75000827e-01	-8.81609511e-04	2.63737913e-01	3.03150766e-03	1.20404470e-02
4404            	-1.75047068e-01	-9.23051964e-04	2.64049605e-01	3.07065129e-03	1.22033297e-02
4405            	-1.75093084e-01	-1.00942175e-03	2.64639260e-01	3.09996069e-03	1.23207030e-02
4406            	-1.75132407e-01	-1.10288486e-03	2.65265621e-01	3.11832167e-03	1.23934316e-02
4407            	-1.75162830e-01	-1.15909954e-03	2.65649750e-01	3.12197895e-03	1.24115602e-02
4408            	-1.75184881e-01	-1.18540728e-03	2.65840532e-01	3.11037770e-03	1.23694842e-02
4409            	-1.75196457e-01	-1.19788695e-03	2.65938849e-01	3.07827387e-03	1.22449647e-02
4410            	-1.75194412e-01	-1.23440843e-03	2.66175673e-01	3.02898297e-03	1.20519438e-02
4411            	-1.75179951e-01	-1.31590296e-03	2.66679655e-01	2.97025068e-03	1.18216523e-02
4412            	-1.75151864e-01	-1.42479234e-03	2.67332151e-01	2.91724305e-03	1.16155139e-02
4413            	-1.75116192e-01	-1.54603217e-03	2.68039138e-01	2.87815850e-03	1.14617005e-02
4414            	-1.75077725e-01	-1.64353585e-03	2.68582148e-01	2.85746545e-03	1.13774271e-02
4415            	-1.75039483e-01	-1.68306861e-03	2.68759195e-01	2.85994642e-03	1.13833186e-02
4416            	-1.75003852e-01	-1.64628027e-03	2.68470496e-01	2.88217443e-03	1.14667420e-02
4417            	-1.74974407e-01	-1.51685577e-03	2.67624274e-01	2.91982444e-03	1.16082614e-02
4418            	-1.74954768e-01	-1.33362021e-03	2.66466701e-01	2.95257316e-03	1.17275655e-02
4419            	-1.74944898e-01	-1.12420292e-03	2.65165626e-01	2.96260876e-03	1.17579347e-02
4420            	-1.74950250e-01	-9.75698393e-04	2.64259320e-01	2.97821997e-03	1.18168055e-02
4421            	-1.74975091e-01	-9.11372874e-04	2.63894131e-01	3.00742280e-03	1.19380811e-02
4422            	-1.75015941e-01	-9.04016751e-04	2.63897676e-01	3.04598867e-03	1.21002000e-02
4423            	-1.75062796e-01	-9.48217815e-04	2.64226452e-01	3.08457304e-03	1.22604457e-02
4424            	-1.75106160e-01	-1.04046354e-03	2.64849442e-01	3.11939851e-03	1.24014754e-02
4425            	-1.75141790e-01	-1.14027485e-03	2.65510840e-01	3.14519044e-03	1.25063083e-02
4426            	-1.75168877e-01	-1.19635903e-03	2.65890039e-01	3.14870639e-03	1.25241974e-02
4427            	-1.75188043e-01	-1.21593274e-03	2.66035853e-01	3.13335547e-03	1.24674408e-02
4428            	-1.75195215e-01	-1.21555670e-03	2.66050204e-01	3.09531777e-03	1.23201954e-02
4429            	-1.75189058e-01	-1.25165163e-03	2.66279858e-01	3.04181748e-03	1.21123429e-02
4430            	-1.75170468e-01	-1.34212494e-03	2.66834294e-01	2.98391917e-03	1.18867102e-02
4431            	-1.75139735e-01	-1.47287826e-03	2.67617089e-01	2.93500992e-03	1.16949241e-02
4432            	-1.75103574e-01	-1.59851384e-03	2.68346696e-01	2.89805903e-03	1.15463304e-02
4433            	-1.75065745e-01	-1.67887492e-03	2.68780848e-01	2.87844739e-03	1.14637284e-02
4434            	-1.75028092e-01	-1.69008163e-03	2.68782120e-01	2.88229335e-03	1.14730665e-02
4435            	-1.74993169e-01	-1.60694582e-03	2.68208743e-01	2.90395215e-03	1.15528528e-02
4436            	-1.74966420e-01	-1.44951486e-03	2.67196749e-01	2.93519642e-03	1.16682392e-02
4437            	-1.74948512e-01	-1.25508599e-03	2.65975421e-01	2.95740110e-03	1.17449566e-02
4438            	-1.74942815e-01	-1.07917291e-03	2.64886749e-01	2.96449733e-03	1.17628116e-02
4439            	-1.74953490e-01	-9.40053989e-04	2.64041797e-01	2.97691252e-03	1.18089460e-02
4440            	-1.74983898e-01	-8.85165732e-04	2.63739838e-01	3.00497669e-03	1.19259731e-02
4441            	-1.75028194e-01	-9.06847380e-04	2.63927761e-01	3.04238301e-03	1.20837786e-02
4442            	-1.75075542e-01	-9.82351646e-04	2.64452368e-01	3.07712333e-03	1.22272840e-02
4443            	-1.75117385e-01	-1.07718774e-03	2.65090351e-01	3.10430085e-03	1.23371784e-02
4444            	-1.75150985e-01	-1.15148077e-03	2.65590179e-01	3.12170891e-03	1.24088542e-02
4445            	-1.75177061e-01	-1.18860243e-03	2.65850961e-01	3.11829655e-03	1.23984927e-02
4446            	-1.75194737e-01	-1.20781498e-03	2.65995800e-01	3.09543747e-03	1.23108511e-02
4447            	-1.75199865e-01	-1.22705267e-03	2.66133291e-01	3.05510574e-03	1.21542334e-02
4448            	-1.75190928e-01	-1.28484770e-03	2.66496374e-01	3.00241265e-03	1.19502432e-02
4449            	-1.75167879e-01	-1.38509597e-03	2.67104550e-01	2.95082692e-03	1.17505072e-02
4450            	-1.75134515e-01	-1.50985256e-03	2.67841725e-01	2.90949466e-03	1.15892210e-02
4451            	-1.75097050e-01	-1.62007048e-03	2.68468818e-01	2.88110469e-03	1.14749306e-02
4452            	-1.75058380e-01	-1.68180220e-03	2.68783735e-01	2.87308334e-03	1.14389646e-02
4453            	-1.75020626e-01	-1.66967340e-03	2.68642389e-01	2.88902153e-03	1.14980368e-02
4454            	-1.74986699e-01	-1.56294107e-03	2.67927058e-01	2.92137682e-03	1.16209471e-02
4455            	-1.74961644e-01	-1.40332115e-03	2.66906049e-01	2.95609587e-03	1.17486735e-02
4456            	-1.74945277e-01	-1.19310475e-03	2.65589446e-01	2.97211502e-03	1.17998117e-02
4457            	-1.74943947e-01	-1.01160100e-03	2.64469591e-01	2.97828204e-03	1.18169132e-02
4458            	-1.74960946e-01	-8.99206069e-04	2.63797363e-01	2.99651997e-03	1.18922834e-02
4459            	-1.74995900e-01	-8.82368944e-04	2.63736065e-01	3.03719302e-03	1.20636413e-02
4460            	-1.75041507e-01	-9.26385590e-04	2.64063434e-01	3.08042866e-03	1.22438141e-02
4461            	-1.75087786e-01	-1.01240912e-03	2.64651634e-01	3.11255616e-03	1.23735107e-02
4462            	-1.75127758e-01	-1.10325487e-03	2.65262534e-01	3.13268566e-03	1.24537586e-02
4463            	-1.75159085e-01	-1.15941278e-03	2.65647447e-01	3.13851418e-03	1.24802524e-02
4464            	-1.75182410e-01	-1.18597030e-03	2.65841069e-01	3.12833229e-03	1.24440049e-02
4465            	-1.75195664e-01	-1.19936424e-03	2.65946959e-01	3.09857856e-03	1.23291691e-02
4466            	-1.75195462e-01	-1.23401794e-03	2.66174531e-01	3.05070320e-03	1.21421193e-02
4467            	-1.75182251e-01	-1.31163393e-03	2.66656048e-01	2.99174459e-03	1.19108063e-02
4468            	-1.75155058e-01	-1.41806137e-03	2.67295090e-01	2.93773528e-03	1.17004912e-02
4469            	-1.75119484e-01	-1.53957550e-03	2.68004839e-01	2.89698814e-03	1.15399974e-02
4470            	-1.75080735e-01	-1.63868316e-03	2.68557633e-01	2.87210833e-03	1.14387686e-02
4471            	-1.75041607e-01	-1.68005167e-03	2.68745004e-01	2.86806707e-03	1.14182718e-02
4472            	-1.75004452e-01	-1.64910208e-03	2.68489343e-01	2.88715480e-03	1.14887599e-02
4473            	-1.74973018e-01	-1.52835622e-03	2.67693188e-01	2.92044701e-03	1.16120368e-02
4474            	-1.74951733e-01	-1.34851386e-03	2.66553598e-01	2.94894711e-03	1.17129749e-02
4475            	-1.74940475e-01	-1.13175517e-03	2.65204749e-01	2.95312872e-03	1.17183410e-02
4476            	-1.74945017e-01	-9.71876779e-04	2.64227092e-01	2.96240844e-03	1.17510416e-02
4477            	-1.74969229e-01	-9.03913573e-04	2.63839112e-01	2.98981524e-03	1.18649791e-02
4478            	-1.75010097e-01	-8.99079965e-04	2.63858799e-01	3.02983822e-03	1.20329831e-02
4479            	-1.75057875e-01	-9.42331487e-04	2.64183195e-01	3.06928915e-03	1.21968429e-02
4480            	-1.75103233e-01	-1.03481131e-03	2.64810549e-01	3.10387442e-03	1.23361695e-02
4481            	-1.75141007e-01	-1.13557759e-03	2.65480980e-01	3.12938360e-03	1.24392594e-02
4482            	-1.75170104e-01	-1.19262465e-03	2.65868840e-01	3.13409721e-03	1.24625387e-02
4483            	-1.75190917e-01	-1.21405368e-03	2.66028370e-01	3.12124266e-03	1.24159657e-02
4484            	-1.75199596e-01	-1.21586674e-03	2.66057852e-01	3.08550911e-03	1.22778858e-02
4485            	-1.75194316e-01	-1.25085111e-03	2.66281319e-01	3.03346094e-03	1.20755973e-02
4486            	-1.75176329e-01	-1.33736057e-03	2.66811937e-01	2.97761349e-03	1.18584733e-02
4487            	-1.75145360e-01	-1.46346384e-03	2.67565958e-01	2.93122100e-03	1.16779452e-02
4488            	-1.75108316e-01	-1.59051147e-03	2.68303858e-01	2.89745256e-03	1.15433653e-02
4489            	-1.75069166e-01	-1.67307815e-03	2.68750312e-01	2.88094542e-03	1.14745034e-02
4490            	-1.75030280e-01	-1.68883818e-03	2.68777780e-01	2.88596897e-03	1.14892974e-02
4491            	-1.74994375e-01	-1.61535822e-03	2.68262255e-01	2.90863487e-03	1.15734813e-02
4492            	-1.74966899e-01	-1.46127150e-03	2.67269454e-01	2.94140743e-03	1.16955145e-02
4493            	-1.74948958e-01	-1.26875131e-03	2.66059554e-01	2.96670056e-03	1.17853320e-02
4494            	-1.74942736e-01	-1.08926380e-03	2.64948557e-01	2.97522640e-03	1.18092790e-02
4495            	-1.74952679e-01	-9.51366453e-04	2.64110897e-01	2.98878082e-03	1.18594297e-02
4496            	-1.74982589e-01	-8.92419996e-04	2.63783705e-01	3.01458722e-03	1.19663286e-02
4497            	-1.75026831e-01	-9.03207597e-04	2.63904383e-01	3.04919758e-03	1.21125589e-02
4498            	-1.75074514e-01	-9.72409449e-04	2.64390455e-01	3.08447508e-03	1.22586301e-02
4499            	-1.75116755e-01	-1.06813910e-03	2.65034388e-01	3.11380313e-03	1.23775460e-02
4500            	-1.75150514e-01	-1.14915298e-03	2.65575896e-01	3.13318337e-03	1.24572887e-02
4501            	-1.75176273e-01	-1.19033471e-03	2.65861060e-01	3.12950355e-03	1.24453060e-02
4502            	-1.75193557e-01	-1.20864625e-03	2.65998724e-01	3.10576230e-03	1.23535644e-02
4503            	-1.75198064e-01	-1.22179511e-03	2.66096668e-01	3.06327152e-03	1.21876917e-02
4504            	-1.75188472e-01	-1.27693126e-03	2.66441584e-01	3.00829279e-03	1.19736891e-02
4505            	-1.75165346e-01	-1.37539355e-03	2.67038633e-01	2.95210853e-03	1.17552172e-02
4506            	-1.75131975e-01	-1.49898729e-03	2.67769945e-01	2.90626368e-03	1.15761063e-02
4507            	-1.75094440e-01	-1.61372630e-03	2.68425981e-01	2.87495797e-03	1.14498773e-02
4508            	-1.75056089e-01	-1.68149340e-03	2.68778941e-01	2.86406456e-03	1.14019117e-02
4509            	-1.75018798e-01	-1.67503719e-03	2.68672952e-01	2.87782377e-03	1.14516927e-02
4510            	-1.74985520e-01	-1.57046983e-03	2.67971658e-01	2.90904778e-03	1.15703593e-02
4511            	-1.74961624e-01	-1.41193761e-03	2.66959290e-01	2.94384345e-03	1.16992987e-02
4512            	-1.74946497e-01	-1.21052638e-03	2.65699356e-01	2.96336521e-03	1.17648555e-02
4513            	-1.74945564e-01	-1.03352311e-03	2.64608358e-01	2.97129503e-03	1.17879515e-02
4514            	-1.74962238e-01	-9.08994703e-04	2.63860773e-01	2.98698440e-03	1.18514986e-02
4515            	-1.74997006e-01	-8.83365315e-04	2.63745373e-01	3.02500574e-03	1.20114229e-02
4516            	-1.75042840e-01	-9.27592168e-04	2.64074986e-01	3.06853321e-03	1.21932605e-02
4517            	-1.75089412e-01	-1.01422365e-03	2.64667622e-01	3.10268896e-03	1.23324218e-02
4518            	-1.75129235e-01	-1.10661247e-03	2.65287624e-01	3.12615271e-03	1.24268171e-02
4519            	-1.75160141e-01	-1.16535201e-03	2.65687496e-01	3.13639131e-03	1.24707220e-02
4520            	-1.75182891e-01	-1.19130905e-03	2.65875511e-01	3.12973575e-03	1.24489010e-02
4521            	-1.75195940e-01	-1.20333991e-03	2.65971701e-01	3.10356946e-03	1.23489043e-02
4522            	-1.75196121e-01	-1.23433544e-03	2.66176569e-01	3.05898736e-03	1.21755402e-02
4523            	-1.75183573e-01	-1.30694707e-03	2.66627593e-01	3.00173387e-03	1.19515237e-02
4524            	-1.75157347e-01	-1.41385095e-03	2.67271421e-01	2.94811169e-03	1.17423743e-02
4525            	-1.75122681e-01	-1.53050686e-03	2.67953337e-01	2.90559209e-03	1.15756638e-02
4526            	-1.75085062e-01	-1.62948634e-03	2.68507516e-01	2.87800206e-03	1.14641039e-02
4527            	-1.75046761e-01	-1.67847604e-03	2.68743362e-01	2.87365283e-03	1.14420378e-02
4528            	-1.75010282e-01	-1.65549901e-03	2.68537558e-01	2.89301509e-03	1.15136034e-02
4529            	-1.74979076e-01	-1.53911660e-03	2.67768857e-01	2.92408504e-03	1.16284777e-02
4530            	-1.74957548e-01	-1.36199505e-03	2.66645522e-01	2.95302820e-03	1.17314073e-02
4531            	-1.74944902e-01	-1.14007268e-03	2.65262140e-01	2.95885767e-03	1.17429896e-02
4532            	-1.74947656e-01	-9.72891999e-04	2.64236223e-01	2.96715585e-03	1.17712668e-02
4533            	-1.74969251e-01	-9.01322623e-04	2.63822343e-01	2.99314478e-03	1.18790178e-02
4534            	-1.75007550e-01	-8.95377151e-04	2.63831950e-01	3.03207220e-03	1.20424714e-02
4535            	-1.75053395e-01	-9.33449107e-04	2.64121679e-01	3.06946998e-03	1.21980521e-02
4536            	-1.75097876e-01	-1.02210292e-03	2.64723777e-01	3.10116927e-03	1.23251532e-02
4537            	-1.75135352e-01	-1.12009892e-03	2.65376139e-01	3.12431787e-03	1.24181206e-02
4538            	-1.75164533e-01	-1.17764941e-03	2.65767032e-01	3.12886639e-03	1.24406053e-02
4539            	-1.75185761e-01	-1.20251108e-03	2.65948396e-01	3.11761226e-03	1.24002010e-02
4540            	-1.75195676e-01	-1.20754120e-03	2.65999204e-01	3.08360618e-03	1.22690130e-02
4541            	-1.75192126e-01	-1.24375955e-03	2.66232782e-01	3.03336959e-03	1.20735475e-02
4542            	-1.75176376e-01	-1.32919457e-03	2.66760076e-01	2.97822131e-03	1.18589771e-02
4543            	-1.75147462e-01	-1.45061408e-03	2.67488578e-01	2.93109435e-03	1.16761260e-02
4544            	-1.75111828e-01	-1.57730819e-03	2.68227256e-01	2.89571026e-03	1.15360013e-02
4545            	-1.75073726e-01	-1.66539818e-03	2.68710467e-01	2.87778074e-03	1.14619178e-02
4546            	-1.75035741e-01	-1.69163297e-03	2.68804396e-01	2.88143882e-03	1.14710411e-02
4547            	-1.75000153e-01	-1.63227258e-03	2.68376241e-01	2.90324402e-03	1.15513489e-02
4548            	-1.74971956e-01	-1.48217177e-03	2.67406203e-01	2.93528953e-03	1.16703285e-02
4549            	-1.74952921e-01	-1.28873385e-03	2.66188297e-01	2.96153095e-03	1.17641294e-02
4550            	-1.74944517e-01	-1.09841297e-03	2.65007321e-01	2.97002807e-03	1.17883623e-02
4551            	-1.74951720e-01	-9.60933748e-04	2.64169191e-01	2.98604178e-03	1.18485141e-02
4552            	-1.74979063e-01	-8.99798978e-04	2.63825270e-01	3.01298511e-03	1.19599033e-02
4553            	-1.75021698e-01	-8.99679759e-04	2.63875974e-01	3.04736761e-03	1.21051109e-02
4554            	-1.75069110e-01	-9.60696247e-04	2.64310762e-01	3.08320142e-03	1.22537201e-02
4555            	-1.75112134e-01	-1.05720004e-03	2.64960489e-01	3.11402786e-03	1.23786411e-02
4556            	-1.75147261e-01	-1.14685129e-03	2.65557796e-01	3.13507829e-03	1.24648668e-02
4557            	-1.75174398e-01	-1.19373936e-03	2.65880277e-01	3.13201847e-03	1.24551692e-02
4558            	-1.75193258e-01	-1.21203794e-03	2.66019244e-01	3.10904337e-03	1.23666347e-02
4559            	-1.75199287e-01	-1.21851251e-03	2.66077046e-01	3.06670179e-03	1.22015378e-02
4560            	-1.75191431e-01	-1.26494485e-03	2.66370085e-01	3.01214872e-03	1.19900072e-02
4561            	-1.75170027e-01	-1.36406060e-03	2.66974129e-01	2.95683088e-03	1.17748903e-02
4562            	-1.75137373e-01	-1.49691714e-03	2.67764835e-01	2.91215440e-03	1.15997082e-02
4563            	-1.75099748e-01	-1.61472629e-03	2.68440804e-01	2.87974501e-03	1.14692590e-02
4564            	-1.75060846e-01	-1.68347745e-03	2.68799567e-01	2.86557340e-03	1.14086116e-02
4565            	-1.75022258e-01	-1.67927050e-03	2.68705030e-01	2.87657115e-03	1.14474975e-02
4566            	-1.74986943e-01	-1.57987390e-03	2.68031962e-01	2.90596531e-03	1.15588506e-02
4567            	-1.74960749e-01	-1.42240636e-03	2.67021996e-01	2.94075366e-03	1.16881057e-02
4568            	-1.74943608e-01	-1.22555526e-03	2.65787237e-01	2.96228677e-03	1.17617636e-02
4569            	-1.74940638e-01	-1.04982601e-03	2.64701828e-01	2.97004802e-03	1.17833893e-02
4570            	-1.74955476e-01	-9.14052294e-04	2.63882334e-01	2.98313112e-03	1.18352489e-02
4571            	-1.74989454e-01	-8.79030541e-04	2.63708014e-01	3.01957602e-03	1.19881450e-02
4572            	-1.75035712e-01	-9.21350344e-04	2.64026656e-01	3.06486388e-03	1.21775167e-02
4573            	-1.75083458e-01	-1.00741264e-03	2.64617629e-01	3.10142697e-03	1.23273727e-02
4574            	-1.75124843e-01	-1.10128376e-03	2.65249180e-01	3.12699910e-03	1.24306698e-02
4575            	-1.75157469e-01	-1.16368967e-03	2.65674220e-01	3.13960811e-03	1.24837343e-02
4576            	-1.75182164e-01	-1.19179903e-03	2.65877807e-01	3.13383093e-03	1.24650665e-02
4577            	-1.75197392e-01	-1.20623538e-03	2.65991445e-01	3.10824789e-03	1.23669943e-02
4578            	-1.75199560e-01	-1.23500531e-03	2.66185065e-01	3.06447311e-03	1.21965661e-02
4579            	-1.75188008e-01	-1.30327867e-03	2.66610366e-01	3.00724498e-03	1.19727647e-02
4580            	-1.75162059e-01	-1.40568396e-03	2.67227009e-01	2.95301595e-03	1.17616002e-02
4581            	-1.75126709e-01	-1.52448870e-03	2.67921703e-01	2.90942044e-03	1.15906474e-02
4582            	-1.75088191e-01	-1.62533039e-03	2.68486622e-01	2.87969842e-03	1.14706056e-02
4583            	-1.75048962e-01	-1.67815916e-03	2.68745144e-01	2.87380712e-03	1.14426284e-02
4584            	-1.75011469e-01	-1.65702138e-03	2.68548961e-01	2.89290814e-03	1.15139502e-02
4585            	-1.74979038e-01	-1.54669395e-03	2.67815439e-01	2.92358912e-03	1.16279178e-02
4586            	-1.74956659e-01	-1.37536826e-03	2.66726342e-01	2.95286922e-03	1.17319772e-02
4587            	-1.74943335e-01	-1.15301894e-03	2.65339039e-01	2.95926569e-03	1.17449488e-02
4588            	-1.74946072e-01	-9.78028045e-04	2.64265060e-01	2.96392752e-03	1.17577038e-02
4589            	-1.74967704e-01	-8.97683396e-04	2.63797718e-01	2.98588028e-03	1.18487354e-02
4590            	-1.75006277e-01	-8.91719865e-04	2.63808366e-01	3.02417681e-03	1.20097547e-02
4591            	-1.75052870e-01	-9.30533719e-04	2.64104062e-01	3.06279753e-03	1.21704618e-02
4592            	-1.75098400e-01	-1.01843077e-03	2.64702683e-01	3.09492370e-03	1.22992969e-02
4593            	-1.75136763e-01	-1.11496722e-03	2.65346930e-01	3.11836006e-03	1.23933134e-02
4594            	-1.75166212e-01	-1.17089869e-03	2.65727929e-01	3.12429764e-03	1.24216427e-02
4595            	-1.75187134e-01	-1.19546627e-03	2.65906789e-01	3.11451571e-03	1.23873340e-02
4596            	-1.75196776e-01	-1.20314720e-03	2.65973177e-01	3.08255136e-03	1.22641945e-02
4597            	-1.75192764e-01	-1.23964736e-03	2.66207508e-01	3.03443937e-03	1.20766516e-02
4598            	-1.75176652e-01	-1.32361442e-03	2.66724653e-01	2.97953724e-03	1.18626069e-02
4599            	-1.75147236e-01	-1.43865147e-03	2.67412792e-01	2.93075972e-03	1.16735736e-02
4600            	-1.75110714e-01	-1.56068725e-03	2.68122025e-01	2.89427572e-03	1.15299897e-02
4601            	-1.75071840e-01	-1.65233786e-03	2.68627131e-01	2.87624374e-03	1.14562436e-02
4602            	-1.75033599e-01	-1.68502514e-03	2.68761413e-01	2.87955730e-03	1.14647899e-02
4603            	-1.74998205e-01	-1.63803041e-03	2.68409973e-01	2.90326164e-03	1.15533012e-02
4604            	-1.74969989e-01	-1.49844408e-03	2.67503728e-01	2.93988762e-03	1.16906394e-02
4605            	-1.74951577e-01	-1.31109813e-03	2.66323665e-01	2.96944384e-03	1.17974172e-02
4606            	-1.74943587e-01	-1.11123182e-03	2.65084689e-01	2.97696366e-03	1.18175195e-02
4607            	-1.74950877e-01	-9.68665114e-04	2.64216690e-01	2.99099407e-03	1.18695825e-02
4608            	-1.74978013e-01	-9.04935014e-04	2.63857255e-01	3.01682301e-03	1.19764840e-02
4609            	-1.75020413e-01	-9.00195550e-04	2.63878794e-01	3.05148031e-03	1.21225200e-02
4610            	-1.75067875e-01	-9.53743703e-04	2.64266737e-01	3.08686605e-03	1.22692087e-02
4611            	-1.75111136e-01	-1.04963272e-03	2.64912611e-01	3.11795070e-03	1.23947799e-02
4612            	-1.75146425e-01	-1.14422796e-03	2.65540953e-01	3.13911206e-03	1.24810349e-02
4613            	-1.75173256e-01	-1.19555531e-03	2.65890431e-01	3.13668780e-03	1.24740480e-02
4614            	-1.75191877e-01	-1.21429909e-03	2.66030926e-01	3.11554962e-03	1.23933403e-02
4615            	-1.75197953e-01	-1.21644441e-03	2.66060729e-01	3.07445965e-03	1.22334481e-02
4616            	-1.75190667e-01	-1.25670066e-03	2.66315514e-01	3.02017797e-03	1.20227667e-02
4617            	-1.75170537e-01	-1.35201117e-03	2.66897863e-01	2.96240793e-03	1.17975456e-02
4618            	-1.75138934e-01	-1.48657773e-03	2.67701838e-01	2.91429215e-03	1.16083163e-02
4619            	-1.75102267e-01	-1.60905426e-03	2.68409584e-01	2.87864577e-03	1.14647111e-02
4620            	-1.75064342e-01	-1.68476007e-03	2.68813798e-01	2.86107768e-03	1.13901331e-02
4621            	-1.75026728e-01	-1.68556758e-03	2.68751394e-01	2.86817260e-03	1.14130390e-02
4622            	-1.74992251e-01	-1.59179812e-03	2.68113743e-01	2.89425147e-03	1.15110761e-02
4623            	-1.74966320e-01	-1.43513021e-03	2.67108592e-01	2.92889960e-03	1.16402364e-02
4624            	-1.74949201e-01	-1.24173417e-03	2.65895326e-01	2.95225913e-03	1.17214253e-02
4625            	-1.74945069e-01	-1.06789992e-03	2.64820916e-01	2.96085755e-03	1.17459760e-02
4626            	-1.74957733e-01	-9.28670339e-04	2.63977366e-01	2.97440932e-03	1.17984190e-02
4627            	-1.74989385e-01	-8.82938566e-04	2.63733335e-01	3.00851536e-03	1.19411651e-02
4628            	-1.75033823e-01	-9.16452505e-04	2.63994539e-01	3.05187322e-03	1.21230866e-02
4629            	-1.75080254e-01	-9.97346336e-04	2.64551278e-01	3.08841486e-03	1.22737127e-02
4630            	-1.75120627e-01	-1.08983378e-03	2.65172605e-01	3.11558110e-03	1.23839165e-02
4631            	-1.75152439e-01	-1.15620283e-03	2.65620928e-01	3.13215961e-03	1.24528858e-02
4632            	-1.75176798e-01	-1.18735633e-03	2.65842448e-01	3.13039178e-03	1.24502931e-02
4633            	-1.75192475e-01	-1.20441607e-03	2.65972174e-01	3.10915095e-03	1.23698128e-02
4634            	-1.75195775e-01	-1.22985863e-03	2.66146284e-01	3.07005653e-03	1.22184313e-02
4635            	-1.75185458e-01	-1.29648215e-03	2.66562727e-01	3.01732304e-03	1.20130870e-02
4636            	-1.75161251e-01	-1.39516062e-03	2.67159214e-01	2.96548871e-03	1.18127199e-02
4637            	-1.75127387e-01	-1.51516393e-03	2.67864674e-01	2.92350463e-03	1.16490409e-02
4638            	-1.75089931e-01	-1.62065979e-03	2.68461085e-01	2.89456847e-03	1.15322950e-02
4639            	-1.75051599e-01	-1.68005431e-03	2.68761899e-01	2.88751329e-03	1.14995279e-02
4640            	-1.75014910e-01	-1.66448734e-03	2.68601294e-01	2.90420417e-03	1.15610408e-02
4641            	-1.74982633e-01	-1.55798000e-03	2.67890969e-01	2.93302221e-03	1.16680374e-02
4642            	-1.74959586e-01	-1.39148469e-03	2.66830319e-01	2.96199238e-03	1.17712543e-02
4643            	-1.74944771e-01	-1.17171307e-03	2.65456508e-01	2.97045763e-03	1.17918892e-02
4644            	-1.74945419e-01	-9.90859122e-04	2.64343158e-01	2.97343443e-03	1.17968809e-02
4645            	-1.74964599e-01	-8.96239362e-04	2.63784162e-01	2.99161279e-03	1.18721935e-02
4646            	-1.75001249e-01	-8.86503323e-04	2.63768972e-01	3.02918310e-03	1.20304184e-02
4647            	-1.75047097e-01	-9.27075615e-04	2.64074697e-01	3.06784430e-03	1.21914736e-02
4648            	-1.75092915e-01	-1.01287562e-03	2.64660515e-01	3.09723505e-03	1.23092319e-02
4649            	-1.75132273e-01	-1.10596931e-03	2.65284634e-01	3.11645591e-03	1.23856613e-02
4650            	-1.75163004e-01	-1.16129621e-03	2.65663650e-01	3.12031041e-03	1.24048309e-02
4651            	-1.75185501e-01	-1.18713575e-03	2.65852397e-01	3.10860963e-03	1.23624206e-02
4652            	-1.75197438e-01	-1.19909547e-03	2.65948282e-01	3.07641995e-03	1.22377175e-02
4653            	-1.75195783e-01	-1.23604260e-03	2.66188576e-01	3.02818470e-03	1.20491866e-02
4654            	-1.75181642e-01	-1.31804350e-03	2.66696174e-01	2.97194807e-03	1.18294695e-02
4655            	-1.75153693e-01	-1.42809416e-03	2.67355877e-01	2.92134443e-03	1.16332617e-02
4656            	-1.75117816e-01	-1.54918382e-03	2.68061328e-01	2.88408596e-03	1.14868872e-02
4657            	-1.75078691e-01	-1.64550315e-03	2.68595951e-01	2.86478654e-03	1.14082650e-02
4658            	-1.75039534e-01	-1.68452332e-03	2.68768405e-01	2.86718557e-03	1.14135269e-02
4659            	-1.75002778e-01	-1.64962231e-03	2.68489388e-01	2.88923041e-03	1.14953706e-02
4660            	-1.74972254e-01	-1.51393014e-03	2.67603089e-01	2.92361373e-03	1.16238004e-02
4661            	-1.74951472e-01	-1.32673192e-03	2.66419461e-01	2.95357790e-03	1.17319120e-02
4662            	-1.74940727e-01	-1.11784172e-03	2.65120174e-01	2.96275071e-03	1.17586976e-02
4663            	-1.74945508e-01	-9.71800069e-04	2.64227894e-01	2.97907748e-03	1.18202767e-02
4664            	-1.74970519e-01	-9.08892992e-04	2.63871451e-01	3.00831312e-03	1.19415193e-02
4665            	-1.75011966e-01	-9.02271930e-04	2.63880480e-01	3.04661558e-03	1.21025541e-02
4666            	-1.75059642e-01	-9.47898169e-04	2.64219547e-01	3.08551026e-03	1.22639908e-02
4667            	-1.75103867e-01	-1.04045457e-03	2.64845929e-01	3.12157250e-03	1.24102270e-02
4668            	-1.75140556e-01	-1.13888746e-03	2.65500203e-01	3.14862911e-03	1.25205768e-02
4669            	-1.75168781e-01	-1.19480221e-03	2.65880022e-01	3.15216646e-03	1.25384203e-02
4670            	-1.75189003e-01	-1.21565789e-03	2.66035449e-01	3.13597046e-03	1.24780790e-02
4671            	-1.75196910e-01	-1.21674446e-03	2.66060396e-01	3.09700243e-03	1.23268844e-02
4672            	-1.75191036e-01	-1.25327388e-03	2.66293409e-01	3.04284253e-03	1.21164472e-02
4673            	-1.75172075e-01	-1.34428110e-03	2.66850615e-01	2.98404484e-03	1.18870603e-02
4674            	-1.75140676e-01	-1.47625604e-03	2.67639609e-01	2.93449301e-03	1.16923821e-02
4675            	-1.75103672e-01	-1.60161989e-03	2.68365912e-01	2.89730196e-03	1.15426571e-02
4676            	-1.75065082e-01	-1.68208590e-03	2.68799405e-01	2.87766744e-03	1.14597904e-02
4677            	-1.75026756e-01	-1.69092288e-03	2.68785173e-01	2.88218430e-03	1.14720043e-02
4678            	-1.74991467e-01	-1.60423090e-03	2.68189345e-01	2.90436735e-03	1.15540826e-02
4679            	-1.74964675e-01	-1.44573583e-03	2.67170861e-01	2.93479446e-03	1.16660897e-02
4680            	-1.74947257e-01	-1.25090080e-03	2.65947894e-01	2.95477569e-03	1.17335050e-02
4681            	-1.74942584e-01	-1.07616714e-03	2.64867980e-01	2.95980713e-03	1.17427871e-02
4682            	-1.74954721e-01	-9.37487953e-04	2.64027786e-01	2.97026907e-03	1.17809951e-02
4683            	-1.74986402e-01	-8.84735268e-04	2.63740831e-01	2.99762883e-03	1.18952005e-02
4684            	-1.75031663e-01	-9.08877388e-04	2.63945376e-01	3.03462509e-03	1.20511873e-02
4685            	-1.75079488e-01	-9.85096291e-04	2.64475087e-01	3.06900659e-03	1.21932219e-02
4686            	-1.75121384e-01	-1.07817433e-03	2.65102150e-01	3.09656898e-03	1.23049470e-02
4687            	-1.75154424e-01	-1.14965781e-03	2.65583695e-01	3.11519577e-03	1.23818890e-02
4688            	-1.75179489e-01	-1.18409678e-03	2.65826159e-01	3.11431149e-03	1.23824534e-02
4689            	-1.75195735e-01	-1.20279834e-03	2.65965925e-01	3.09355392e-03	1.23036614e-02
4690            	-1.75199243e-01	-1.22312894e-03	2.66107861e-01	3.05455492e-03	1.21525430e-02
4691            	-1.75188736e-01	-1.28146920e-03	2.66472026e-01	3.00210861e-03	1.19493429e-02
4692            	-1.75164129e-01	-1.38091984e-03	2.67072798e-01	2.95063129e-03	1.17499130e-02
4693            	-1.75129442e-01	-1.50495790e-03	2.67803275e-01	2.90920613e-03	1.15881682e-02
4694            	-1.75091030e-01	-1.61464258e-03	2.68425485e-01	2.88139291e-03	1.14762870e-02
4695            	-1.75051889e-01	-1.67698519e-03	2.68743666e-01	2.87484087e-03	1.14463999e-02
4696            	-1.75014483e-01	-1.66465377e-03	2.68601905e-01	2.89317134e-03	1.15154639e-02
4697            	-1.74981454e-01	-1.56080042e-03	2.67906249e-01	2.92778624e-03	1.16474574e-02
4698            	-1.74957835e-01	-1.40249801e-03	2.66895615e-01	2.96490642e-03	1.17848616e-02
4699            	-1.74942941e-01	-1.19265611e-03	2.65583640e-01	2.98229664e-03	1.18416779e-02
4700            	-1.74943321e-01	-1.01159887e-03	2.64469203e-01	2.98933868e-03	1.18626083e-02
4701            	-1.74962019e-01	-9.02471679e-04	2.63819940e-01	3.00754304e-03	1.19378462e-02
4702            	-1.74998409e-01	-8.87389075e-04	2.63771602e-01	3.04690694e-03	1.21035987e-02
4703            	-1.75044536e-01	-9.30584375e-04	2.64094320e-01	3.08821596e-03	1.22757445e-02
4704            	-1.75090582e-01	-1.01459248e-03	2.64669273e-01	3.11842914e-03	1.23974703e-02
4705            	-1.75129806e-01	-1.10376584e-03	2.65268501e-01	3.13723483e-03	1.24723580e-02
4706            	-1.75160164e-01	-1.15782406e-03	2.65638773e-01	3.14226766e-03	1.24960518e-02
4707            	-1.75182579e-01	-1.18416070e-03	2.65829792e-01	3.13151760e-03	1.24575981e-02
4708            	-1.75194950e-01	-1.19792424e-03	2.65936728e-01	3.10077321e-03	1.23386724e-02
4709            	-1.75194051e-01	-1.23298059e-03	2.66165805e-01	3.05156573e-03	1.21460321e-02
4710            	-1.75180610e-01	-1.31053416e-03	2.66646545e-01	2.99128008e-03	1.19092456e-02
4711            	-1.75153570e-01	-1.41689133e-03	2.67285197e-01	2.93513614e-03	1.16900956e-02
4712            	-1.75118574e-01	-1.53919562e-03	2.68000532e-01	2.89176889e-03	1.15185268e-02
4713            	-1.75080595e-01	-1.63889348e-03	2.68558325e-01	2.86468457e-03	1.14078458e-02
4714            	-1.75042522e-01	-1.68186882e-03	2.68757263e-01	2.85986905e-03	1.13834812e-02
4715            	-1.75006622e-01	-1.65280645e-03	2.68515437e-01	2.87689688e-03	1.14448071e-02
4716            	-1.74976441e-01	-1.52566768e-03	2.67682221e-01	2.90704768e-03	1.15553688e-02
4717            	-1.74955891e-01	-1.34201864e-03	2.66520540e-01	2.93400424e-03	1.16502671e-02
4718            	-1.74944805e-01	-1.12784651e-03	2.65187973e-01	2.93975159e-03	1.16623207e-02
4719            	-1.74948745e-01	-9.73752452e-04	2.64245034e-01	2.95206939e-03	1.17074554e-02
4720            	-1.74972152e-01	-9.07913540e-04	2.63868697e-01	2.98084685e-03	1.18269968e-02
4721            	-1.75011992e-01	-9.01246396e-04	2.63875210e-01	3.02072305e-03	1.19945025e-02
4722            	-1.75058507e-01	-9.41794755e-04	2.64180745e-01	3.06007561e-03	1.21581464e-02
4723            	-1.75102149e-01	-1.03031657e-03	2.64780747e-01	3.09586812e-03	1.23031118e-02
4724            	-1.75138254e-01	-1.12877651e-03	2.65434208e-01	3.12363316e-03	1.24160020e-02
4725            	-1.75166002e-01	-1.18589096e-03	2.65820494e-01	3.13087426e-03	1.24496864e-02
4726            	-1.75186003e-01	-1.20826116e-03	2.65984666e-01	3.12074459e-03	1.24144361e-02
4727            	-1.75194349e-01	-1.21017946e-03	2.66014553e-01	3.08801874e-03	1.22888734e-02
4728            	-1.75189190e-01	-1.24516645e-03	2.66238368e-01	3.03933830e-03	1.21007228e-02
4729            	-1.75171573e-01	-1.33264269e-03	2.66775598e-01	2.98673210e-03	1.18971025e-02
4730            	-1.75141245e-01	-1.46117031e-03	2.67545569e-01	2.94352948e-03	1.17296562e-02
4731            	-1.75105206e-01	-1.59036077e-03	2.68298284e-01	2.91239758e-03	1.16057887e-02
4732            	-1.75067240e-01	-1.67457221e-03	2.68756959e-01	2.89669152e-03	1.15401933e-02
4733            	-1.75029317e-01	-1.68954191e-03	2.68781497e-01	2.90258894e-03	1.15586534e-02
4734            	-1.74994139e-01	-1.61842397e-03	2.68281512e-01	2.92726644e-03	1.16506816e-02
4735            	-1.74966969e-01	-1.46708575e-03	2.67305991e-01	2.95953022e-03	1.17700941e-02
4736            	-1.74949050e-01	-1.27479515e-03	2.66097538e-01	2.98125058e-03	1.18447960e-02
4737            	-1.74942657e-01	-1.09220551e-03	2.64966975e-01	2.98544403e-03	1.18507410e-02
4738            	-1.74952260e-01	-9.50024008e-04	2.64102087e-01	2.99602619e-03	1.18888288e-02
4739            	-1.74981562e-01	-8.89093442e-04	2.63761346e-01	3.02114231e-03	1.19932741e-02
4740            	-1.75025190e-01	-9.00105897e-04	2.63882133e-01	3.05505089e-03	1.21368348e-02
4741            	-1.75072538e-01	-9.69845588e-04	2.64370765e-01	3.08796036e-03	1.22730589e-02
4742            	-1.75115003e-01	-1.06490320e-03	2.65010777e-01	3.11328959e-03	1.23752518e-02
4743            	-1.75149494e-01	-1.14355417e-03	2.65538691e-01	3.12832139e-03	1.24369295e-02
4744            	-1.75176390e-01	-1.18313190e-03	2.65815614e-01	3.12099235e-03	1.24099036e-02
4745            	-1.75194981e-01	-1.20217131e-03	2.65960019e-01	3.09393839e-03	1.23043676e-02
4746            	-1.75200823e-01	-1.21795588e-03	2.66076504e-01	3.04869103e-03	1.21269772e-02
4747            	-1.75192373e-01	-1.27265450e-03	2.66420630e-01	2.99099538e-03	1.19021818e-02
4748            	-1.75169688e-01	-1.37229882e-03	2.67025691e-01	2.93409841e-03	1.16804488e-02
4749            	-1.75136288e-01	-1.49995782e-03	2.67781848e-01	2.88870411e-03	1.15022014e-02
4750            	-1.75098247e-01	-1.61427759e-03	2.68434459e-01	2.85764088e-03	1.13767172e-02
4751            	-1.75058980e-01	-1.67936396e-03	2.68769749e-01	2.84686163e-03	1.13294380e-02
4752            	-1.75020338e-01	-1.66955714e-03	2.68641426e-01	2.86114646e-03	1.13817424e-02
4753            	-1.74985442e-01	-1.56514622e-03	2.67938900e-01	2.89403523e-03	1.15072042e-02
4754            	-1.74959656e-01	-1.40991607e-03	2.66944348e-01	2.93090312e-03	1.16441691e-02
4755            	-1.74942740e-01	-1.20882522e-03	2.65683781e-01	2.95157888e-03	1.17142297e-02
4756            	-1.74940720e-01	-1.03080171e-03	2.64584737e-01	2.96125745e-03	1.17450604e-02
4757            	-1.74957065e-01	-9.08726580e-04	2.63851725e-01	2.98069519e-03	1.18249222e-02
4758            	-1.74991935e-01	-8.85150373e-04	2.63749051e-01	3.02337940e-03	1.20047103e-02
4759            	-1.75038049e-01	-9.29430834e-04	2.64079242e-01	3.07186187e-03	1.22072389e-02
4760            	-1.75085088e-01	-1.01583461e-03	2.64671064e-01	3.11082504e-03	1.23662255e-02
4761            	-1.75125478e-01	-1.10717318e-03	2.65285431e-01	3.13866254e-03	1.24789077e-02
4762            	-1.75157101e-01	-1.16419264e-03	2.65675781e-01	3.15261360e-03	1.25387297e-02
4763            	-1.75180693e-01	-1.18981398e-03	2.65863204e-01	3.14919104e-03	1.25306029e-02
4764            	-1.75194452e-01	-1.20190438e-03	2.65960932e-01	3.12543238e-03	1.24407702e-02
4765            	-1.75195030e-01	-1.23372510e-03	2.66171547e-01	3.08191796e-03	1.22718748e-02
4766            	-1.75182333e-01	-1.30964895e-03	2.66642770e-01	3.02506104e-03	1.20488671e-02
4767            	-1.75155838e-01	-1.41152198e-03	2.67254948e-01	2.97001295e-03	1.18347126e-02
4768            	-1.75120541e-01	-1.53088284e-03	2.67952347e-01	2.92633081e-03	1.16625848e-02
4769            	-1.75081983e-01	-1.63159216e-03	2.68515745e-01	2.89727735e-03	1.15442942e-02
4770            	-1.75042808e-01	-1.67994173e-03	2.68746350e-01	2.89020934e-03	1.15107437e-02
4771            	-1.75005635e-01	-1.65634546e-03	2.68535816e-01	2.90606053e-03	1.15676213e-02
4772            	-1.74974141e-01	-1.53808796e-03	2.67755150e-01	2.93326852e-03	1.16662825e-02
4773            	-1.74952874e-01	-1.35952113e-03	2.66623255e-01	2.95769080e-03	1.17503071e-02
4774            	-1.74941096e-01	-1.13677012e-03	2.65236119e-01	2.95851912e-03	1.17410610e-02
4775            	-1.74945101e-01	-9.69656058e-04	2.64212526e-01	2.96227506e-03	1.17504005e-02
4776            	-1.74968491e-01	-8.98583073e-04	2.63804420e-01	2.98357630e-03	1.18386887e-02
4777            	-1.75008726e-01	-8.92164687e-04	2.63813889e-01	3.01751866e-03	1.19814434e-02
4778            	-1.75056317e-01	-9.30142003e-04	2.64105544e-01	3.05081927e-03	1.21199962e-02
4779            	-1.75101996e-01	-1.01872906e-03	2.64708894e-01	3.08005444e-03	1.22369586e-02
4780            	-1.75140140e-01	-1.11683099e-03	2.65362780e-01	3.10168999e-03	1.23237243e-02
4781            	-1.75169435e-01	-1.17373802e-03	2.65749652e-01	3.10522983e-03	1.23420898e-02
4782            	-1.75190300e-01	-1.19803131e-03	2.65926704e-01	3.09352219e-03	1.22999839e-02
4783            	-1.75199355e-01	-1.20201729e-03	2.65969656e-01	3.05991377e-03	1.21704677e-02
4784            	-1.75194411e-01	-1.23726102e-03	2.66194959e-01	3.01063390e-03	1.19789779e-02
4785            	-1.75176949e-01	-1.32258220e-03	2.66718961e-01	2.95701256e-03	1.17706522e-02
4786            	-1.75146263e-01	-1.44603662e-03	2.67457295e-01	2.91217579e-03	1.15970798e-02
4787            	-1.75109115e-01	-1.57358944e-03	2.68199025e-01	2.88000579e-03	1.14700968e-02
4788            	-1.75069732e-01	-1.66139623e-03	2.68678711e-01	2.86599979e-03	1.14122151e-02
4789            	-1.75030698e-01	-1.68477117e-03	2.68753881e-01	2.87397730e-03	1.14393793e-02
4790            	-1.74994691e-01	-1.62398722e-03	2.68316770e-01	2.90147305e-03	1.15434896e-02
4791            	-1.74966672e-01	-1.47814821e-03	2.67373825e-01	2.94023634e-03	1.16903631e-02
4792            	-1.74948327e-01	-1.28919408e-03	2.66185093e-01	2.97276987e-03	1.18102815e-02
4793            	-1.74941057e-01	-1.10382055e-03	2.65036617e-01	2.98710734e-03	1.18587648e-02
4794            	-1.74949619e-01	-9.66774153e-04	2.64203141e-01	3.00735443e-03	1.19366290e-02
4795            	-1.74978157e-01	-9.05379265e-04	2.63859251e-01	3.03781801e-03	1.20627758e-02
4796            	-1.75021602e-01	-9.06223290e-04	2.63917156e-01	3.07446470e-03	1.22174830e-02
4797            	-1.75069182e-01	-9.67553095e-04	2.64354051e-01	3.11133448e-03	1.23706047e-02
4798            	-1.75111758e-01	-1.06167228e-03	2.64988082e-01	3.14202005e-03	1.24953916e-02
4799            	-1.75146152e-01	-1.14661403e-03	2.65554703e-01	3.16268610e-03	1.25805311e-02
4800            	-1.75172580e-01	-1.19069803e-03	2.65858483e-01	3.15908253e-03	1.25687983e-02
4801            	-1.75190787e-01	-1.20881785e-03	2.65995400e-01	3.13439237e-03	1.24730096e-02
4802            	-1.75196242e-01	-1.21726597e-03	2.66064711e-01	3.08912797e-03	1.22955341e-02
4803            	-1.75187932e-01	-1.26449515e-03	2.66362009e-01	3.02971871e-03	1.20638082e-02
4804            	-1.75166286e-01	-1.36225995e-03	2.66957112e-01	2.96847645e-03	1.18240933e-02
4805            	-1.75133885e-01	-1.49287251e-03	2.67734073e-01	2.91717638e-03	1.16212243e-02
4806            	-1.75096898e-01	-1.61037850e-03	2.68409054e-01	2.87829106e-03	1.14634221e-02
4807            	-1.75059036e-01	-1.67907379e-03	2.68769140e-01	2.85817179e-03	1.13775694e-02
4808            	-1.75021753e-01	-1.67547596e-03	2.68680779e-01	2.86371938e-03	1.13933404e-02
4809            	-1.74987769e-01	-1.57618318e-03	2.68010816e-01	2.88829501e-03	1.14841941e-02
4810            	-1.74962817e-01	-1.41960769e-03	2.67008687e-01	2.91826938e-03	1.15929286e-02
4811            	-1.74946604e-01	-1.22148185e-03	2.65767568e-01	2.93544580e-03	1.16483659e-02
4812            	-1.74944268e-01	-1.04441643e-03	2.64674607e-01	2.94043238e-03	1.16586944e-02
4813            	-1.74959352e-01	-9.11609673e-04	2.63873705e-01	2.95276167e-03	1.17078676e-02
4814            	-1.74992984e-01	-8.79358386e-04	2.63715869e-01	2.98915369e-03	1.18609041e-02
4815            	-1.75038344e-01	-9.20188190e-04	2.64023539e-01	3.03471325e-03	1.20515929e-02
4816            	-1.75085008e-01	-1.00373830e-03	2.64596900e-01	3.07235295e-03	1.22059886e-02
4817            	-1.75125182e-01	-1.09503031e-03	2.65210296e-01	3.09991629e-03	1.23178510e-02
4818            	-1.75156584e-01	-1.15467561e-03	2.65616211e-01	3.11564842e-03	1.23842939e-02
4819            	-1.75180210e-01	-1.18185413e-03	2.65812473e-01	3.11470557e-03	1.23860330e-02
4820            	-1.75194581e-01	-1.19585367e-03	2.65922148e-01	3.09516770e-03	1.23131972e-02
4821            	-1.75196291e-01	-1.22543070e-03	2.66120002e-01	3.05782065e-03	1.21694684e-02
4822            	-1.75184714e-01	-1.29466964e-03	2.66551176e-01	3.00749516e-03	1.19742910e-02
4823            	-1.75158998e-01	-1.39849591e-03	2.67177012e-01	2.96002728e-03	1.17911333e-02
4824            	-1.75124268e-01	-1.51903258e-03	2.67883532e-01	2.92273124e-03	1.16461928e-02
4825            	-1.75086365e-01	-1.62134357e-03	2.68458828e-01	2.89881333e-03	1.15502109e-02
4826            	-1.75047485e-01	-1.67580525e-03	2.68728388e-01	2.89756411e-03	1.15414607e-02
4827            	-1.75010190e-01	-1.65748025e-03	2.68550311e-01	2.92017700e-03	1.16272984e-02
4828            	-1.74977967e-01	-1.54910934e-03	2.67829301e-01	2.95410645e-03	1.17545484e-02
4829            	-1.74955661e-01	-1.38012300e-03	2.66754709e-01	2.98552378e-03	1.18673948e-02
4830            	-1.74942068e-01	-1.15759337e-03	2.65365897e-01	2.99267997e-03	1.18835243e-02
4831            	-1.74944114e-01	-9.82112536e-04	2.64287740e-01	2.99767414e-03	1.18977283e-02
4832            	-1.74964844e-01	-8.99179299e-04	2.63802818e-01	3.01874579e-03	1.19853099e-02
4833            	-1.75002569e-01	-8.88796579e-04	2.63784423e-01	3.05485698e-03	1.21374633e-02
4834            	-1.75048584e-01	-9.23691164e-04	2.64054528e-01	3.08961133e-03	1.22822882e-02
4835            	-1.75093821e-01	-1.00850399e-03	2.64633251e-01	3.11645878e-03	1.23894240e-02
4836            	-1.75132468e-01	-1.10393644e-03	2.65270950e-01	3.13310575e-03	1.24552775e-02
4837            	-1.75162972e-01	-1.16032132e-03	2.65656380e-01	3.13171500e-03	1.24530365e-02
4838            	-1.75185613e-01	-1.18626950e-03	2.65846368e-01	3.11484493e-03	1.23889547e-02
4839            	-1.75197311e-01	-1.19395789e-03	2.65915780e-01	3.07554701e-03	1.22351659e-02
4840            	-1.75195132e-01	-1.23076819e-03	2.66154672e-01	3.01992390e-03	1.20163570e-02
4841            	-1.75180244e-01	-1.31522041e-03	2.66676728e-01	2.95810139e-03	1.17735952e-02
4842            	-1.75151425e-01	-1.43311525e-03	2.67383742e-01	2.90398609e-03	1.15620644e-02
4843            	-1.75115127e-01	-1.55939998e-03	2.68119984e-01	2.86339922e-03	1.14008922e-02
4844            	-1.75075954e-01	-1.65261495e-03	2.68634520e-01	2.84237619e-03	1.13142356e-02
4845            	-1.75036667e-01	-1.68574121e-03	2.68769918e-01	2.84429905e-03	1.13161946e-02
4846            	-1.74999827e-01	-1.63626879e-03	2.68401075e-01	2.86639088e-03	1.13974613e-02
4847            	-1.74969910e-01	-1.49200703e-03	2.67464331e-01	2.90037749e-03	1.15242609e-02
4848            	-1.74949603e-01	-1.30286055e-03	2.66270982e-01	2.92982558e-03	1.16310215e-02
4849            	-1.74939865e-01	-1.10967024e-03	2.65070814e-01	2.94167260e-03	1.16691041e-02
4850            	-1.74946052e-01	-9.71036186e-04	2.64225076e-01	2.96178548e-03	1.17464193e-02
4851            	-1.74972658e-01	-9.08558808e-04	2.63872329e-01	2.99404818e-03	1.18802238e-02
4852            	-1.75015310e-01	-9.04110892e-04	2.63896197e-01	3.03547772e-03	1.20549867e-02
4853            	-1.75063379e-01	-9.58796677e-04	2.64292351e-01	3.07912587e-03	1.22366448e-02
4854            	-1.75107256e-01	-1.05313794e-03	2.64929588e-01	3.11892204e-03	1.23992184e-02
4855            	-1.75143154e-01	-1.14489766e-03	2.65541105e-01	3.14906159e-03	1.25234227e-02
4856            	-1.75170800e-01	-1.19442127e-03	2.65880478e-01	3.15505632e-03	1.25516533e-02
4857            	-1.75190225e-01	-1.21381776e-03	2.66026315e-01	3.14048998e-03	1.24982234e-02
4858            	-1.75196824e-01	-1.21672064e-03	2.66061683e-01	3.10409896e-03	1.23578933e-02
4859            	-1.75189559e-01	-1.25784493e-03	2.66321911e-01	3.05268054e-03	1.21592344e-02
4860            	-1.75168901e-01	-1.35322174e-03	2.66903605e-01	2.99724702e-03	1.19437213e-02
4861            	-1.75136476e-01	-1.48638058e-03	2.67697174e-01	2.95112745e-03	1.17625997e-02
4862            	-1.75098899e-01	-1.60722623e-03	2.68393079e-01	2.91673016e-03	1.16239621e-02
4863            	-1.75059930e-01	-1.68041208e-03	2.68780157e-01	2.89815806e-03	1.15453267e-02
4864            	-1.75021149e-01	-1.67992193e-03	2.68708386e-01	2.90421977e-03	1.15639691e-02
4865            	-1.74985589e-01	-1.59071526e-03	2.68097219e-01	2.93020309e-03	1.16607775e-02
4866            	-1.74959259e-01	-1.43609305e-03	2.67103846e-01	2.96141688e-03	1.17748728e-02
4867            	-1.74942319e-01	-1.24080572e-03	2.65879108e-01	2.97724819e-03	1.18243840e-02
4868            	-1.74939289e-01	-1.05999215e-03	2.64762831e-01	2.97605037e-03	1.18084505e-02
4869            	-1.74953521e-01	-9.15850622e-04	2.63891049e-01	2.98027278e-03	1.18226600e-02
4870            	-1.74987044e-01	-8.70472431e-04	2.63651870e-01	3.00765746e-03	1.19376754e-02
4871            	-1.75033207e-01	-9.05732326e-04	2.63926219e-01	3.04528129e-03	1.20956281e-02
4872            	-1.75081448e-01	-9.87296398e-04	2.64489566e-01	3.07537167e-03	1.22190913e-02
4873            	-1.75123652e-01	-1.07966084e-03	2.65112630e-01	3.09533391e-03	1.22991181e-02
4874            	-1.75156974e-01	-1.14451808e-03	2.65553687e-01	3.10485857e-03	1.23388289e-02
4875            	-1.75182288e-01	-1.17543302e-03	2.65775102e-01	3.09785278e-03	1.23145929e-02
4876            	-1.75198291e-01	-1.19275420e-03	2.65906936e-01	3.07289699e-03	1.22186464e-02
4877            	-1.75201217e-01	-1.21980689e-03	2.66090413e-01	3.03084041e-03	1.20547726e-02
4878            	-1.75189871e-01	-1.28589347e-03	2.66502056e-01	2.97549629e-03	1.18388397e-02
4879            	-1.75164010e-01	-1.38806629e-03	2.67117759e-01	2.92262742e-03	1.16332953e-02
4880            	-1.75128301e-01	-1.50953074e-03	2.67829462e-01	2.88101037e-03	1.14706511e-02
4881            	-1.75089130e-01	-1.61466719e-03	2.68421269e-01	2.85406870e-03	1.13622706e-02
4882            	-1.75049116e-01	-1.67245471e-03	2.68710047e-01	2.85137974e-03	1.13478501e-02
4883            	-1.75010913e-01	-1.65529437e-03	2.68538010e-01	2.87470486e-03	1.14370876e-02
4884            	-1.74977735e-01	-1.55173225e-03	2.67845291e-01	2.91283813e-03	1.15824553e-02
4885            	-1.74954409e-01	-1.39108441e-03	2.66821030e-01	2.95206792e-03	1.17280312e-02
4886            	-1.74940216e-01	-1.17503033e-03	2.65471792e-01	2.96900837e-03	1.17843470e-02
4887            	-1.74941823e-01	-9.99302677e-04	2.64391987e-01	2.98156166e-03	1.18297588e-02
4888            	-1.74962211e-01	-9.09776347e-04	2.63866290e-01	3.00927201e-03	1.19451605e-02
4889            	-1.74999749e-01	-8.98867226e-04	2.63844864e-01	3.05462283e-03	1.21360845e-02
4890            	-1.75046151e-01	-9.35380132e-04	2.64125888e-01	3.09908266e-03	1.23215774e-02
4891            	-1.75091801e-01	-1.01895445e-03	2.64697407e-01	3.13367768e-03	1.24613922e-02
4892            	-1.75130418e-01	-1.11132829e-03	2.65315845e-01	3.15713396e-03	1.25559842e-02
4893            	-1.75160203e-01	-1.16565192e-03	2.65687166e-01	3.16365282e-03	1.25867936e-02
4894            	-1.75181781e-01	-1.19038521e-03	2.65867551e-01	3.15405246e-03	1.25531111e-02
4895            	-1.75192811e-01	-1.19936331e-03	2.65943327e-01	3.12135822e-03	1.24265701e-02
4896            	-1.75190266e-01	-1.23358795e-03	2.66165072e-01	3.07078970e-03	1.22286116e-02
4897            	-1.75175418e-01	-1.31675871e-03	2.66678669e-01	3.01052570e-03	1.19917387e-02
4898            	-1.75147273e-01	-1.42515507e-03	2.67327886e-01	2.95369038e-03	1.17698266e-02
4899            	-1.75111673e-01	-1.54664701e-03	2.68036241e-01	2.90841645e-03	1.15897344e-02
4900            	-1.75073387e-01	-1.64386390e-03	2.68577670e-01	2.88091280e-03	1.14760749e-02
4901            	-1.75035215e-01	-1.68401347e-03	2.68758443e-01	2.87552646e-03	1.14478901e-02
4902            	-1.74999720e-01	-1.64722679e-03	2.68469817e-01	2.88867146e-03	1.14918849e-02
4903            	-1.74970848e-01	-1.50864139e-03	2.67568835e-01	2.91329782e-03	1.15792014e-02
4904            	-1.74951743e-01	-1.31939236e-03	2.66375667e-01	2.93446058e-03	1.16505697e-02
4905            	-1.74942467e-01	-1.11348597e-03	2.65097245e-01	2.93735541e-03	1.16512013e-02
4906            	-1.74948342e-01	-9.68492086e-04	2.64212549e-01	2.94925616e-03	1.16944202e-02
4907            	-1.74974004e-01	-9.03351902e-04	2.63842649e-01	2.97438557e-03	1.17988151e-02
4908            	-1.75015701e-01	-8.95393546e-04	2.63843244e-01	3.00948374e-03	1.19469588e-02
4909            	-1.75063193e-01	-9.43330276e-04	2.64196165e-01	3.04657665e-03	1.21011511e-02
4910            	-1.75106993e-01	-1.03671256e-03	2.64826870e-01	3.08070876e-03	1.22395830e-02
4911            	-1.75142919e-01	-1.13337145e-03	2.65468752e-01	3.10614980e-03	1.23434409e-02
4912            	-1.75170414e-01	-1.18612486e-03	2.65827629e-01	3.10945281e-03	1.23604237e-02
4913            	-1.75190002e-01	-1.20540650e-03	2.65972317e-01	3.09486103e-03	1.23068996e-02
4914            	-1.75197302e-01	-1.20667236e-03	2.65997549e-01	3.06045434e-03	1.21746244e-02
4915            	-1.75190984e-01	-1.24538006e-03	2.66243577e-01	3.01254240e-03	1.19900843e-02
4916            	-1.75171688e-01	-1.33875898e-03	2.66815005e-01	2.96235810e-03	1.17964726e-02
4917            	-1.75140296e-01	-1.47231900e-03	2.67613748e-01	2.92321693e-03	1.16448807e-02
4918            	-1.75103652e-01	-1.59778663e-03	2.68341191e-01	2.89639905e-03	1.15382631e-02
4919            	-1.75065437e-01	-1.67595329e-03	2.68760939e-01	2.88314360e-03	1.14826731e-02
4920            	-1.75027023e-01	-1.67849446e-03	2.68707838e-01	2.89359882e-03	1.15207384e-02
4921            	-1.74991164e-01	-1.59744531e-03	2.68147092e-01	2.92615925e-03	1.16456417e-02
4922            	-1.74963963e-01	-1.45063044e-03	2.67201267e-01	2.96702052e-03	1.17999330e-02
4923            	-1.74945918e-01	-1.26079130e-03	2.66008374e-01	2.99415507e-03	1.18965017e-02
4924            	-1.74940752e-01	-1.08167096e-03	2.64899589e-01	3.00313310e-03	1.19227704e-02
4925            	-1.74952068e-01	-9.36267399e-04	2.64015666e-01	3.01562017e-03	1.19705007e-02
4926            	-1.74982831e-01	-8.82296025e-04	2.63719621e-01	3.04564701e-03	1.20962795e-02
4927            	-1.75026865e-01	-9.09769435e-04	2.63943279e-01	3.08446963e-03	1.22595755e-02
4928            	-1.75073527e-01	-9.87682131e-04	2.64481964e-01	3.11807071e-03	1.23980273e-02
4929            	-1.75114728e-01	-1.07844734e-03	2.65093464e-01	3.14185240e-03	1.24941051e-02
4930            	-1.75147893e-01	-1.14490455e-03	2.65543787e-01	3.15347400e-03	1.25423604e-02
4931            	-1.75174080e-01	-1.17662856e-03	2.65771067e-01	3.14375190e-03	1.25063040e-02
4932            	-1.75191983e-01	-1.19530204e-03	2.65913507e-01	3.11293835e-03	1.23854122e-02
4933            	-1.75197419e-01	-1.21991544e-03	2.66085314e-01	3.06337823e-03	1.21899008e-02
4934            	-1.75188388e-01	-1.28213788e-03	2.66476070e-01	2.99997213e-03	1.19407723e-02
4935            	-1.75164909e-01	-1.38262846e-03	2.67085000e-01	2.93875680e-03	1.17005640e-02
4936            	-1.75131084e-01	-1.50434798e-03	2.67801982e-01	2.88861202e-03	1.15022664e-02
4937            	-1.75093192e-01	-1.61199099e-03	2.68412053e-01	2.85289716e-03	1.13571497e-02
4938            	-1.75054228e-01	-1.67371020e-03	2.68726644e-01	2.84005426e-03	1.13004960e-02
4939            	-1.75016352e-01	-1.66022260e-03	2.68577207e-01	2.85356606e-03	1.13489095e-02
4940            	-1.74982489e-01	-1.55561080e-03	2.67876105e-01	2.88354823e-03	1.14609464e-02
4941            	-1.74957500e-01	-1.39533373e-03	2.66851603e-01	2.91691079e-03	1.15823006e-02
4942            	-1.74941344e-01	-1.18041404e-03	2.65506493e-01	2.93010622e-03	1.16223118e-02
4943            	-1.74940797e-01	-1.00139748e-03	2.64403218e-01	2.93704565e-03	1.16436848e-02
4944            	-1.74959348e-01	-9.04115484e-04	2.63826907e-01	2.95946278e-03	1.17368351e-02
4945            	-1.74995697e-01	-8.92947437e-04	2.63802504e-01	3.00384382e-03	1.19237394e-02
4946            	-1.75042149e-01	-9.32919155e-04	2.64105528e-01	3.05171166e-03	1.21234174e-02
4947            	-1.75088761e-01	-1.01709891e-03	2.64682466e-01	3.09131429e-03	1.22843074e-02
4948            	-1.75128817e-01	-1.10783013e-03	2.65292813e-01	3.12071296e-03	1.24037395e-02
4949            	-1.75159972e-01	-1.16232904e-03	2.65667151e-01	3.13544033e-03	1.24683567e-02
4950            	-1.75183267e-01	-1.19374770e-03	2.65891910e-01	3.13278046e-03	1.24630732e-02
4951            	-1.75196106e-01	-1.20958129e-03	2.66013154e-01	3.10739463e-03	1.23663059e-02
4952            	-1.75194940e-01	-1.24317109e-03	2.66232602e-01	3.06416705e-03	1.21992246e-02
4953            	-1.75180809e-01	-1.31860462e-03	2.66698615e-01	3.01123045e-03	1.19940653e-02
4954            	-1.75152384e-01	-1.42115244e-03	2.67310453e-01	2.96778415e-03	1.18281985e-02
4955            	-1.75116538e-01	-1.54028619e-03	2.68004107e-01	2.93362855e-03	1.16944849e-02
4956            	-1.75078151e-01	-1.63907142e-03	2.68555569e-01	2.91029127e-03	1.15984782e-02
4957            	-1.75039154e-01	-1.68180243e-03	2.68751550e-01	2.90548922e-03	1.15737062e-02
4958            	-1.75001906e-01	-1.65132905e-03	2.68498779e-01	2.92295491e-03	1.16371950e-02
4959            	-1.74970380e-01	-1.52119029e-03	2.67644813e-01	2.95478319e-03	1.17552670e-02
4960            	-1.74949260e-01	-1.33654910e-03	2.66475868e-01	2.98268777e-03	1.18544373e-02
4961            	-1.74938444e-01	-1.12109486e-03	2.65135645e-01	2.98644730e-03	1.18579938e-02
4962            	-1.74943630e-01	-9.65907893e-04	2.64187423e-01	2.99346562e-03	1.18805307e-02
4963            	-1.74968565e-01	-8.96962217e-04	2.63793814e-01	3.01321825e-03	1.19623059e-02
4964            	-1.75009977e-01	-8.86980929e-04	2.63782030e-01	3.04251280e-03	1.20859413e-02
4965            	-1.75057880e-01	-9.27811397e-04	2.64091437e-01	3.07204019e-03	1.22087641e-02
4966            	-1.75103081e-01	-1.01767825e-03	2.64702165e-01	3.09797220e-03	1.23126299e-02
4967            	-1.75140834e-01	-1.11707149e-03	2.65363787e-01	3.11613912e-03	1.23854704e-02
4968            	-1.75170126e-01	-1.17461674e-03	2.65755081e-01	3.11381561e-03	1.23789147e-02
4969            	-1.75191270e-01	-1.19809653e-03	2.65927996e-01	3.09388898e-03	1.23025398e-02
4970            	-1.75199922e-01	-1.20129915e-03	2.65966595e-01	3.05234383e-03	1.21399943e-02
4971            	-1.75194375e-01	-1.23900324e-03	2.66206958e-01	2.99631931e-03	1.19210697e-02
4972            	-1.75175568e-01	-1.32937038e-03	2.66760393e-01	2.93800753e-03	1.16935301e-02
4973            	-1.75143758e-01	-1.46029911e-03	2.67542898e-01	2.89074050e-03	1.15087818e-02
4974            	-1.75106140e-01	-1.58912407e-03	2.68290833e-01	2.85657342e-03	1.13720019e-02
4975            	-1.75066589e-01	-1.67282815e-03	2.68743869e-01	2.84080574e-03	1.13055679e-02
4976            	-1.75027222e-01	-1.68574339e-03	2.68753863e-01	2.84822398e-03	1.13299041e-02
4977            	-1.74990905e-01	-1.60747581e-03	2.68208904e-01	2.87619312e-03	1.14358730e-02
4978            	-1.74963292e-01	-1.45611106e-03	2.67233485e-01	2.91574697e-03	1.15857778e-02
4979            	-1.74945246e-01	-1.26546928e-03	2.66035536e-01	2.94746685e-03	1.17023415e-02
4980            	-1.74939616e-01	-1.09304490e-03	2.64969092e-01	2.96479814e-03	1.17631796e-02
4981            	-1.74950637e-01	-9.54918876e-04	2.64131246e-01	2.98701290e-03	1.18503140e-02
4982            	-1.74981449e-01	-8.98260926e-04	2.63819386e-01	3.02367067e-03	1.20031771e-02
4983            	-1.75026119e-01	-9.21470057e-04	2.64017650e-01	3.07270252e-03	1.22095957e-02
4984            	-1.75074073e-01	-1.00240407e-03	2.64577350e-01	3.11749376e-03	1.23949080e-02
4985            	-1.75116478e-01	-1.10050200e-03	2.65236727e-01	3.14988906e-03	1.25263254e-02
4986            	-1.75150154e-01	-1.16443220e-03	2.65671416e-01	3.16752997e-03	1.26001642e-02
4987            	-1.75175922e-01	-1.19008039e-03	2.65859332e-01	3.16404965e-03	1.25906342e-02
4988            	-1.75193114e-01	-1.20651813e-03	2.65985678e-01	3.14174066e-03	1.25055250e-02
4989            	-1.75197495e-01	-1.22870948e-03	2.66140561e-01	3.10105975e-03	1.23469303e-02
4990            	-1.75187367e-01	-1.28880040e-03	2.66516197e-01	3.04530903e-03	1.21298891e-02
4991            	-1.75163309e-01	-1.38608043e-03	2.67104014e-01	2.98804643e-03	1.19066863e-02
4992            	-1.75129350e-01	-1.50436638e-03	2.67799680e-01	2.93926833e-03	1.17147421e-02
4993            	-1.75091908e-01	-1.61046676e-03	2.68401059e-01	2.90199382e-03	1.15634957e-02
4994            	-1.75053781e-01	-1.67016712e-03	2.68704576e-01	2.88489576e-03	1.14897547e-02
4995            	-1.75016702e-01	-1.66283056e-03	2.68594444e-01	2.89334630e-03	1.15171483e-02
4996            	-1.74983253e-01	-1.56428176e-03	2.67930585e-01	2.92010906e-03	1.16156941e-02
4997            	-1.74959093e-01	-1.40825680e-03	2.66933267e-01	2.94783844e-03	1.17135567e-02
4998            	-1.74944010e-01	-1.19729057e-03	2.65614169e-01	2.95476141e-03	1.17265396e-02
4999            	-1.74944165e-01	-1.01118088e-03	2.64468061e-01	2.95080587e-03	1.17013802e-02
5000            	-1.74962251e-01	-8.94300455e-04	2.63769642e-01	2.96122922e-03	1.17441664e-02
