# Force and moment coefficients
# dragDir       : (0.00000000e+00 0.00000000e+00 -1.00000000e+00)
# sideDir       : (-0.00000000e+00 1.00000000e+00 0.00000000e+00)
# liftDir       : (1.00000000e+00 0.00000000e+00 0.00000000e+00)
# rollAxis      : (0.00000000e+00 0.00000000e+00 -1.00000000e+00)
# pitchAxis     : (-0.00000000e+00 1.00000000e+00 0.00000000e+00)
# yawAxis       : (1.00000000e+00 0.00000000e+00 0.00000000e+00)
# magUInf       : 2.88200000e+02
# lRef          : 5.78100000e-02
# Aref          : 2.62480000e-03
# CofR          : (0.00000000e+00 0.00000000e+00 3.99000000e-01)
#
# Time          	Cd              	Cl              	CmPitch         	CmRoll          	CmYaw           
4001            	-8.07250625e-03	5.40889409e-04	8.53556618e-03	3.00580829e-02	1.25682674e-01
4002            	-8.08779370e-03	5.03280914e-04	8.79377525e-03	2.99736974e-02	1.25306024e-01
4003            	-8.06860303e-03	4.47821960e-04	9.11361523e-03	2.98477590e-02	1.24748958e-01
4004            	-8.02811279e-03	3.85096337e-04	9.44775176e-03	2.96982889e-02	1.24091792e-01
4005            	-7.98903867e-03	3.38133266e-04	9.68424285e-03	2.95419315e-02	1.23412717e-01
4006            	-7.96834846e-03	3.25360747e-04	9.73184967e-03	2.93875500e-02	1.22754467e-01
4007            	-7.96071608e-03	3.44608354e-04	9.59671047e-03	2.92480102e-02	1.22170585e-01
4008            	-7.95046648e-03	3.79921957e-04	9.35683296e-03	2.91386517e-02	1.21721325e-01
4009            	-7.92984635e-03	4.18566007e-04	9.08149598e-03	2.90729531e-02	1.21459790e-01
4010            	-7.90029581e-03	4.57819798e-04	8.79018234e-03	2.90561913e-02	1.21407261e-01
4011            	-7.87052829e-03	5.00094045e-04	8.48031328e-03	2.90875937e-02	1.21560813e-01
4012            	-7.85042893e-03	5.48201261e-04	8.14851223e-03	2.91639209e-02	1.21906960e-01
4013            	-7.84534900e-03	5.96896130e-04	7.83564615e-03	2.92789357e-02	1.22416475e-01
4014            	-7.85555308e-03	6.37580486e-04	7.59633725e-03	2.94244586e-02	1.23050937e-01
4015            	-7.87902824e-03	6.63258018e-04	7.47172299e-03	2.95844409e-02	1.23739198e-01
4016            	-7.91188760e-03	6.68921801e-04	7.48734307e-03	2.97445976e-02	1.24419171e-01
4017            	-7.95029338e-03	6.54751048e-04	7.63598405e-03	2.98891754e-02	1.25024455e-01
4018            	-7.98943565e-03	6.25813614e-04	7.87816072e-03	3.00010663e-02	1.25484817e-01
4019            	-8.03166290e-03	5.92240329e-04	8.15298915e-03	3.00618181e-02	1.25725639e-01
4020            	-8.07254561e-03	5.61120153e-04	8.40911696e-03	3.00575385e-02	1.25690884e-01
4021            	-8.10190681e-03	5.29817298e-04	8.64860845e-03	2.99846050e-02	1.25364665e-01
4022            	-8.09738653e-03	4.81493270e-04	8.94523887e-03	2.98626684e-02	1.24826229e-01
4023            	-8.06295071e-03	4.19153759e-04	9.28602691e-03	2.97130965e-02	1.24167971e-01
4024            	-8.02041183e-03	3.64101914e-04	9.56864889e-03	2.95542718e-02	1.23475125e-01
4025            	-7.99164473e-03	3.38201953e-04	9.68729122e-03	2.93965174e-02	1.22797844e-01
4026            	-7.97966943e-03	3.46691491e-04	9.61353201e-03	2.92497093e-02	1.22179081e-01
4027            	-7.97019498e-03	3.76734495e-04	9.40771588e-03	2.91292483e-02	1.21680215e-01
4028            	-7.95096631e-03	4.13152564e-04	9.14796121e-03	2.90499838e-02	1.21359602e-01
4029            	-7.92174763e-03	4.50335369e-04	8.86962840e-03	2.90218490e-02	1.21257368e-01
4030            	-7.88633292e-03	4.88379817e-04	8.57765435e-03	2.90450307e-02	1.21374105e-01
4031            	-7.85686548e-03	5.31697579e-04	8.26183311e-03	2.91161169e-02	1.21696183e-01
4032            	-7.84219924e-03	5.79466647e-04	7.94027845e-03	2.92272970e-02	1.22189208e-01
4033            	-7.84406748e-03	6.22477752e-04	7.67362349e-03	2.93724338e-02	1.22823221e-01
4034            	-7.86010347e-03	6.51895771e-04	7.51411126e-03	2.95387555e-02	1.23540268e-01
4035            	-7.88724796e-03	6.62315136e-04	7.49114387e-03	2.97110480e-02	1.24273852e-01
4036            	-7.92227552e-03	6.52657500e-04	7.60631114e-03	2.98719374e-02	1.24950210e-01
4037            	-7.95901950e-03	6.25771609e-04	7.83213580e-03	3.00043081e-02	1.25498454e-01
4038            	-7.99844396e-03	5.91047489e-04	8.11038231e-03	3.00900712e-02	1.25845369e-01
4039            	-8.04033177e-03	5.57632959e-04	8.38276259e-03	3.01122232e-02	1.25922216e-01
4040            	-8.07645010e-03	5.27665716e-04	8.62393257e-03	3.00634583e-02	1.25699085e-01
4041            	-8.08535557e-03	4.86825530e-04	8.89316719e-03	2.99548366e-02	1.25219371e-01
4042            	-8.06147364e-03	4.29451259e-04	9.21825429e-03	2.98102719e-02	1.24583585e-01
4043            	-8.02162412e-03	3.71155693e-04	9.52551116e-03	2.96485531e-02	1.23876999e-01
4044            	-7.98876253e-03	3.35290407e-04	9.70131061e-03	2.94833403e-02	1.23164880e-01
4045            	-7.97499080e-03	3.34826062e-04	9.68170163e-03	2.93229892e-02	1.22485905e-01
4046            	-7.97066912e-03	3.62491533e-04	9.49868064e-03	2.91824252e-02	1.21900913e-01
4047            	-7.96063394e-03	4.01739656e-04	9.23468156e-03	2.90770508e-02	1.21470194e-01
4048            	-7.93986673e-03	4.42526491e-04	8.94604329e-03	2.90200571e-02	1.21246437e-01
4049            	-7.90980600e-03	4.82631427e-04	8.64898210e-03	2.90143973e-02	1.21241368e-01
4050            	-7.88090978e-03	5.25635887e-04	8.33602233e-03	2.90587482e-02	1.21450031e-01
4051            	-7.86333580e-03	5.73466171e-04	8.00982165e-03	2.91488625e-02	1.21854218e-01
4052            	-7.86065620e-03	6.19246714e-04	7.71894688e-03	2.92774709e-02	1.22419771e-01
4053            	-7.87244099e-03	6.54529855e-04	7.51608260e-03	2.94330212e-02	1.23093896e-01
4054            	-7.89629396e-03	6.72669911e-04	7.43946418e-03	2.96014989e-02	1.23814586e-01
4055            	-7.92797374e-03	6.69928149e-04	7.50609343e-03	2.97677623e-02	1.24516641e-01
4056            	-7.96275568e-03	6.47501458e-04	7.70104881e-03	2.99141761e-02	1.25126149e-01
4057            	-7.99839778e-03	6.12573389e-04	7.97521842e-03	3.00227389e-02	1.25569805e-01
4058            	-8.03739908e-03	5.75922779e-04	8.26398880e-03	3.00747167e-02	1.25771882e-01
4059            	-8.07259546e-03	5.42599056e-04	8.52508521e-03	3.00589710e-02	1.25687384e-01
4060            	-8.08988959e-03	5.05777466e-04	8.78129668e-03	2.99781464e-02	1.25325971e-01
4061            	-8.07250202e-03	4.51658741e-04	9.09533171e-03	2.98540286e-02	1.24776911e-01
4062            	-8.03178703e-03	3.88826065e-04	9.42981751e-03	2.97062183e-02	1.24126673e-01
4063            	-7.99127489e-03	3.40116207e-04	9.67523060e-03	2.95505683e-02	1.23449967e-01
4064            	-7.96918579e-03	3.24958646e-04	9.73581908e-03	2.93958939e-02	1.22789629e-01
4065            	-7.96103635e-03	3.42526130e-04	9.61048339e-03	2.92551620e-02	1.22200043e-01
4066            	-7.95083450e-03	3.77155115e-04	9.37493255e-03	2.91440876e-02	1.21743181e-01
4067            	-7.93012955e-03	4.15569918e-04	9.10083197e-03	2.90763289e-02	1.21472771e-01
4068            	-7.90067479e-03	4.54625200e-04	8.81080678e-03	2.90576464e-02	1.21411993e-01
4069            	-7.87023034e-03	4.96561792e-04	8.50200757e-03	2.90865579e-02	1.21554844e-01
4070            	-7.84895956e-03	5.44495217e-04	8.16953507e-03	2.91605959e-02	1.21891251e-01
4071            	-7.84272943e-03	5.93856139e-04	7.85073709e-03	2.92734105e-02	1.22391764e-01
4072            	-7.85187992e-03	6.35584472e-04	7.60326250e-03	2.94176243e-02	1.23021204e-01
4073            	-7.87469994e-03	6.62436550e-04	7.47026233e-03	2.95772973e-02	1.23708713e-01
4074            	-7.90717889e-03	6.69243361e-04	7.47812197e-03	2.97382049e-02	1.24392395e-01
4075            	-7.94573157e-03	6.56296722e-04	7.61929904e-03	2.98841148e-02	1.25003835e-01
4076            	-7.98537238e-03	6.28048731e-04	7.85792863e-03	2.99982625e-02	1.25474038e-01
4077            	-8.02779522e-03	5.94467100e-04	8.13318442e-03	3.00625143e-02	1.25729764e-01
4078            	-8.06950819e-03	5.63059676e-04	8.39243456e-03	3.00621860e-02	1.25711696e-01
4079            	-8.10100132e-03	5.32311707e-04	8.63161484e-03	2.99925043e-02	1.25399409e-01
4080            	-8.09921804e-03	4.85258740e-04	8.92428231e-03	2.98721189e-02	1.24867863e-01
4081            	-8.06648259e-03	4.23312437e-04	9.26511850e-03	2.97231653e-02	1.24212217e-01
4082            	-8.02399785e-03	3.67232478e-04	9.55434797e-03	2.95638636e-02	1.23516896e-01
4083            	-7.99427626e-03	3.39325150e-04	9.68429443e-03	2.94050637e-02	1.22834476e-01
4084            	-7.98199019e-03	3.45986080e-04	9.62163181e-03	2.92565861e-02	1.22207962e-01
4085            	-7.97317928e-03	3.75232265e-04	9.42179537e-03	2.91334238e-02	1.21697262e-01
4086            	-7.95493488e-03	4.11578808e-04	9.16388938e-03	2.90508554e-02	1.21362502e-01
4087            	-7.92638297e-03	4.48850527e-04	8.88589704e-03	2.90197319e-02	1.21247545e-01
4088            	-7.89065684e-03	4.86404040e-04	8.59650352e-03	2.90397127e-02	1.21350527e-01
4089            	-7.86021411e-03	5.28870792e-04	8.28456594e-03	2.91076360e-02	1.21658924e-01
4090            	-7.84416853e-03	5.76455247e-04	7.96210826e-03	2.92166829e-02	1.22142947e-01
4091            	-7.84466008e-03	6.20164030e-04	7.68898888e-03	2.93599332e-02	1.22769289e-01
4092            	-7.85956505e-03	6.50899511e-04	7.51946329e-03	2.95252558e-02	1.23482678e-01
4093            	-7.88587693e-03	6.62895434e-04	7.48529755e-03	2.96979606e-02	1.24218660e-01
4094            	-7.92026196e-03	6.54359086e-04	7.59244812e-03	2.98607539e-02	1.24903575e-01
4095            	-7.95644683e-03	6.27998517e-04	7.81416339e-03	2.99966202e-02	1.25466900e-01
4096            	-7.99516268e-03	5.93148625e-04	8.09220904e-03	3.00870695e-02	1.25833706e-01
4097            	-8.03698273e-03	5.59339112e-04	8.36703662e-03	3.01144535e-02	1.25932611e-01
4098            	-8.07355171e-03	5.29012010e-04	8.61117170e-03	3.00706093e-02	1.25730221e-01
4099            	-8.08437787e-03	4.89097704e-04	8.87740522e-03	2.99654603e-02	1.25265447e-01
4100            	-8.06170364e-03	4.32401718e-04	9.20001848e-03	2.98235811e-02	1.24641187e-01
4101            	-8.02244661e-03	3.73900594e-04	9.50946350e-03	2.96619083e-02	1.23934514e-01
4102            	-7.98886493e-03	3.36281225e-04	9.69528353e-03	2.94961339e-02	1.23219306e-01
4103            	-7.97409307e-03	3.33639946e-04	9.68793221e-03	2.93351284e-02	1.22536799e-01
4104            	-7.96963382e-03	3.60121751e-04	9.51214225e-03	2.91932617e-02	1.21945863e-01
4105            	-7.96022013e-03	3.99070768e-04	9.25091830e-03	2.90852813e-02	1.21503938e-01
4106            	-7.94028375e-03	4.39607591e-04	8.96504543e-03	2.90245952e-02	1.21264364e-01
4107            	-7.91120459e-03	4.79631835e-04	8.66990102e-03	2.90148715e-02	1.21241948e-01
4108            	-7.88275398e-03	5.22581954e-04	8.35791356e-03	2.90552793e-02	1.21433826e-01
4109            	-7.86488472e-03	5.70516384e-04	8.03060332e-03	2.91420030e-02	1.21823712e-01
4110            	-7.86150353e-03	6.16791035e-04	7.73556562e-03	2.92680389e-02	1.22378629e-01
4111            	-7.87256730e-03	6.53133497e-04	7.52494337e-03	2.94222868e-02	1.23047800e-01
4112            	-7.89625364e-03	6.72826948e-04	7.43828821e-03	2.95893251e-02	1.23763031e-01
4113            	-7.92796025e-03	6.71667070e-04	7.49499186e-03	2.97554327e-02	1.24465071e-01
4114            	-7.96276862e-03	6.50296525e-04	7.68337559e-03	2.99036542e-02	1.25082724e-01
4115            	-7.99812630e-03	6.15632357e-04	7.95554556e-03	3.00155272e-02	1.25540612e-01
4116            	-8.03706132e-03	5.78664790e-04	8.24630492e-03	3.00717282e-02	1.25760546e-01
4117            	-8.07287586e-03	5.45032827e-04	8.51030480e-03	3.00604856e-02	1.25695056e-01
4118            	-8.09255847e-03	5.09079894e-04	8.76455976e-03	2.99828194e-02	1.25347209e-01
4119            	-8.07717267e-03	4.55863436e-04	9.07585215e-03	2.98604980e-02	1.24805899e-01
4120            	-8.03693876e-03	3.92845824e-04	9.41220981e-03	2.97132290e-02	1.24157708e-01
4121            	-7.99470698e-03	3.42237904e-04	9.66708661e-03	2.95586438e-02	1.23484861e-01
4122            	-7.97075045e-03	3.24613212e-04	9.74049481e-03	2.94040812e-02	1.22824170e-01
4123            	-7.96198417e-03	3.40351318e-04	9.62577237e-03	2.92620131e-02	1.22228230e-01
4124            	-7.95224323e-03	3.74129717e-04	9.39621071e-03	2.91485953e-02	1.21760982e-01
4125            	-7.93185564e-03	4.12239015e-04	9.12441718e-03	2.90782746e-02	1.21479468e-01
4126            	-7.90248811e-03	4.51176790e-04	8.83517106e-03	2.90572533e-02	1.21408644e-01
4127            	-7.87119302e-03	4.92621578e-04	8.52815281e-03	2.90839063e-02	1.21541746e-01
4128            	-7.84859437e-03	5.40117685e-04	8.19643569e-03	2.91556668e-02	1.21868396e-01
4129            	-7.84119232e-03	5.89873291e-04	7.87337942e-03	2.92660542e-02	1.22358796e-01
4130            	-7.84909194e-03	6.32558363e-04	7.61799269e-03	2.94093135e-02	1.22984701e-01
4131            	-7.87090126e-03	6.60671855e-04	7.47553744e-03	2.95689505e-02	1.23672688e-01
4132            	-7.90286427e-03	6.68807213e-04	7.47427512e-03	2.97306714e-02	1.24360429e-01
4133            	-7.94144159e-03	6.57152466e-04	7.60738624e-03	2.98783032e-02	1.24979694e-01
4134            	-7.98141284e-03	6.29682721e-04	7.84166706e-03	2.99948538e-02	1.25460385e-01
4135            	-8.02391906e-03	5.96426375e-04	8.11508224e-03	3.00628125e-02	1.25732008e-01
4136            	-8.06628524e-03	5.64968428e-04	8.37569072e-03	3.00668912e-02	1.25732658e-01
4137            	-8.09960554e-03	5.34557035e-04	8.61548503e-03	3.00010450e-02	1.25436745e-01
4138            	-8.10054550e-03	4.88549392e-04	8.90560227e-03	2.98828155e-02	1.24914628e-01
4139            	-8.07027113e-03	4.27295837e-04	9.24571913e-03	2.97339870e-02	1.24259542e-01
4140            	-8.02839440e-03	3.70382008e-04	9.54113621e-03	2.95740212e-02	1.23560956e-01
4141            	-7.99761155e-03	3.40363976e-04	9.68286975e-03	2.94142557e-02	1.22873701e-01
4142            	-7.98445669e-03	3.44948395e-04	9.63204459e-03	2.92642134e-02	1.22239854e-01
4143            	-7.97601814e-03	3.73114307e-04	9.43955094e-03	2.91386080e-02	1.21718374e-01
4144            	-7.95884442e-03	4.09313595e-04	9.18410709e-03	2.90526222e-02	1.21368945e-01
4145            	-7.93120854e-03	4.46680342e-04	8.90680334e-03	2.90175517e-02	1.21237164e-01
4146            	-7.89573072e-03	4.83982679e-04	8.61930971e-03	2.90338824e-02	1.21324504e-01
4147            	-7.86459740e-03	5.25830973e-04	8.31019810e-03	2.90985417e-02	1.21618859e-01
4148            	-7.84730782e-03	5.73193383e-04	7.98726718e-03	2.92049264e-02	1.22091595e-01
4149            	-7.84626088e-03	6.17253178e-04	7.70962818e-03	2.93467146e-02	1.22712012e-01
4150            	-7.86006606e-03	6.49030714e-04	7.53187703e-03	2.95109325e-02	1.23421197e-01
4151            	-7.88558186e-03	6.62516406e-04	7.48712925e-03	2.96836620e-02	1.24157911e-01
4152            	-7.91923615e-03	6.55459823e-04	7.58387993e-03	2.98480520e-02	1.24850208e-01
4153            	-7.95500009e-03	6.30027746e-04	7.79914201e-03	2.99870986e-02	1.25427401e-01
4154            	-7.99267835e-03	5.95092841e-04	8.07625150e-03	3.00822391e-02	1.25814166e-01
4155            	-8.03411488e-03	5.60752402e-04	8.35392646e-03	3.01150355e-02	1.25935864e-01
4156            	-8.07108646e-03	5.29978316e-04	8.60151382e-03	3.00764204e-02	1.25755473e-01
4157            	-8.08409818e-03	4.91181236e-04	8.86392442e-03	2.99750050e-02	1.25306780e-01
4158            	-8.06305012e-03	4.35403232e-04	9.18313464e-03	2.98355727e-02	1.24693085e-01
4159            	-8.02355176e-03	3.76235000e-04	9.49643994e-03	2.96757106e-02	1.23993800e-01
4160            	-7.98896418e-03	3.36780344e-04	9.69236937e-03	2.95095508e-02	1.23276235e-01
4161            	-7.97316904e-03	3.32115556e-04	9.69627872e-03	2.93475456e-02	1.22588761e-01
4162            	-7.96851766e-03	3.57462172e-04	9.52734082e-03	2.92041546e-02	1.21990932e-01
4163            	-7.95960375e-03	3.96048896e-04	9.26909770e-03	2.90940798e-02	1.21539956e-01
4164            	-7.94025181e-03	4.36743174e-04	8.98304272e-03	2.90300018e-02	1.21286019e-01
4165            	-7.91190354e-03	4.76766655e-04	8.68893172e-03	2.90165693e-02	1.21247820e-01
4166            	-7.88391144e-03	5.19465958e-04	8.37918479e-03	2.90528442e-02	1.21422003e-01
4167            	-7.86597688e-03	5.67419130e-04	8.05164557e-03	2.91355058e-02	1.21794642e-01
4168            	-7.86208466e-03	6.14153984e-04	7.75292497e-03	2.92588428e-02	1.22338401e-01
4169            	-7.87272031e-03	6.51484685e-04	7.53540711e-03	2.94114749e-02	1.23001255e-01
4170            	-7.89597513e-03	6.72486416e-04	7.43987656e-03	2.95777882e-02	1.23714047e-01
4171            	-7.92766909e-03	6.72707545e-04	7.48788487e-03	2.97436843e-02	1.24415751e-01
4172            	-7.96291040e-03	6.52774157e-04	7.66788828e-03	2.98932867e-02	1.25039812e-01
4173            	-7.99832702e-03	6.18637044e-04	7.93689481e-03	3.00080755e-02	1.25510314e-01
4174            	-8.03714543e-03	5.81491786e-04	8.22869095e-03	3.00685680e-02	1.25748464e-01
4175            	-8.07356003e-03	5.47601625e-04	8.49526164e-03	3.00620819e-02	1.25703104e-01
4176            	-8.09547143e-03	5.12349583e-04	8.74839734e-03	2.99880047e-02	1.25370619e-01
4177            	-8.08241656e-03	4.60195517e-04	9.05643073e-03	2.98675671e-02	1.24837484e-01
4178            	-8.04289931e-03	3.97085381e-04	9.39443130e-03	2.97211894e-02	1.24192877e-01
4179            	-7.99972897e-03	3.44792869e-04	9.65856090e-03	2.95668259e-02	1.23520286e-01
4180            	-7.97392893e-03	3.24531775e-04	9.74589893e-03	2.94120173e-02	1.22857629e-01
4181            	-7.96409600e-03	3.38170151e-04	9.64284615e-03	2.92686756e-02	1.22255531e-01
4182            	-7.95454286e-03	3.71149312e-04	9.41855110e-03	2.91531666e-02	1.21779027e-01
4183            	-7.93445417e-03	4.09320451e-04	9.14671587e-03	2.90800362e-02	1.21485496e-01
4184            	-7.90531719e-03	4.48144576e-04	8.85842778e-03	2.90564751e-02	1.21403767e-01
4185            	-7.87311919e-03	4.88911634e-04	8.55427966e-03	2.90809171e-02	1.21527253e-01
4186            	-7.84895873e-03	5.35647403e-04	8.22500760e-03	2.91505610e-02	1.21844720e-01
4187            	-7.84006674e-03	5.85419961e-04	7.89960170e-03	2.92589699e-02	1.22326841e-01
4188            	-7.84680153e-03	6.29051527e-04	7.63647816e-03	2.94003304e-02	1.22945130e-01
4189            	-7.86724240e-03	6.58475771e-04	7.48371117e-03	2.95602679e-02	1.23635051e-01
4190            	-7.89836999e-03	6.68229829e-04	7.47100959e-03	2.97232229e-02	1.24328740e-01
4191            	-7.93676531e-03	6.58106685e-04	7.59422636e-03	2.98726390e-02	1.24956195e-01
4192            	-7.97683006e-03	6.31457012e-04	7.82354372e-03	2.99920027e-02	1.25449164e-01
4193            	-8.01921493e-03	5.98196967e-04	8.09691820e-03	3.00635123e-02	1.25735905e-01
4194            	-8.06235770e-03	5.66655003e-04	8.35928694e-03	3.00720315e-02	1.25755384e-01
4195            	-8.09750295e-03	5.36791935e-04	8.59835870e-03	3.00100212e-02	1.25475895e-01
4196            	-8.10150036e-03	4.92368881e-04	8.88299622e-03	2.98937476e-02	1.24962503e-01
4197            	-8.07328345e-03	4.31740485e-04	9.22221850e-03	2.97462750e-02	1.24313300e-01
4198            	-8.03203521e-03	3.73692291e-04	9.52575453e-03	2.95860486e-02	1.23613101e-01
4199            	-8.00050372e-03	3.41264611e-04	9.68163527e-03	2.94252778e-02	1.22920718e-01
4200            	-7.98682809e-03	3.43684753e-04	9.64372368e-03	2.92733151e-02	1.22277946e-01
4201            	-7.97895186e-03	3.70871009e-04	9.45822331e-03	2.91449968e-02	1.21744549e-01
4202            	-7.96297258e-03	4.07097260e-04	9.20432029e-03	2.90555300e-02	1.21380241e-01
4203            	-7.93641667e-03	4.44520864e-04	8.92817885e-03	2.90166973e-02	1.21232395e-01
4204            	-7.90138037e-03	4.81652442e-04	8.64235670e-03	2.90291740e-02	1.21303245e-01
4205            	-7.86961767e-03	5.22942512e-04	8.33579851e-03	2.90901443e-02	1.21581754e-01
4206            	-7.85111578e-03	5.70068706e-04	8.01253289e-03	2.91938213e-02	1.22043018e-01
4207            	-7.84866782e-03	6.14641217e-04	7.72955875e-03	2.93333106e-02	1.22654004e-01
4208            	-7.86111465e-03	6.47342188e-04	7.54395041e-03	2.94968074e-02	1.23360632e-01
4209            	-7.88599840e-03	6.62278566e-04	7.48910325e-03	2.96691788e-02	1.24096397e-01
4210            	-7.91908088e-03	6.56771970e-04	7.57524176e-03	2.98347884e-02	1.24794475e-01
4211            	-7.95429398e-03	6.32366971e-04	7.78325943e-03	2.99766767e-02	1.25384137e-01
4212            	-7.99111691e-03	5.97518767e-04	8.05861750e-03	3.00762311e-02	1.25789747e-01
4213            	-8.03177312e-03	5.62639317e-04	8.33861387e-03	3.01146459e-02	1.25935153e-01
4214            	-8.06870391e-03	5.31345781e-04	8.58945508e-03	3.00818421e-02	1.25779247e-01
4215            	-8.08375375e-03	4.93557444e-04	8.84850940e-03	2.99847334e-02	1.25349038e-01
4216            	-8.06470092e-03	4.38832142e-04	9.16400471e-03	2.98470948e-02	1.24743124e-01
4217            	-8.02517623e-03	3.79064124e-04	9.48104426e-03	2.96887467e-02	1.24049976e-01
4218            	-7.98892640e-03	3.37408407e-04	9.68842549e-03	2.95240397e-02	1.23337815e-01
4219            	-7.97196588e-03	3.30464511e-04	9.70499541e-03	2.93613211e-02	1.22646491e-01
4220            	-7.96714658e-03	3.54483074e-04	9.54416662e-03	2.92157960e-02	1.22039092e-01
4221            	-7.95878591e-03	3.92935863e-04	9.28754338e-03	2.91033616e-02	1.21577995e-01
4222            	-7.93997363e-03	4.33708593e-04	9.00172744e-03	2.90367485e-02	1.21313297e-01
4223            	-7.91201648e-03	4.74044371e-04	8.70616235e-03	2.90200808e-02	1.21261475e-01
4224            	-7.88419057e-03	5.16596119e-04	8.39757064e-03	2.90522802e-02	1.21418294e-01
4225            	-7.86615613e-03	5.64442399e-04	8.07055140e-03	2.91307930e-02	1.21773315e-01
4226            	-7.86211753e-03	6.11766960e-04	7.76788454e-03	2.92506566e-02	1.22302608e-01
4227            	-7.87252931e-03	6.50167020e-04	7.54326614e-03	2.94013673e-02	1.22957835e-01
4228            	-7.89544659e-03	6.72521013e-04	7.43870178e-03	2.95668426e-02	1.23667716e-01
4229            	-7.92683325e-03	6.74046779e-04	7.47806505e-03	2.97330481e-02	1.24371341e-01
4230            	-7.96255102e-03	6.55310760e-04	7.65126837e-03	2.98836293e-02	1.25000012e-01
4231            	-7.99853697e-03	6.22000567e-04	7.91596534e-03	3.00009259e-02	1.25481449e-01
4232            	-8.03732392e-03	5.84579035e-04	8.20954783e-03	3.00654552e-02	1.25736682e-01
4233            	-8.07403166e-03	5.50196877e-04	8.47972467e-03	3.00636239e-02	1.25710943e-01
4234            	-8.09777758e-03	5.15560770e-04	8.73171176e-03	2.99930906e-02	1.25393636e-01
4235            	-8.08719712e-03	4.64506689e-04	9.03646744e-03	2.98746646e-02	1.24869230e-01
4236            	-8.04876923e-03	4.01443853e-04	9.37578311e-03	2.97290025e-02	1.24227494e-01
4237            	-8.00506924e-03	3.47672113e-04	9.64846080e-03	2.95742068e-02	1.23552404e-01
4238            	-7.97737500e-03	3.24821331e-04	9.74933845e-03	2.94193691e-02	1.22888737e-01
4239            	-7.96620995e-03	3.36452725e-04	9.65697130e-03	2.92758457e-02	1.22285176e-01
4240            	-7.95666132e-03	3.68427178e-04	9.43899280e-03	2.91584355e-02	1.21800171e-01
4241            	-7.93707002e-03	4.06144752e-04	9.17069587e-03	2.90821784e-02	1.21493102e-01
4242            	-7.90835166e-03	4.44908719e-04	8.88332133e-03	2.90556533e-02	1.21398639e-01
4243            	-7.87545504e-03	4.85174632e-04	8.58121182e-03	2.90781457e-02	1.21513653e-01
4244            	-7.84977762e-03	5.31266090e-04	8.25370468e-03	2.91461423e-02	1.21823949e-01
4245            	-7.83919346e-03	5.81054675e-04	7.92565162e-03	2.92530520e-02	1.22299869e-01
4246            	-7.84463845e-03	6.25448934e-04	7.65577854e-03	2.93926371e-02	1.22911015e-01
4247            	-7.86418835e-03	6.56101161e-04	7.49390729e-03	2.95516325e-02	1.23597484e-01
4248            	-7.89442791e-03	6.67164343e-04	7.47163727e-03	2.97157736e-02	1.24296828e-01
4249            	-7.93229294e-03	6.58395171e-04	7.58555739e-03	2.98674584e-02	1.24934515e-01
4250            	-7.97207186e-03	6.32839149e-04	7.80761592e-03	2.99897122e-02	1.25440203e-01
4251            	-8.01441037e-03	5.99832628e-04	8.07941751e-03	3.00649671e-02	1.25742953e-01
4252            	-8.05806377e-03	5.68078609e-04	8.34398031e-03	3.00770802e-02	1.25777577e-01
4253            	-8.09467016e-03	5.38541564e-04	8.58320515e-03	3.00195397e-02	1.25517185e-01
4254            	-8.10141768e-03	4.95539812e-04	8.86295755e-03	2.99055560e-02	1.25013925e-01
4255            	-8.07567532e-03	4.36029289e-04	9.19879642e-03	2.97583462e-02	1.24366048e-01
4256            	-8.03492697e-03	3.77140339e-04	9.50841171e-03	2.95981346e-02	1.23665518e-01
4257            	-8.00277837e-03	3.42619658e-04	9.67661597e-03	2.94360611e-02	1.22966820e-01
4258            	-7.98859459e-03	3.42782726e-04	9.65221185e-03	2.92822067e-02	1.22315245e-01
4259            	-7.98127319e-03	3.68876927e-04	9.47439813e-03	2.91517097e-02	1.21772183e-01
4260            	-7.96650980e-03	4.05087538e-04	9.22234233e-03	2.90591655e-02	1.21394711e-01
4261            	-7.94093824e-03	4.42516733e-04	8.94755822e-03	2.90167722e-02	1.21231664e-01
4262            	-7.90640927e-03	4.79425712e-04	8.66384418e-03	2.90255935e-02	1.21286841e-01
4263            	-7.87420229e-03	5.20292843e-04	8.35927008e-03	2.90828580e-02	1.21549455e-01
4264            	-7.85465379e-03	5.67136399e-04	8.03621354e-03	2.91835507e-02	1.21998023e-01
4265            	-7.85100507e-03	6.12027677e-04	7.74941885e-03	2.93208726e-02	1.22600053e-01
4266            	-7.86231413e-03	6.45601065e-04	7.55658395e-03	2.94832132e-02	1.23302253e-01
4267            	-7.88634297e-03	6.61785920e-04	7.49258377e-03	2.96555936e-02	1.24038628e-01
4268            	-7.91900941e-03	6.57459223e-04	7.57067512e-03	2.98221341e-02	1.24741121e-01
4269            	-7.95405302e-03	6.34252498e-04	7.77092117e-03	2.99665044e-02	1.25341748e-01
4270            	-7.99019856e-03	5.99805494e-04	8.04280728e-03	3.00701633e-02	1.25764963e-01
4271            	-8.03020039e-03	5.64432522e-04	8.32501551e-03	3.01140324e-02	1.25933388e-01
4272            	-8.06688407e-03	5.32485837e-04	8.57965246e-03	3.00866666e-02	1.25800356e-01
4273            	-8.08374112e-03	4.95491492e-04	8.83636507e-03	2.99936400e-02	1.25387618e-01
4274            	-8.06630668e-03	4.41713411e-04	9.14826767e-03	2.98582197e-02	1.24791303e-01
4275            	-8.02708628e-03	3.81631822e-04	9.46772471e-03	2.97008030e-02	1.24101869e-01
4276            	-7.98968993e-03	3.38054803e-04	9.68553191e-03	2.95366517e-02	1.23391349e-01
4277            	-7.97123135e-03	3.28661732e-04	9.71534651e-03	2.93743386e-02	1.22700912e-01
4278            	-7.96588930e-03	3.51239673e-04	9.56281187e-03	2.92272453e-02	1.22086317e-01
4279            	-7.95784669e-03	3.89453164e-04	9.30813396e-03	2.91122286e-02	1.21614120e-01
4280            	-7.93941055e-03	4.30337380e-04	9.02211835e-03	2.90426076e-02	1.21336656e-01
4281            	-7.91189908e-03	4.70720433e-04	8.72685973e-03	2.90232300e-02	1.21273321e-01
4282            	-7.88397043e-03	5.13377033e-04	8.41743607e-03	2.90520929e-02	1.21416008e-01
4283            	-7.86565488e-03	5.61413210e-04	8.08879258e-03	2.91272131e-02	1.21756743e-01
4284            	-7.86140296e-03	6.09446800e-04	7.78132863e-03	2.92437187e-02	1.22272116e-01
4285            	-7.87159070e-03	6.48841425e-04	7.55009353e-03	2.93922432e-02	1.22918560e-01
4286            	-7.89433048e-03	6.72370269e-04	7.43785207e-03	2.95566566e-02	1.23624502e-01
4287            	-7.92576262e-03	6.75068645e-04	7.46990649e-03	2.97228805e-02	1.24328751e-01
4288            	-7.96185089e-03	6.57411997e-04	7.63689170e-03	2.98748779e-02	1.24963882e-01
4289            	-7.99799035e-03	6.24699333e-04	7.89814380e-03	2.99948052e-02	1.25456711e-01
4290            	-8.03693748e-03	5.87238511e-04	8.19229077e-03	3.00631191e-02	1.25728014e-01
4291            	-8.07432048e-03	5.52664221e-04	8.46472611e-03	3.00656443e-02	1.25720709e-01
4292            	-8.10002402e-03	5.18648222e-04	8.71570700e-03	2.99987121e-02	1.25418823e-01
4293            	-8.09175270e-03	4.68626975e-04	9.01736191e-03	2.98821858e-02	1.24902690e-01
4294            	-8.05427369e-03	4.05607820e-04	9.35781652e-03	2.97371932e-02	1.24263657e-01
4295            	-8.00993216e-03	3.50398705e-04	9.63863597e-03	2.95821664e-02	1.23586985e-01
4296            	-7.98066914e-03	3.24903404e-04	9.75389422e-03	2.94268785e-02	1.22920478e-01
4297            	-7.96868654e-03	3.34351229e-04	9.67407008e-03	2.92821207e-02	1.22310883e-01
4298            	-7.95928009e-03	3.65635989e-04	9.46060947e-03	2.91629618e-02	1.21818127e-01
4299            	-7.94019845e-03	4.03387280e-04	9.19278660e-03	2.90841375e-02	1.21500049e-01
4300            	-7.91163752e-03	4.42007029e-04	8.90647847e-03	2.90548671e-02	1.21393800e-01
4301            	-7.87782084e-03	4.81753516e-04	8.60622223e-03	2.90748461e-02	1.21497934e-01
4302            	-7.85072013e-03	5.27092014e-04	8.28129806e-03	2.91412061e-02	1.21801082e-01
4303            	-7.83850554e-03	5.76837647e-04	7.95105546e-03	2.92466225e-02	1.22270790e-01
4304            	-7.84256507e-03	6.21898750e-04	7.67489553e-03	2.93852101e-02	1.22878094e-01
4305            	-7.86130313e-03	6.53679241e-04	7.50467773e-03	2.95434681e-02	1.23561926e-01
4306            	-7.89109807e-03	6.66166706e-04	7.47274251e-03	2.97078134e-02	1.24262703e-01
4307            	-7.92821588e-03	6.58666647e-04	7.57756652e-03	2.98618187e-02	1.24910811e-01
4308            	-7.96731292e-03	6.34013205e-04	7.79298565e-03	2.99875429e-02	1.25431666e-01
4309            	-8.00919086e-03	6.01284066e-04	8.06244596e-03	3.00668478e-02	1.25751782e-01
4310            	-8.05326452e-03	5.69501119e-04	8.32790514e-03	3.00830993e-02	1.25803950e-01
4311            	-8.09113326e-03	5.40325248e-04	8.56676723e-03	3.00294115e-02	1.25559966e-01
4312            	-8.10046031e-03	4.98670882e-04	8.84184764e-03	2.99178986e-02	1.25067560e-01
4313            	-8.07683179e-03	4.40140109e-04	9.17465706e-03	2.97713476e-02	1.24422688e-01
4314            	-8.03704748e-03	3.80761431e-04	9.48880466e-03	2.96101669e-02	1.23717741e-01
4315            	-8.00406617e-03	3.44030231e-04	9.66975931e-03	2.94476495e-02	1.23016422e-01
4316            	-7.98934136e-03	3.41893569e-04	9.65908286e-03	2.92923756e-02	1.22358061e-01
4317            	-7.98273987e-03	3.66818637e-04	9.48968972e-03	2.91593882e-02	1.21803963e-01
4318            	-7.96929202e-03	4.02813917e-04	9.24089903e-03	2.90635971e-02	1.21412520e-01
4319            	-7.94465114e-03	4.40411621e-04	8.96636404e-03	2.90176047e-02	1.21234166e-01
4320            	-7.91062413e-03	4.77448929e-04	8.68252728e-03	2.90229183e-02	1.21274445e-01
4321            	-7.87816928e-03	5.17911746e-04	8.38010544e-03	2.90768209e-02	1.21522620e-01
4322            	-7.85783715e-03	5.64410351e-04	8.05804671e-03	2.91746074e-02	1.21958766e-01
4323            	-7.85323243e-03	6.09591835e-04	7.76798577e-03	2.93095818e-02	1.22551033e-01
4324            	-7.86358672e-03	6.43991857e-04	7.56849871e-03	2.94706739e-02	1.23248388e-01
4325            	-7.88696205e-03	6.61413355e-04	7.49571148e-03	2.96425646e-02	1.23983247e-01
4326            	-7.91894669e-03	6.58174435e-04	7.56595091e-03	2.98102535e-02	1.24691090e-01
4327            	-7.95401977e-03	6.35698037e-04	7.76166883e-03	2.99566967e-02	1.25300753e-01
4328            	-7.98978105e-03	6.01567731e-04	8.03104988e-03	3.00641755e-02	1.25740286e-01
4329            	-8.02917086e-03	5.65984265e-04	8.31375170e-03	3.01129861e-02	1.25929638e-01
4330            	-8.06543992e-03	5.33517225e-04	8.57110502e-03	3.00911664e-02	1.25820019e-01
4331            	-8.08385236e-03	4.97254751e-04	8.82549535e-03	3.00021170e-02	1.25424299e-01
4332            	-8.06788028e-03	4.44222796e-04	9.13483911e-03	2.98690114e-02	1.24837921e-01
4333            	-8.02916052e-03	3.83926029e-04	9.45637292e-03	2.97120963e-02	1.24150365e-01
4334            	-7.99037845e-03	3.38518483e-04	9.68367905e-03	2.95488424e-02	1.23443020e-01
4335            	-7.97038534e-03	3.26887844e-04	9.72533202e-03	2.93868384e-02	1.22753173e-01
4336            	-7.96450945e-03	3.47889844e-04	9.58193555e-03	2.92390594e-02	1.22135094e-01
4337            	-7.95670273e-03	3.85658604e-04	9.33037028e-03	2.91217164e-02	1.21652792e-01
4338            	-7.93848645e-03	4.26678061e-04	9.04376999e-03	2.90490760e-02	1.21362512e-01
4339            	-7.91127140e-03	4.67374935e-04	8.74691747e-03	2.90267797e-02	1.21286868e-01
4340            	-7.88317806e-03	5.10037551e-04	8.43718758e-03	2.90531648e-02	1.21419051e-01
4341            	-7.86432929e-03	5.58178911e-04	8.10709494e-03	2.91252468e-02	1.21746950e-01
4342            	-7.85988687e-03	6.07005586e-04	7.79434184e-03	2.92380769e-02	1.22247045e-01
4343            	-7.86966705e-03	6.47345425e-04	7.55653176e-03	2.93846119e-02	1.22885559e-01
4344            	-7.89228929e-03	6.72001500e-04	7.43700366e-03	2.95479646e-02	1.23587569e-01
4345            	-7.92390748e-03	6.75724144e-04	7.46289802e-03	2.97140724e-02	1.24291820e-01
4346            	-7.96057060e-03	6.58977139e-04	7.62504165e-03	2.98670193e-02	1.24931358e-01
4347            	-7.99725400e-03	6.26941178e-04	7.88290699e-03	2.99891075e-02	1.25433576e-01
4348            	-8.03612747e-03	5.89638862e-04	8.17603319e-03	3.00610450e-02	1.25720329e-01
4349            	-8.07417204e-03	5.54951926e-04	8.45021177e-03	3.00678535e-02	1.25731187e-01
4350            	-8.10179582e-03	5.21471698e-04	8.70066856e-03	3.00043503e-02	1.25443965e-01
4351            	-8.09581902e-03	4.72314472e-04	9.00026085e-03	2.98899191e-02	1.24936882e-01
4352            	-8.05945437e-03	4.09482061e-04	9.34119462e-03	2.97458302e-02	1.24301613e-01
4353            	-8.01470943e-03	3.53173314e-04	9.62838572e-03	2.95905447e-02	1.23623351e-01
4354            	-7.98406747e-03	3.25510908e-04	9.75529553e-03	2.94346028e-02	1.22953283e-01
4355            	-7.97138954e-03	3.32947089e-04	9.68712174e-03	2.92884931e-02	1.22337225e-01
4356            	-7.96223257e-03	3.63332865e-04	9.47963922e-03	2.91676726e-02	1.21837030e-01
4357            	-7.94364898e-03	4.00831273e-04	9.21407850e-03	2.90865740e-02	1.21509122e-01
4358            	-7.91508143e-03	4.39343100e-04	8.92838185e-03	2.90546239e-02	1.21391384e-01
4359            	-7.88039751e-03	4.78546531e-04	8.63022370e-03	2.90722286e-02	1.21485228e-01
4360            	-7.85205801e-03	5.23313420e-04	8.30702765e-03	2.91363320e-02	1.21778566e-01
4361            	-7.83842444e-03	5.72978984e-04	7.97512786e-03	2.92404037e-02	1.22242656e-01
4362            	-7.84105441e-03	6.18573362e-04	7.69343343e-03	2.93779273e-02	1.22845800e-01
4363            	-7.85835746e-03	6.51197597e-04	7.51574173e-03	2.95361157e-02	1.23529850e-01
4364            	-7.88737809e-03	6.65003992e-04	7.47433021e-03	2.97006756e-02	1.24232096e-01
4365            	-7.92410884e-03	6.58634456e-04	7.57145389e-03	2.98559989e-02	1.24886248e-01
4366            	-7.96271026e-03	6.34851392e-04	7.78068378e-03	2.99846541e-02	1.25419914e-01
4367            	-8.00384710e-03	6.02498537e-04	8.04674824e-03	3.00681018e-02	1.25757849e-01
4368            	-8.04783461e-03	5.70753922e-04	8.31193403e-03	3.00888814e-02	1.25829292e-01
4369            	-8.08650403e-03	5.41726224e-04	8.55109926e-03	3.00394846e-02	1.25603566e-01
4370            	-8.09838802e-03	5.01565975e-04	8.82055011e-03	2.99301928e-02	1.25120930e-01
4371            	-8.07650582e-03	4.43942852e-04	9.15024421e-03	2.97854615e-02	1.24484042e-01
4372            	-8.03790154e-03	3.84389370e-04	9.46727363e-03	2.96235363e-02	1.23775728e-01
4373            	-8.00483654e-03	3.45879183e-04	9.65936644e-03	2.94597135e-02	1.23068201e-01
4374            	-7.98978992e-03	3.41705050e-04	9.66108469e-03	2.93028029e-02	1.22402198e-01
4375            	-7.98364636e-03	3.65593076e-04	9.49888524e-03	2.91675820e-02	1.21838236e-01
4376            	-7.97117329e-03	4.01187384e-04	9.25402172e-03	2.90689501e-02	1.21434535e-01
4377            	-7.94742448e-03	4.38380526e-04	8.98331271e-03	2.90196142e-02	1.21241773e-01
4378            	-7.91420215e-03	4.75288985e-04	8.70142871e-03	2.90213541e-02	1.21266751e-01
4379            	-7.88190327e-03	5.15499074e-04	8.40079586e-03	2.90718543e-02	1.21500335e-01
4380            	-7.86100412e-03	5.61785330e-04	8.07921241e-03	2.91667315e-02	1.21924068e-01
4381            	-7.85541617e-03	6.07301803e-04	7.78556299e-03	2.92993738e-02	1.22506636e-01
4382            	-7.86478759e-03	6.42654685e-04	7.57859004e-03	2.94589928e-02	1.23198232e-01
4383            	-7.88736650e-03	6.61164739e-04	7.49774348e-03	2.96303841e-02	1.23931511e-01
4384            	-7.91875640e-03	6.58907821e-04	7.56091517e-03	2.97986757e-02	1.24642382e-01
4385            	-7.95361017e-03	6.37179640e-04	7.75163123e-03	2.99472028e-02	1.25261179e-01
4386            	-7.98908678e-03	6.03060399e-04	8.02059031e-03	3.00580667e-02	1.25715050e-01
4387            	-8.02832314e-03	5.67102638e-04	8.30549696e-03	3.01111997e-02	1.25922574e-01
4388            	-8.06444291e-03	5.34374724e-04	8.56431780e-03	3.00947734e-02	1.25835764e-01
4389            	-8.08421646e-03	4.98910717e-04	8.81567717e-03	3.00102421e-02	1.25459443e-01
4390            	-8.06977746e-03	4.46830928e-04	9.12126038e-03	2.98792186e-02	1.24882083e-01
4391            	-8.03118744e-03	3.86189906e-04	9.44514664e-03	2.97232749e-02	1.24198415e-01
4392            	-7.99104254e-03	3.39045205e-04	9.68140425e-03	2.95606661e-02	1.23493172e-01
4393            	-7.96937069e-03	3.25057347e-04	9.73544499e-03	2.93988084e-02	1.22803162e-01
4394            	-7.96287454e-03	3.44448596e-04	9.60125899e-03	2.92502831e-02	1.22181351e-01
4395            	-7.95528428e-03	3.81645185e-04	9.35356634e-03	2.91313007e-02	1.21691833e-01
4396            	-7.93732668e-03	4.22797254e-04	9.06644474e-03	2.90562047e-02	1.21391127e-01
4397            	-7.91043197e-03	4.63886911e-04	8.76753422e-03	2.90312103e-02	1.21304114e-01
4398            	-7.88196676e-03	5.06625460e-04	8.45675221e-03	2.90547695e-02	1.21424332e-01
4399            	-7.86239929e-03	5.54717069e-04	8.12590852e-03	2.91246508e-02	1.21742943e-01
4400            	-7.85736198e-03	6.04136519e-04	7.80854539e-03	2.92348608e-02	1.22232222e-01
4401            	-7.86694273e-03	6.45692751e-04	7.56277648e-03	2.93785587e-02	1.22859217e-01
4402            	-7.88948384e-03	6.71671088e-04	7.43479236e-03	2.95404231e-02	1.23555506e-01
4403            	-7.92122991e-03	6.76701806e-04	7.45264019e-03	2.97063295e-02	1.24259504e-01
4404            	-7.95845410e-03	6.61091833e-04	7.60847311e-03	2.98600469e-02	1.24902793e-01
4405            	-7.99588176e-03	6.29581333e-04	7.86419188e-03	2.99839865e-02	1.25413060e-01
4406            	-8.03513721e-03	5.92397887e-04	8.15720944e-03	3.00594097e-02	1.25714670e-01
4407            	-8.07380921e-03	5.57393807e-04	8.43438055e-03	3.00701420e-02	1.25742062e-01
4408            	-8.10276335e-03	5.23993219e-04	8.68633729e-03	3.00105057e-02	1.25471253e-01
4409            	-8.09880278e-03	4.75647772e-04	8.98379795e-03	2.98983363e-02	1.24973954e-01
4410            	-8.06419279e-03	4.13282242e-04	9.32438061e-03	2.97547235e-02	1.24340656e-01
4411            	-8.01954972e-03	3.56230027e-04	9.61642923e-03	2.95989975e-02	1.23660110e-01
4412            	-7.98762894e-03	3.26663199e-04	9.75348175e-03	2.94425800e-02	1.22987338e-01
4413            	-7.97395736e-03	3.32230910e-04	9.69561587e-03	2.92952335e-02	1.22365385e-01
4414            	-7.96485207e-03	3.61492570e-04	9.49526123e-03	2.91724535e-02	1.21856427e-01
4415            	-7.94689964e-03	3.98739101e-04	9.23215134e-03	2.90891564e-02	1.21519004e-01
4416            	-7.91869795e-03	4.37086008e-04	8.94794818e-03	2.90551634e-02	1.21392479e-01
4417            	-7.88338358e-03	4.75724499e-04	8.65238363e-03	2.90703319e-02	1.21475742e-01
4418            	-7.85374573e-03	5.19735445e-04	8.33200978e-03	2.91319344e-02	1.21758198e-01
4419            	-7.83873384e-03	5.69300240e-04	7.99867035e-03	2.92337986e-02	1.22212914e-01
4420            	-7.83988187e-03	6.15418963e-04	7.71142203e-03	2.93703241e-02	1.22812175e-01
4421            	-7.85593035e-03	6.49075818e-04	7.52530057e-03	2.95280708e-02	1.23494894e-01
4422            	-7.88368827e-03	6.64073309e-04	7.47450185e-03	2.96936457e-02	1.24202050e-01
4423            	-7.92003295e-03	6.58738577e-04	7.56453415e-03	2.98502736e-02	1.24862171e-01
4424            	-7.95838539e-03	6.35417501e-04	7.77051133e-03	2.99811839e-02	1.25405617e-01
4425            	-7.99889072e-03	6.03124869e-04	8.03532378e-03	3.00683005e-02	1.25759205e-01
4426            	-8.04271106e-03	5.71461576e-04	8.29982554e-03	3.00935928e-02	1.25849857e-01
4427            	-8.08172924e-03	5.42575428e-04	8.53866916e-03	3.00486830e-02	1.25643249e-01
4428            	-8.09583326e-03	5.03830174e-04	8.80249704e-03	2.99421960e-02	1.25172897e-01
4429            	-8.07629503e-03	4.47573391e-04	9.12705482e-03	2.97981614e-02	1.24539249e-01
4430            	-8.03803763e-03	3.87827907e-04	9.44586168e-03	2.96368547e-02	1.23833450e-01
4431            	-8.00467369e-03	3.47742644e-04	9.64750203e-03	2.94719825e-02	1.23120865e-01
4432            	-7.98937160e-03	3.41679437e-04	9.66078777e-03	2.93133434e-02	1.22446858e-01
4433            	-7.98390305e-03	3.64351545e-04	9.50725161e-03	2.91755717e-02	1.21871612e-01
4434            	-7.97260052e-03	3.99548960e-04	9.26657753e-03	2.90740073e-02	1.21455258e-01
4435            	-7.94980973e-03	4.36383642e-04	8.99949418e-03	2.90210141e-02	1.21246762e-01
4436            	-7.91724039e-03	4.72961792e-04	8.72060999e-03	2.90192885e-02	1.21256840e-01
4437            	-7.88500235e-03	5.12915146e-04	8.42164920e-03	2.90668314e-02	1.21477738e-01
4438            	-7.86350095e-03	5.59146579e-04	8.09949066e-03	2.91590065e-02	1.21890018e-01
4439            	-7.85707071e-03	6.04967970e-04	7.80264363e-03	2.92892945e-02	1.22462778e-01
4440            	-7.86574667e-03	6.41316972e-04	7.58832845e-03	2.94473493e-02	1.23148210e-01
4441            	-7.88767439e-03	6.61039311e-04	7.49885480e-03	2.96180934e-02	1.23879313e-01
4442            	-7.91847676e-03	6.59853763e-04	7.55440782e-03	2.97869443e-02	1.24593069e-01
4443            	-7.95324211e-03	6.38855979e-04	7.74042013e-03	2.99374376e-02	1.25220529e-01
4444            	-7.98848687e-03	6.04888005e-04	8.00814065e-03	3.00517333e-02	1.25689033e-01
4445            	-8.02730887e-03	5.68507863e-04	8.29517145e-03	3.01096431e-02	1.25916669e-01
4446            	-8.06361306e-03	5.35510347e-04	8.55600648e-03	3.00984780e-02	1.25852056e-01
4447            	-8.08504437e-03	5.00786287e-04	8.80514847e-03	3.00183400e-02	1.25494530e-01
4448            	-8.07202696e-03	4.49470842e-04	9.10800705e-03	2.98903515e-02	1.24930208e-01
4449            	-8.03361629e-03	3.88605818e-04	9.43357375e-03	2.97355806e-02	1.24251331e-01
4450            	-7.99261716e-03	3.39944849e-04	9.67813636e-03	2.95727819e-02	1.23544652e-01
4451            	-7.96928959e-03	3.23680721e-04	9.74408138e-03	2.94106998e-02	1.22852909e-01
4452            	-7.96171545e-03	3.41019762e-04	9.62121971e-03	2.92612798e-02	1.22226618e-01
4453            	-7.95406665e-03	3.77419964e-04	9.37840113e-03	2.91406984e-02	1.21730007e-01
4454            	-7.93631426e-03	4.18574143e-04	9.09148691e-03	2.90631965e-02	1.21419039e-01
4455            	-7.90974743e-03	4.59962050e-04	8.79111523e-03	2.90354803e-02	1.21320496e-01
4456            	-7.88065966e-03	5.02755873e-04	8.47903860e-03	2.90562623e-02	1.21428951e-01
4457            	-7.86004506e-03	5.50814556e-04	8.14685372e-03	2.91235232e-02	1.21736481e-01
4458            	-7.85423420e-03	6.00836475e-04	7.82454072e-03	2.92315326e-02	1.22216744e-01
4459            	-7.86311138e-03	6.43635012e-04	7.56989663e-03	2.93733348e-02	1.22836315e-01
4460            	-7.88524455e-03	6.71068805e-04	7.43214408e-03	2.95338904e-02	1.23527727e-01
4461            	-7.91706352e-03	6.77656733e-04	7.44030012e-03	2.96993676e-02	1.24230554e-01
4462            	-7.95494970e-03	6.63320201e-04	7.58912092e-03	2.98535392e-02	1.24876286e-01
4463            	-7.99322545e-03	6.32262309e-04	7.84330644e-03	2.99794401e-02	1.25395064e-01
4464            	-8.03304098e-03	5.94935907e-04	8.13813057e-03	3.00583265e-02	1.25711351e-01
4465            	-8.07217205e-03	5.59614909e-04	8.41805276e-03	3.00731714e-02	1.25756071e-01
4466            	-8.10267285e-03	5.26580494e-04	8.67001132e-03	3.00173740e-02	1.25501602e-01
4467            	-8.10117479e-03	4.79221653e-04	8.96488217e-03	2.99075554e-02	1.25014499e-01
4468            	-8.06814897e-03	4.17082028e-04	9.30639040e-03	2.97655170e-02	1.24387841e-01
4469            	-8.02398541e-03	3.59018436e-04	9.60555293e-03	2.96092545e-02	1.23704485e-01
4470            	-7.99096398e-03	3.27419486e-04	9.75382961e-03	2.94519295e-02	1.23027101e-01
4471            	-7.97635266e-03	3.30833562e-04	9.70817164e-03	2.93031053e-02	1.22398126e-01
4472            	-7.96732454e-03	3.58893149e-04	9.51547895e-03	2.91782854e-02	1.21880032e-01
4473            	-7.95005626e-03	3.95837041e-04	9.25522726e-03	2.90921693e-02	1.21530424e-01
4474            	-7.92245407e-03	4.33902869e-04	8.97359822e-03	2.90552880e-02	1.21391414e-01
4475            	-7.88711254e-03	4.72132295e-04	8.68050992e-03	2.90679889e-02	1.21463990e-01
4476            	-7.85622132e-03	5.15669562e-04	8.36122606e-03	2.91270536e-02	1.21735519e-01
4477            	-7.83962260e-03	5.65106796e-04	8.02631903e-03	2.92268318e-02	1.22181406e-01
4478            	-7.83933310e-03	6.11881218e-04	7.73277683e-03	2.93614303e-02	1.22772817e-01
4479            	-7.85393115e-03	6.46524490e-04	7.53823959e-03	2.95189470e-02	1.23455129e-01
4480            	-7.88079450e-03	6.62818812e-04	7.47790057e-03	2.96848169e-02	1.24164147e-01
4481            	-7.91627284e-03	6.58681414e-04	7.55910684e-03	2.98430073e-02	1.24831456e-01
4482            	-7.95420644e-03	6.36232420e-04	7.75899356e-03	2.99768545e-02	1.25387753e-01
4483            	-7.99412879e-03	6.03909259e-04	8.02319986e-03	3.00677968e-02	1.25757630e-01
4484            	-8.03766027e-03	5.71773347e-04	8.29033401e-03	3.00979715e-02	1.25868864e-01
4485            	-8.07691167e-03	5.42860613e-04	8.52974498e-03	3.00578840e-02	1.25682730e-01
4486            	-8.09302615e-03	5.05688534e-04	8.78663769e-03	2.99550026e-02	1.25228124e-01
4487            	-8.07538277e-03	4.50849673e-04	9.10507108e-03	2.98126976e-02	1.24602190e-01
4488            	-8.03821391e-03	3.91281153e-04	9.42439880e-03	2.96507684e-02	1.23893627e-01
4489            	-8.00416074e-03	3.49672322e-04	9.63468593e-03	2.94853642e-02	1.23178237e-01
4490            	-7.98815443e-03	3.41582088e-04	9.65976216e-03	2.93254305e-02	1.22498070e-01
4491            	-7.98317024e-03	3.62955757e-04	9.51513909e-03	2.91851094e-02	1.21911530e-01
4492            	-7.97321678e-03	3.97669030e-04	9.27947718e-03	2.90801254e-02	1.21480418e-01
4493            	-7.95161588e-03	4.34307674e-04	9.01533350e-03	2.90232866e-02	1.21255446e-01
4494            	-7.91988588e-03	4.70772230e-04	8.73833917e-03	2.90181381e-02	1.21250885e-01
4495            	-7.88779634e-03	5.10425432e-04	8.44144999e-03	2.90623859e-02	1.21457642e-01
4496            	-7.86579530e-03	5.56397399e-04	8.12016091e-03	2.91516027e-02	1.21857282e-01
4497            	-7.85873363e-03	6.02586857e-04	7.82003028e-03	2.92789927e-02	1.22417900e-01
4498            	-7.86660128e-03	6.39832222e-04	7.59883278e-03	2.94357985e-02	1.23098523e-01
4499            	-7.88777313e-03	6.60860143e-04	7.49998968e-03	2.96060835e-02	1.23828314e-01
4500            	-7.91806160e-03	6.60911432e-04	7.54699626e-03	2.97753040e-02	1.24544210e-01
4501            	-7.95286243e-03	6.40856269e-04	7.72715874e-03	2.99274134e-02	1.25178907e-01
4502            	-7.98802872e-03	6.07089185e-04	7.99356368e-03	3.00447964e-02	1.25660594e-01
4503            	-8.02656600e-03	5.70299707e-04	8.28282626e-03	3.01074071e-02	1.25908039e-01
4504            	-8.06305818e-03	5.36970135e-04	8.54607504e-03	3.01015574e-02	1.25865862e-01
4505            	-8.08605601e-03	5.03049660e-04	8.79246240e-03	3.00254500e-02	1.25525595e-01
4506            	-8.07460353e-03	4.52579409e-04	9.09229359e-03	2.99007317e-02	1.24975317e-01
4507            	-8.03654192e-03	3.91478871e-04	9.41985887e-03	2.97476140e-02	1.24303268e-01
4508            	-7.99457998e-03	3.41168415e-04	9.67341122e-03	2.95849917e-02	1.23596691e-01
4509            	-7.96953768e-03	3.22478662e-04	9.75212516e-03	2.94225022e-02	1.22902377e-01
4510            	-7.96082801e-03	3.37921776e-04	9.63952013e-03	2.92720826e-02	1.22271185e-01
4511            	-7.95306444e-03	3.73314411e-04	9.40282911e-03	2.91494938e-02	1.21765650e-01
4512            	-7.93549553e-03	4.14244167e-04	9.11751218e-03	2.90695002e-02	1.21443986e-01
4513            	-7.90928361e-03	4.55725981e-04	8.81698807e-03	2.90393021e-02	1.21334883e-01
4514            	-7.87951511e-03	4.98412466e-04	8.50453594e-03	2.90575932e-02	1.21432731e-01
4515            	-7.85758094e-03	5.46329710e-04	8.17128218e-03	2.91224570e-02	1.21730096e-01
4516            	-7.85073546e-03	5.97001698e-04	7.84334041e-03	2.92279762e-02	1.22200109e-01
4517            	-7.85899607e-03	6.41026918e-04	7.58004907e-03	2.93676434e-02	1.22811170e-01
4518            	-7.88069298e-03	6.69988090e-04	7.43203073e-03	2.95270700e-02	1.23498482e-01
4519            	-7.91249356e-03	6.78249145e-04	7.42963697e-03	2.96922124e-02	1.24200618e-01
4520            	-7.95081783e-03	6.65440542e-04	7.56951155e-03	2.98469624e-02	1.24849429e-01
4521            	-7.98967183e-03	6.35192227e-04	7.81951674e-03	2.99747781e-02	1.25376669e-01
4522            	-8.03001291e-03	5.97807130e-04	8.11557309e-03	3.00569399e-02	1.25706873e-01
4523            	-8.07013839e-03	5.62017653e-04	8.39999029e-03	3.00761262e-02	1.25769849e-01
4524            	-8.10218381e-03	5.29095620e-04	8.65355539e-03	3.00246696e-02	1.25533790e-01
4525            	-8.10347889e-03	4.82986795e-04	8.94465771e-03	2.99169564e-02	1.25055860e-01
4526            	-8.07224177e-03	4.21363032e-04	9.28555000e-03	2.97763828e-02	1.24435449e-01
4527            	-8.02801801e-03	3.62252520e-04	9.59125958e-03	2.96207829e-02	1.23754457e-01
4528            	-7.99397199e-03	3.28506950e-04	9.75159799e-03	2.94624638e-02	1.23072054e-01
4529            	-7.97854903e-03	3.29770612e-04	9.71831857e-03	2.93118808e-02	1.22434841e-01
4530            	-7.96977343e-03	3.56701635e-04	9.53308696e-03	2.91846326e-02	1.21905978e-01
4531            	-7.95333951e-03	3.93332976e-04	9.27597999e-03	2.90956035e-02	1.21543779e-01
4532            	-7.92638711e-03	4.31111739e-04	8.99704479e-03	2.90557026e-02	1.21391742e-01
4533            	-7.89109636e-03	4.68946221e-04	8.70646206e-03	2.90654643e-02	1.21451617e-01
4534            	-7.85921058e-03	5.11692668e-04	8.39064033e-03	2.91221995e-02	1.21712996e-01
4535            	-7.84090364e-03	5.60697485e-04	8.05591263e-03	2.92201826e-02	1.22151179e-01
4536            	-7.83905881e-03	6.07976429e-04	7.75686356e-03	2.93526643e-02	1.22733860e-01
4537            	-7.85223210e-03	6.43713131e-04	7.55328066e-03	2.95092984e-02	1.23412989e-01
4538            	-7.87799977e-03	6.61483882e-04	7.48197603e-03	2.96753888e-02	1.24123646e-01
4539            	-7.91255896e-03	6.58623097e-04	7.55376721e-03	2.98351994e-02	1.24798437e-01
4540            	-7.95004965e-03	6.37066646e-04	7.74738648e-03	2.99717327e-02	1.25366529e-01
4541            	-7.98933391e-03	6.04779957e-04	8.01047218e-03	3.00666508e-02	1.25753379e-01
4542            	-8.03248071e-03	5.72252940e-04	8.27957722e-03	3.01017734e-02	1.25885520e-01
4543            	-8.07185356e-03	5.43120911e-04	8.52059703e-03	3.00670200e-02	1.25721973e-01
4544            	-8.08995767e-03	5.07301275e-04	8.77191074e-03	2.99682611e-02	1.25285229e-01
4545            	-8.07418070e-03	4.53883198e-04	9.08416053e-03	2.98279449e-02	1.24668098e-01
4546            	-8.03782350e-03	3.94480934e-04	9.40368072e-03	2.96658611e-02	1.23958797e-01
4547            	-8.00331252e-03	3.51464799e-04	9.62222467e-03	2.94994982e-02	1.23238778e-01
4548            	-7.98660318e-03	3.41567121e-04	9.65770624e-03	2.93383199e-02	1.22552701e-01
4549            	-7.98173209e-03	3.61546754e-04	9.52207104e-03	2.91956760e-02	1.21955825e-01
4550            	-7.97287755e-03	3.95842995e-04	9.29063511e-03	2.90872036e-02	1.21509709e-01
4551            	-7.95245903e-03	4.32432332e-04	9.02849123e-03	2.90262937e-02	1.21267370e-01
4552            	-7.92168361e-03	4.68855021e-04	8.75311367e-03	2.90172272e-02	1.21246077e-01
4553            	-7.89006280e-03	5.08072590e-04	8.45961773e-03	2.90579119e-02	1.21437483e-01
4554            	-7.86781801e-03	5.53407588e-04	8.14194862e-03	2.91441814e-02	1.21824405e-01
4555            	-7.86003488e-03	5.99668099e-04	7.84027248e-03	2.92693452e-02	1.22375707e-01
4556            	-7.86732669e-03	6.38202758e-04	7.61006929e-03	2.94238480e-02	1.23047075e-01
4557            	-7.88771437e-03	6.60838169e-04	7.49990914e-03	2.95931267e-02	1.23773323e-01
4558            	-7.91721139e-03	6.62225671e-04	7.53732835e-03	2.97632548e-02	1.24493723e-01
4559            	-7.95199110e-03	6.43215651e-04	7.71090609e-03	2.99171510e-02	1.25136458e-01
4560            	-7.98734179e-03	6.09703276e-04	7.97604862e-03	3.00374192e-02	1.25630482e-01
4561            	-8.02578487e-03	5.72415300e-04	8.26840342e-03	3.01044326e-02	1.25896428e-01
4562            	-8.06265871e-03	5.38657554e-04	8.53497109e-03	3.01037497e-02	1.25876005e-01
4563            	-8.08724001e-03	5.05231716e-04	8.78058169e-03	3.00323152e-02	1.25555634e-01
4564            	-8.07798924e-03	4.55871988e-04	9.07663360e-03	2.99101785e-02	1.25016482e-01
4565            	-8.04029245e-03	3.94670876e-04	9.40536589e-03	2.97589831e-02	1.24352430e-01
4566            	-7.99712782e-03	3.42726859e-04	9.66746051e-03	2.95970082e-02	1.23648006e-01
4567            	-7.97016208e-03	3.21496810e-04	9.75937082e-03	2.94342169e-02	1.22951573e-01
4568            	-7.96036499e-03	3.34895711e-04	9.65803436e-03	2.92825190e-02	1.22314246e-01
4569            	-7.95267665e-03	3.69249416e-04	9.42794671e-03	2.91578177e-02	1.21799318e-01
4570            	-7.93541857e-03	4.10134618e-04	9.14327286e-03	2.90750939e-02	1.21465983e-01
4571            	-7.90936620e-03	4.51788372e-04	8.84180481e-03	2.90421886e-02	1.21345404e-01
4572            	-7.87885301e-03	4.94106081e-04	8.53051474e-03	2.90579566e-02	1.21432426e-01
4573            	-7.85560727e-03	5.41477113e-04	8.19874361e-03	2.91204698e-02	1.21719665e-01
4574            	-7.84741562e-03	5.92639996e-04	7.86571445e-03	2.92237117e-02	1.22180294e-01
4575            	-7.85474178e-03	6.38022129e-04	7.59248790e-03	2.93613090e-02	1.22783200e-01
4576            	-7.87585279e-03	6.68753143e-04	7.43245576e-03	2.95195074e-02	1.23466101e-01
4577            	-7.90749151e-03	6.78829134e-04	7.41840492e-03	2.96844534e-02	1.24168182e-01
4578            	-7.94605210e-03	6.67641390e-04	7.54846049e-03	2.98399903e-02	1.24821001e-01
4579            	-7.98533814e-03	6.38587369e-04	7.79164716e-03	2.99695775e-02	1.25356218e-01
4580            	-8.02604812e-03	6.01356625e-04	8.08737543e-03	3.00548389e-02	1.25699658e-01
4581            	-8.06742877e-03	5.65366535e-04	8.37498420e-03	3.00784113e-02	1.25781156e-01
4582            	-8.10116537e-03	5.32163594e-04	8.63284903e-03	3.00318244e-02	1.25565657e-01
4583            	-8.10536482e-03	4.86954563e-04	8.92255570e-03	2.99265770e-02	1.25098334e-01
4584            	-8.07633900e-03	4.26002715e-04	9.26246218e-03	2.97867475e-02	1.24481086e-01
4585            	-8.03202472e-03	3.66052918e-04	9.57335150e-03	2.96317512e-02	1.23802272e-01
4586            	-7.99636896e-03	3.30064931e-04	9.74550357e-03	2.94737196e-02	1.23120335e-01
4587            	-7.98008999e-03	3.29124854e-04	9.72485839e-03	2.93214595e-02	1.22475203e-01
4588            	-7.97188632e-03	3.54938732e-04	9.54748228e-03	2.91913714e-02	1.21933805e-01
4589            	-7.95666534e-03	3.91358082e-04	9.29344541e-03	2.90990410e-02	1.21557384e-01
4590            	-7.93042780e-03	4.28973731e-04	9.01652139e-03	2.90560209e-02	1.21391948e-01
4591            	-7.89526442e-03	4.66400902e-04	8.72863237e-03	2.90629130e-02	1.21439428e-01
4592            	-7.86248774e-03	5.08203000e-04	8.41739067e-03	2.91169464e-02	1.21688997e-01
4593            	-7.84268058e-03	5.56542085e-04	8.08460714e-03	2.92126369e-02	1.22117260e-01
4594            	-7.83921026e-03	6.03919231e-04	7.78250677e-03	2.93437131e-02	1.22694138e-01
4595            	-7.85111441e-03	6.40815388e-04	7.56970641e-03	2.94989486e-02	1.23367863e-01
4596            	-7.87575188e-03	6.60264176e-04	7.48612861e-03	2.96647561e-02	1.24078059e-01
4597            	-7.90932827e-03	6.58839041e-04	7.54740188e-03	2.98258414e-02	1.24758927e-01
4598            	-7.94616021e-03	6.38096996e-04	7.73493680e-03	2.99652811e-02	1.25339769e-01
4599            	-7.98467375e-03	6.06147185e-04	7.99479840e-03	3.00646777e-02	1.25745847e-01
4600            	-8.02735099e-03	5.73210742e-04	8.26586661e-03	3.01048361e-02	1.25899260e-01
4601            	-8.06691413e-03	5.43499042e-04	8.51088396e-03	3.00752666e-02	1.25757518e-01
4602            	-8.08718260e-03	5.08763021e-04	8.75857010e-03	2.99806465e-02	1.25338585e-01
4603            	-8.07316565e-03	4.56682771e-04	9.06498913e-03	2.98430331e-02	1.24733258e-01
4604            	-8.03726664e-03	3.97507205e-04	9.38378264e-03	2.96819277e-02	1.24028067e-01
4605            	-8.00201890e-03	3.53436484e-04	9.60794704e-03	2.95150020e-02	1.23305232e-01
4606            	-7.98450921e-03	3.41714141e-04	9.65380805e-03	2.93525091e-02	1.22612942e-01
4607            	-7.97983766e-03	3.60703460e-04	9.52472166e-03	2.92074499e-02	1.22005441e-01
4608            	-7.97200833e-03	3.94626833e-04	9.29714167e-03	2.90955348e-02	1.21544550e-01
4609            	-7.95262494e-03	4.30991383e-04	9.03790186e-03	2.90306481e-02	1.21285208e-01
4610            	-7.92297578e-03	4.67092183e-04	8.76615427e-03	2.90178990e-02	1.21248113e-01
4611            	-7.89164364e-03	5.05832507e-04	8.47605732e-03	2.90547628e-02	1.21423070e-01
4612            	-7.86913363e-03	5.50768519e-04	8.16047895e-03	2.91373598e-02	1.21794218e-01
4613            	-7.86087586e-03	5.97224066e-04	7.85682374e-03	2.92597923e-02	1.22334080e-01
4614            	-7.86731643e-03	6.36330008e-04	7.62172574e-03	2.94130119e-02	1.23000396e-01
4615            	-7.88702399e-03	6.60273061e-04	7.50230273e-03	2.95810377e-02	1.23721913e-01
4616            	-7.91615293e-03	6.63226577e-04	7.52930379e-03	2.97508679e-02	1.24441707e-01
4617            	-7.95087013e-03	6.45494503e-04	7.69475789e-03	2.99059947e-02	1.25090207e-01
4618            	-7.98594827e-03	6.12413855e-04	7.95685952e-03	3.00293374e-02	1.25597489e-01
4619            	-8.02407616e-03	5.74856942e-04	8.25054477e-03	3.01010284e-02	1.25883227e-01
4620            	-8.06149283e-03	5.40526030e-04	8.52160129e-03	3.01056700e-02	1.25885167e-01
4621            	-8.08828192e-03	5.07523912e-04	8.76782129e-03	3.00387265e-02	1.25583829e-01
4622            	-8.08149099e-03	4.59190975e-04	9.06101057e-03	2.99196245e-02	1.25057698e-01
4623            	-8.04487172e-03	3.98151105e-04	9.39029563e-03	2.97699500e-02	1.24399965e-01
4624            	-8.00030061e-03	3.44625893e-04	9.66030239e-03	2.96090200e-02	1.23699410e-01
4625            	-7.97102298e-03	3.20725545e-04	9.76567330e-03	2.94464747e-02	1.23003133e-01
4626            	-7.96026043e-03	3.31966641e-04	9.67651670e-03	2.92933570e-02	1.22359005e-01
4627            	-7.95297723e-03	3.65459579e-04	9.45240277e-03	2.91661241e-02	1.21832940e-01
4628            	-7.93626077e-03	4.05817470e-04	9.17176854e-03	2.90800625e-02	1.21485169e-01
4629            	-7.91013406e-03	4.47526705e-04	8.86973627e-03	2.90443835e-02	1.21352812e-01
4630            	-7.87861967e-03	4.89576938e-04	8.55857608e-03	2.90579289e-02	1.21430343e-01
4631            	-7.85398763e-03	5.36440315e-04	8.22790923e-03	2.91180273e-02	1.21707217e-01
4632            	-7.84444987e-03	5.87786654e-04	7.89170924e-03	2.92183306e-02	1.22155499e-01
4633            	-7.85061948e-03	6.34270898e-04	7.60980991e-03	2.93538076e-02	1.22749962e-01
4634            	-7.87084415e-03	6.66770638e-04	7.43732024e-03	2.95108583e-02	1.23428818e-01
4635            	-7.90208925e-03	6.78952609e-04	7.40942927e-03	2.96754201e-02	1.24130165e-01
4636            	-7.94075736e-03	6.69601962e-04	7.52810521e-03	2.98313961e-02	1.24785591e-01
4637            	-7.98039705e-03	6.41609580e-04	7.76521583e-03	2.99625638e-02	1.25327971e-01
4638            	-8.02135201e-03	6.04779350e-04	8.05888983e-03	3.00511590e-02	1.25685756e-01
4639            	-8.06356208e-03	5.68701872e-04	8.34837076e-03	3.00789890e-02	1.25785262e-01
4640            	-8.09887178e-03	5.35340831e-04	8.60958874e-03	3.00371313e-02	1.25589744e-01
4641            	-8.10584847e-03	4.90808333e-04	8.89912287e-03	2.99354819e-02	1.25137832e-01
4642            	-8.07919670e-03	4.30294721e-04	9.23977541e-03	2.97973444e-02	1.24527743e-01
4643            	-8.03624661e-03	3.69772760e-04	9.55629713e-03	2.96415745e-02	1.23845156e-01
4644            	-7.99960124e-03	3.31894673e-04	9.73893286e-03	2.94830875e-02	1.23160554e-01
4645            	-7.98173875e-03	3.28715135e-04	9.73009473e-03	2.93306587e-02	1.22514015e-01
4646            	-7.97340391e-03	3.53133737e-04	9.56130569e-03	2.91989869e-02	1.21965401e-01
4647            	-7.95922738e-03	3.89070824e-04	9.31180162e-03	2.91033447e-02	1.21574626e-01
4648            	-7.93405786e-03	4.26560183e-04	9.03718659e-03	2.90563618e-02	1.21392178e-01
4649            	-7.89962516e-03	4.63804880e-04	8.75145888e-03	2.90598681e-02	1.21425097e-01
4650            	-7.86652092e-03	5.05071251e-04	8.44305371e-03	2.91109589e-02	1.21661939e-01
4651            	-7.84542845e-03	5.52949101e-04	8.11122569e-03	2.92047280e-02	1.22081947e-01
4652            	-7.84037833e-03	6.00351144e-04	7.80658667e-03	2.93341567e-02	1.22651961e-01
4653            	-7.85064537e-03	6.37918978e-04	7.58709699e-03	2.94885760e-02	1.23322666e-01
4654            	-7.87437697e-03	6.58821640e-04	7.49299161e-03	2.96534035e-02	1.24029332e-01
4655            	-7.90701679e-03	6.58868409e-04	7.54360178e-03	2.98151069e-02	1.24713479e-01
4656            	-7.94339977e-03	6.39187058e-04	7.72379445e-03	2.99569558e-02	1.25305026e-01
4657            	-7.98083915e-03	6.07350468e-04	7.98140545e-03	3.00607066e-02	1.25729748e-01
4658            	-8.02268946e-03	5.74188032e-04	8.25274632e-03	3.01065314e-02	1.25907208e-01
4659            	-8.06208805e-03	5.44066887e-04	8.50015056e-03	3.00824297e-02	1.25788563e-01
4660            	-8.08446637e-03	5.10321323e-04	8.74470835e-03	2.99915219e-02	1.25385603e-01
4661            	-8.07207715e-03	4.59055557e-04	9.04839575e-03	2.98569119e-02	1.24793200e-01
4662            	-8.03652279e-03	3.99774791e-04	9.36838987e-03	2.96973871e-02	1.24094561e-01
4663            	-8.00074749e-03	3.54596425e-04	9.59881685e-03	2.95298423e-02	1.23368601e-01
4664            	-7.98224486e-03	3.41249813e-04	9.65350819e-03	2.93660595e-02	1.22670262e-01
4665            	-7.97731369e-03	3.59066928e-04	9.53145806e-03	2.92190592e-02	1.22054108e-01
4666            	-7.97020540e-03	3.92790840e-04	9.30618508e-03	2.91044771e-02	1.21581790e-01
4667            	-7.95186699e-03	4.29445917e-04	9.04660685e-03	2.90361448e-02	1.21307877e-01
4668            	-7.92344736e-03	4.65625101e-04	8.77612649e-03	2.90193793e-02	1.21253691e-01
4669            	-7.89257571e-03	5.03912079e-04	8.48953781e-03	2.90523268e-02	1.21411822e-01
4670            	-7.86990994e-03	5.48314564e-04	8.17706208e-03	2.91318124e-02	1.21769589e-01
4671            	-7.86142183e-03	5.94945727e-04	7.87191355e-03	2.92513602e-02	1.22297285e-01
4672            	-7.86731211e-03	6.34667137e-04	7.63206407e-03	2.94029075e-02	1.22956847e-01
4673            	-7.88606240e-03	6.59620588e-04	7.50483635e-03	2.95708316e-02	1.23678517e-01
4674            	-7.91467655e-03	6.63890588e-04	7.52280713e-03	2.97405920e-02	1.24398598e-01
4675            	-7.94982078e-03	6.47493134e-04	7.68051257e-03	2.98961696e-02	1.25049493e-01
4676            	-7.98560993e-03	6.15242109e-04	7.93847606e-03	3.00213455e-02	1.25564820e-01
4677            	-8.02333150e-03	5.77652430e-04	8.23185039e-03	3.00971031e-02	1.25867853e-01
4678            	-8.06073435e-03	5.42976598e-04	8.50513559e-03	3.01067857e-02	1.25891083e-01
4679            	-8.08886449e-03	5.10076606e-04	8.75272190e-03	3.00443285e-02	1.25608748e-01
4680            	-8.08430840e-03	4.62389911e-04	9.04513149e-03	2.99280232e-02	1.25094533e-01
4681            	-8.04910243e-03	4.01274221e-04	9.37697677e-03	2.97798603e-02	1.24442944e-01
4682            	-8.00430348e-03	3.46499330e-04	9.65453031e-03	2.96189344e-02	1.23741780e-01
4683            	-7.97284968e-03	3.20259448e-04	9.77146620e-03	2.94569529e-02	1.23047133e-01
4684            	-7.96053185e-03	3.29309508e-04	9.69383909e-03	2.93033004e-02	1.22400048e-01
4685            	-7.95308407e-03	3.61766589e-04	9.47597352e-03	2.91741790e-02	1.21865580e-01
4686            	-7.93690398e-03	4.01872219e-04	9.19763739e-03	2.90853206e-02	1.21505768e-01
4687            	-7.91091571e-03	4.43256419e-04	8.89776833e-03	2.90465667e-02	1.21360174e-01
4688            	-7.87858359e-03	4.84961224e-04	8.58750606e-03	2.90578896e-02	1.21428163e-01
4689            	-7.85248071e-03	5.31522295e-04	8.25651638e-03	2.91159962e-02	1.21696560e-01
4690            	-7.84150297e-03	5.83068693e-04	7.91688430e-03	2.92144532e-02	1.22137210e-01
4691            	-7.84672706e-03	6.30556497e-04	7.62722412e-03	2.93474235e-02	1.22721484e-01
4692            	-7.86598050e-03	6.64585104e-04	7.44365353e-03	2.95034669e-02	1.23396799e-01
4693            	-7.89667435e-03	6.78778281e-04	7.40229666e-03	2.96677262e-02	1.24097741e-01
4694            	-7.93535892e-03	6.71346512e-04	7.50894464e-03	2.98241257e-02	1.24755751e-01
4695            	-7.97533482e-03	6.44778653e-04	7.73764114e-03	2.99567502e-02	1.25304873e-01
4696            	-8.01644360e-03	6.08292750e-04	8.02948698e-03	3.00477634e-02	1.25673089e-01
4697            	-8.05939152e-03	5.71943553e-04	8.32188516e-03	3.00788975e-02	1.25786516e-01
4698            	-8.09599313e-03	5.38571183e-04	8.58513011e-03	3.00410894e-02	1.25608138e-01
4699            	-8.10571275e-03	4.94980210e-04	8.87277075e-03	2.99427351e-02	1.25170422e-01
4700            	-8.08142082e-03	4.34875270e-04	9.21432160e-03	2.98064037e-02	1.24567977e-01
4701            	-8.03926689e-03	3.73418848e-04	9.53792920e-03	2.96510540e-02	1.23886711e-01
4702            	-8.00231773e-03	3.33486312e-04	9.73311531e-03	2.94915029e-02	1.23196756e-01
4703            	-7.98363812e-03	3.28382073e-04	9.73523106e-03	2.93376056e-02	1.22543292e-01
4704            	-7.97513422e-03	3.51693502e-04	9.57314656e-03	2.92039200e-02	1.21985735e-01
4705            	-7.96150202e-03	3.87513042e-04	9.32514348e-03	2.91060010e-02	1.21585187e-01
4706            	-7.93708031e-03	4.24784451e-04	9.05294122e-03	2.90560376e-02	1.21389903e-01
4707            	-7.90331573e-03	4.61783685e-04	8.76968923e-03	2.90562662e-02	1.21408709e-01
4708            	-7.87018606e-03	5.02529735e-04	8.46448631e-03	2.91041646e-02	1.21631751e-01
4709            	-7.84819232e-03	5.49918136e-04	8.13437385e-03	2.91955318e-02	1.22041417e-01
4710            	-7.84184529e-03	5.97317994e-04	7.82778508e-03	2.93234153e-02	1.22604961e-01
4711            	-7.85091457e-03	6.35673091e-04	7.60150440e-03	2.94771399e-02	1.23273153e-01
4712            	-7.87338708e-03	6.57754040e-04	7.49808440e-03	2.96421178e-02	1.23981056e-01
4713            	-7.90513817e-03	6.59198537e-04	7.53856111e-03	2.98042983e-02	1.24667861e-01
4714            	-7.94104916e-03	6.40688266e-04	7.71069008e-03	2.99480517e-02	1.25268001e-01
4715            	-7.97786681e-03	6.09065471e-04	7.96606981e-03	3.00554974e-02	1.25708572e-01
4716            	-8.01877529e-03	5.75450038e-04	8.23894402e-03	3.01064862e-02	1.25907883e-01
4717            	-8.05785236e-03	5.44945729e-04	8.48833644e-03	3.00879083e-02	1.25812604e-01
4718            	-8.08201326e-03	5.12132709e-04	8.72964064e-03	3.00009260e-02	1.25426522e-01
4719            	-8.07154420e-03	4.61892427e-04	9.02967525e-03	2.98684282e-02	1.24843274e-01
4720            	-8.03644117e-03	4.02407389e-04	9.35162591e-03	2.97099977e-02	1.24149078e-01
4721            	-7.99931511e-03	3.55687551e-04	9.58983997e-03	2.95433902e-02	1.23426563e-01
4722            	-7.97962532e-03	3.40748773e-04	9.65287843e-03	2.93782541e-02	1.22721926e-01
4723            	-7.97445865e-03	3.57629631e-04	9.53641909e-03	2.92287572e-02	1.22094820e-01
4724            	-7.96807623e-03	3.91184798e-04	9.31327700e-03	2.91110802e-02	1.21609256e-01
4725            	-7.95066848e-03	4.28029162e-04	9.05384582e-03	2.90393056e-02	1.21320752e-01
4726            	-7.92331752e-03	4.64584247e-04	8.78252489e-03	2.90194891e-02	1.21253682e-01
4727            	-7.89269097e-03	5.02700751e-04	8.49734415e-03	2.90492487e-02	1.21398192e-01
4728            	-7.86981810e-03	5.46554784e-04	8.18799902e-03	2.91257461e-02	1.21743066e-01
4729            	-7.86106177e-03	5.93077840e-04	7.88310512e-03	2.92427820e-02	1.22260099e-01
4730            	-7.86656492e-03	6.33321817e-04	7.63934639e-03	2.93927398e-02	1.22913228e-01
4731            	-7.88477377e-03	6.59222258e-04	7.50531697e-03	2.95602563e-02	1.23633669e-01
4732            	-7.91303604e-03	6.65000007e-04	7.51325892e-03	2.97304582e-02	1.24356286e-01
4733            	-7.94806600e-03	6.50035154e-04	7.66179718e-03	2.98872317e-02	1.25012826e-01
4734            	-7.98445708e-03	6.18614848e-04	7.91545834e-03	3.00141572e-02	1.25535849e-01
4735            	-8.02257467e-03	5.81025518e-04	8.20947802e-03	3.00933554e-02	1.25853485e-01
4736            	-8.06020576e-03	5.45783170e-04	8.48674819e-03	3.01077667e-02	1.25896595e-01
4737            	-8.08936646e-03	5.12907180e-04	8.73574481e-03	3.00499628e-02	1.25633961e-01
4738            	-8.08682563e-03	4.66018698e-04	9.02608921e-03	2.99367034e-02	1.25132793e-01
4739            	-8.05317124e-03	4.05050756e-04	9.35927632e-03	2.97901046e-02	1.24487697e-01
4740            	-8.00843528e-03	3.48934134e-04	9.64538096e-03	2.96293389e-02	1.23786562e-01
4741            	-7.97556869e-03	3.20387659e-04	9.77477601e-03	2.94666750e-02	1.23088167e-01
4742            	-7.96159285e-03	3.27446786e-04	9.70726244e-03	2.93123709e-02	1.22437679e-01
4743            	-7.95358896e-03	3.58769049e-04	9.49571231e-03	2.91816036e-02	1.21895833e-01
4744            	-7.93769602e-03	3.98506274e-04	9.22006648e-03	2.90898738e-02	1.21523646e-01
4745            	-7.91193027e-03	4.39494390e-04	8.92294108e-03	2.90481705e-02	1.21365338e-01
4746            	-7.87909361e-03	4.80679856e-04	8.61513995e-03	2.90567578e-02	1.21421509e-01
4747            	-7.85171989e-03	5.26822018e-04	8.28486459e-03	2.91127324e-02	1.21680728e-01
4748            	-7.83911164e-03	5.78205272e-04	7.94382139e-03	2.92097444e-02	1.22115291e-01
4749            	-7.84302191e-03	6.26307252e-04	7.64831964e-03	2.93408752e-02	1.22692071e-01
4750            	-7.86154507e-03	6.61857743e-04	7.45403878e-03	2.94951679e-02	1.23360606e-01
4751            	-7.89138235e-03	6.78061980e-04	7.39875035e-03	2.96593900e-02	1.24062311e-01
4752            	-7.92950517e-03	6.72525482e-04	7.49267340e-03	2.98169601e-02	1.24726146e-01
4753            	-7.96947047e-03	6.47464501e-04	7.71193344e-03	2.99515298e-02	1.25284158e-01
4754            	-8.01073437e-03	6.11585468e-04	8.00029171e-03	3.00452702e-02	1.25664221e-01
4755            	-8.05432197e-03	5.75336057e-04	8.29311044e-03	3.00801157e-02	1.25793424e-01
4756            	-8.09210718e-03	5.41969830e-04	8.55812226e-03	3.00463421e-02	1.25632149e-01
4757            	-8.10463837e-03	4.99538760e-04	8.84259971e-03	2.99511991e-02	1.25208340e-01
4758            	-8.08301816e-03	4.40351276e-04	9.18229362e-03	2.98161912e-02	1.24611642e-01
4759            	-8.04166653e-03	3.78178219e-04	9.51160172e-03	2.96614491e-02	1.23932610e-01
4760            	-8.00405565e-03	3.36087528e-04	9.71945326e-03	2.95018361e-02	1.23241608e-01
4761            	-7.98489647e-03	3.28694769e-04	9.73531127e-03	2.93463659e-02	1.22580636e-01
4762            	-7.97662993e-03	3.50739663e-04	9.58154642e-03	2.92102723e-02	1.22012341e-01
4763            	-7.96369968e-03	3.86007052e-04	9.33801777e-03	2.91089245e-02	1.21596982e-01
4764            	-7.93982051e-03	4.23238402e-04	9.06681274e-03	2.90555385e-02	1.21387061e-01
4765            	-7.90655208e-03	4.60262280e-04	8.78407282e-03	2.90526905e-02	1.21392704e-01
4766            	-7.87355724e-03	5.00505667e-04	8.48219114e-03	2.90977113e-02	1.21603270e-01
4767            	-7.85089228e-03	5.47200648e-04	8.15542585e-03	2.91864833e-02	1.22001669e-01
4768            	-7.84339524e-03	5.94356912e-04	7.84864060e-03	2.93122699e-02	1.22556294e-01
4769            	-7.85136054e-03	6.33276555e-04	7.61713018e-03	2.94648931e-02	1.23220143e-01
4770            	-7.87277377e-03	6.56539350e-04	7.50466522e-03	2.96295394e-02	1.23927211e-01
4771            	-7.90337544e-03	6.59220481e-04	7.53565755e-03	2.97927523e-02	1.24618996e-01
4772            	-7.93895739e-03	6.41866478e-04	7.70003249e-03	2.99382705e-02	1.25227113e-01
4773            	-7.97532426e-03	6.10654762e-04	7.95220751e-03	3.00488519e-02	1.25681202e-01
4774            	-8.01552314e-03	5.76746119e-04	8.22593867e-03	3.01047297e-02	1.25901252e-01
4775            	-8.05425012e-03	5.45959542e-04	8.47664592e-03	3.00918246e-02	1.25830026e-01
4776            	-8.07979524e-03	5.13947909e-04	8.71495009e-03	3.00093868e-02	1.25463439e-01
4777            	-8.07137147e-03	4.65049165e-04	9.00952701e-03	2.98790596e-02	1.24889666e-01
4778            	-8.03661321e-03	4.05453705e-04	9.33267123e-03	2.97223737e-02	1.24202739e-01
4779            	-7.99848995e-03	3.57093579e-04	9.57977696e-03	2.95563145e-02	1.23481950e-01
4780            	-7.97714619e-03	3.39957799e-04	9.65428819e-03	2.93910439e-02	1.22776030e-01
4781            	-7.97141636e-03	3.55605926e-04	9.54480413e-03	2.92392521e-02	1.22138740e-01
4782            	-7.96563209e-03	3.89162759e-04	9.32252909e-03	2.91181801e-02	1.21638703e-01
4783            	-7.94915574e-03	4.26453784e-04	9.06161540e-03	2.90424329e-02	1.21333442e-01
4784            	-7.92286036e-03	4.63482130e-04	8.78881310e-03	2.90191346e-02	1.21251699e-01
4785            	-7.89224560e-03	5.01510301e-04	8.50417528e-03	2.90460067e-02	1.21383947e-01
4786            	-7.86872176e-03	5.44981201e-04	8.19626497e-03	2.91198061e-02	1.21717268e-01
4787            	-7.85952550e-03	5.91608713e-04	7.89004093e-03	2.92340107e-02	1.22222369e-01
4788            	-7.86479856e-03	6.32422804e-04	7.64231300e-03	2.93817061e-02	1.22866189e-01
4789            	-7.88291724e-03	6.59207193e-04	7.50253298e-03	2.95480371e-02	1.23582015e-01
4790            	-7.91089355e-03	6.66145176e-04	7.50273464e-03	2.97188136e-02	1.24307621e-01
4791            	-7.94596965e-03	6.52525642e-04	7.64288055e-03	2.98771334e-02	1.24971276e-01
4792            	-7.98257784e-03	6.21837503e-04	7.89230807e-03	3.00060793e-02	1.25503152e-01
4793            	-8.02091403e-03	5.84344056e-04	8.18613121e-03	3.00884212e-02	1.25834140e-01
4794            	-8.05925195e-03	5.48854945e-04	8.46607158e-03	3.01072584e-02	1.25895911e-01
4795            	-8.08970347e-03	5.15965012e-04	8.71710098e-03	3.00544135e-02	1.25654244e-01
4796            	-8.08940849e-03	4.69872187e-04	9.00574800e-03	2.99444204e-02	1.25167050e-01
4797            	-8.05735148e-03	4.09120419e-04	9.33993079e-03	2.97997253e-02	1.24529901e-01
4798            	-8.01270216e-03	3.51747323e-04	9.63409694e-03	2.96394639e-02	1.23830287e-01
4799            	-7.97839985e-03	3.20717292e-04	9.77704188e-03	2.94765489e-02	1.23129937e-01
4800            	-7.96309783e-03	3.25394996e-04	9.72257142e-03	2.93210455e-02	1.22473548e-01
4801            	-7.95480472e-03	3.55584709e-04	9.51770595e-03	2.91884962e-02	1.21923731e-01
4802            	-7.93935204e-03	3.95040922e-04	9.24442429e-03	2.90940341e-02	1.21539776e-01
4803            	-7.91379162e-03	4.35909742e-04	8.94827986e-03	2.90492240e-02	1.21368158e-01
4804            	-7.88065078e-03	4.76663791e-04	8.64267542e-03	2.90550897e-02	1.21412596e-01
4805            	-7.85190697e-03	5.22221987e-04	8.31399910e-03	2.91087277e-02	1.21661736e-01
4806            	-7.83743956e-03	5.73409938e-04	7.97139726e-03	2.92038230e-02	1.22088223e-01
4807            	-7.83964389e-03	6.21979522e-04	7.67038902e-03	2.93334892e-02	1.22659110e-01
4808            	-7.85697844e-03	6.58704895e-04	7.46691250e-03	2.94869245e-02	1.23324603e-01
4809            	-7.88636626e-03	6.76828976e-04	7.39883705e-03	2.96503299e-02	1.24023628e-01
4810            	-7.92385806e-03	6.73222424e-04	7.47969954e-03	2.98087310e-02	1.24691826e-01
4811            	-7.96359834e-03	6.49744850e-04	7.68872230e-03	2.99452751e-02	1.25258899e-01
4812            	-8.00477146e-03	6.14659226e-04	7.97205865e-03	3.00419361e-02	1.25651718e-01
4813            	-8.04875860e-03	5.78414150e-04	8.26556037e-03	3.00807973e-02	1.25797975e-01
4814            	-8.08754678e-03	5.45060232e-04	8.53204388e-03	3.00513397e-02	1.25654999e-01
4815            	-8.10282437e-03	5.03949368e-04	8.81226505e-03	2.99597155e-02	1.25246441e-01
4816            	-8.08343468e-03	4.45581024e-04	9.15010104e-03	2.98271695e-02	1.24660356e-01
4817            	-8.04357528e-03	3.82824288e-04	9.48530125e-03	2.96724159e-02	1.23980861e-01
4818            	-8.00593757e-03	3.38559601e-04	9.70684384e-03	2.95122022e-02	1.23286418e-01
4819            	-7.98616583e-03	3.28849197e-04	9.73642057e-03	2.93557145e-02	1.22620291e-01
4820            	-7.97785502e-03	3.49471037e-04	9.59154702e-03	2.92177079e-02	1.22043358e-01
4821            	-7.96564431e-03	3.84257939e-04	9.35206343e-03	2.91134915e-02	1.21615601e-01
4822            	-7.94251401e-03	4.21054954e-04	9.08465505e-03	2.90560121e-02	1.21388074e-01
4823            	-7.90991066e-03	4.57975654e-04	8.80348883e-03	2.90497320e-02	1.21379011e-01
4824            	-7.87703631e-03	4.97872185e-04	8.50392913e-03	2.90917985e-02	1.21576816e-01
4825            	-7.85372791e-03	5.44217960e-04	8.17838219e-03	2.91779225e-02	1.21963829e-01
4826            	-7.84519590e-03	5.91459288e-04	7.86948585e-03	2.93014982e-02	1.22509174e-01
4827            	-7.85210282e-03	6.30943227e-04	7.63280613e-03	2.94530465e-02	1.23168821e-01
4828            	-7.87250420e-03	6.55302088e-04	7.51190482e-03	2.96172637e-02	1.23874624e-01
4829            	-7.90232299e-03	6.59126257e-04	7.53452743e-03	2.97810094e-02	1.24569211e-01
4830            	-7.93730061e-03	6.42751215e-04	7.69187496e-03	2.99284129e-02	1.25185770e-01
4831            	-7.97332650e-03	6.12037821e-04	7.94045881e-03	3.00420113e-02	1.25652885e-01
4832            	-8.01282212e-03	5.77972795e-04	8.21420672e-03	3.01026401e-02	1.25893118e-01
4833            	-8.05127385e-03	5.47139208e-04	8.46484053e-03	3.00958853e-02	1.25848081e-01
4834            	-8.07789222e-03	5.15850364e-04	8.70018064e-03	3.00181137e-02	1.25501516e-01
4835            	-8.07119086e-03	4.67987338e-04	8.99075827e-03	2.98905802e-02	1.24939835e-01
4836            	-8.03697224e-03	4.08298245e-04	9.31527966e-03	2.97354327e-02	1.24259285e-01
4837            	-7.99793683e-03	3.58482956e-04	9.57023261e-03	2.95698427e-02	1.23539905e-01
4838            	-7.97502314e-03	3.39303255e-04	9.65534569e-03	2.94041205e-02	1.22831369e-01
4839            	-7.96842217e-03	3.53319458e-04	9.55489041e-03	2.92507949e-02	1.22187026e-01
4840            	-7.96297569e-03	3.86616705e-04	9.33474848e-03	2.91267262e-02	1.21674135e-01
4841            	-7.94726185e-03	4.24411595e-04	9.07174757e-03	2.90468596e-02	1.21351513e-01
4842            	-7.92191850e-03	4.61943694e-04	8.79713010e-03	2.90195231e-02	1.21252736e-01
4843            	-7.89128057e-03	4.99993695e-04	8.51229269e-03	2.90429118e-02	1.21370202e-01
4844            	-7.86705698e-03	5.43015355e-04	8.20616933e-03	2.91141003e-02	1.21692348e-01
4845            	-7.85720815e-03	5.89867291e-04	7.89755527e-03	2.92253424e-02	1.22185008e-01
4846            	-7.86224616e-03	6.31376925e-04	7.64506536e-03	2.93705875e-02	1.22818740e-01
4847            	-7.88025753e-03	6.59191113e-04	7.49859251e-03	2.95357330e-02	1.23529997e-01
4848            	-7.90839081e-03	6.67525639e-04	7.49019421e-03	2.97063201e-02	1.24255396e-01
4849            	-7.94344404e-03	6.55216258e-04	7.62206666e-03	2.98660302e-02	1.24925543e-01
4850            	-7.97999488e-03	6.25444554e-04	7.86569683e-03	2.99976736e-02	1.25469278e-01
4851            	-8.01877215e-03	5.88195681e-04	8.15870985e-03	3.00836397e-02	1.25815722e-01
4852            	-8.05798918e-03	5.52336299e-04	8.44235958e-03	3.01066582e-02	1.25895051e-01
4853            	-8.08967494e-03	5.19374008e-04	8.69571496e-03	3.00589856e-02	1.25675266e-01
4854            	-8.09187942e-03	4.74376344e-04	8.98114573e-03	2.99521064e-02	1.25201492e-01
4855            	-8.06157686e-03	4.14171942e-04	9.31446159e-03	2.98094924e-02	1.24573163e-01
4856            	-8.01710958e-03	3.55676204e-04	9.61598529e-03	2.96500142e-02	1.23876290e-01
4857            	-7.98141892e-03	3.22025784e-04	9.77342310e-03	2.94870005e-02	1.23174572e-01
4858            	-7.96483399e-03	3.24033507e-04	9.73389247e-03	2.93303052e-02	1.22512209e-01
4859            	-7.95640338e-03	3.52930705e-04	9.53691849e-03	2.91955914e-02	1.21952725e-01
4860            	-7.94148951e-03	3.92047598e-04	9.26650021e-03	2.90981226e-02	1.21555824e-01
4861            	-7.91617044e-03	4.32720902e-04	8.97187138e-03	2.90500225e-02	1.21370103e-01
4862            	-7.88267338e-03	4.73285916e-04	8.66687778e-03	2.90525916e-02	1.21400416e-01
4863            	-7.85273001e-03	5.18211972e-04	8.34034972e-03	2.91036197e-02	1.21638286e-01
4864            	-7.83643159e-03	5.68978423e-04	7.99765218e-03	2.91966260e-02	1.22055865e-01
4865            	-7.83686325e-03	6.17823010e-04	7.69224903e-03	2.93246468e-02	1.22620012e-01
4866            	-7.85263165e-03	6.55572145e-04	7.47996803e-03	2.94772450e-02	1.23282517e-01
4867            	-7.88107170e-03	6.75416951e-04	7.39963878e-03	2.96402500e-02	1.23980611e-01
4868            	-7.91800175e-03	6.73759732e-04	7.46740562e-03	2.97990991e-02	1.24651543e-01
4869            	-7.95779056e-03	6.51851853e-04	7.66666160e-03	2.99374059e-02	1.25226743e-01
4870            	-7.99868684e-03	6.17611201e-04	7.94437298e-03	3.00372386e-02	1.25633420e-01
4871            	-8.04265237e-03	5.81582800e-04	8.23659772e-03	3.00804459e-02	1.25798246e-01
4872            	-8.08220575e-03	5.48192390e-04	8.50452782e-03	3.00558043e-02	1.25675701e-01
4873            	-8.10060973e-03	5.08670175e-04	8.77937481e-03	2.99674333e-02	1.25281291e-01
4874            	-8.08372060e-03	4.51446007e-04	9.11370236e-03	2.98374987e-02	1.24706536e-01
4875            	-8.04494853e-03	3.88115316e-04	9.45413916e-03	2.96838764e-02	1.24031491e-01
4876            	-8.00704055e-03	3.41639018e-04	9.68925742e-03	2.95235872e-02	1.23335855e-01
4877            	-7.98671506e-03	3.29415399e-04	9.73389431e-03	2.93662794e-02	1.22665336e-01
4878            	-7.97869948e-03	3.48490867e-04	9.59920027e-03	2.92258799e-02	1.22077642e-01
4879            	-7.96744738e-03	3.82726915e-04	9.36454188e-03	2.91183547e-02	1.21635565e-01
4880            	-7.94516269e-03	4.19366267e-04	9.09929204e-03	2.90573120e-02	1.21392795e-01
4881            	-7.91308436e-03	4.55924892e-04	8.82113144e-03	2.90472264e-02	1.21367366e-01
4882            	-7.88014450e-03	4.95417806e-04	8.52398226e-03	2.90858705e-02	1.21550409e-01
4883            	-7.85632615e-03	5.41342748e-04	8.20029275e-03	2.91694138e-02	1.21926309e-01
4884            	-7.84707592e-03	5.88783316e-04	7.88903022e-03	2.92906004e-02	1.22461616e-01
4885            	-7.85306912e-03	6.28947651e-04	7.64666539e-03	2.94406721e-02	1.23115343e-01
4886            	-7.87241789e-03	6.54271533e-04	7.51809747e-03	2.96043106e-02	1.23819196e-01
4887            	-7.90128800e-03	6.59181836e-04	7.53246846e-03	2.97685205e-02	1.24516310e-01
4888            	-7.93575921e-03	6.43756963e-04	7.68310349e-03	2.99174848e-02	1.25139956e-01
4889            	-7.97126671e-03	6.13610644e-04	7.92740785e-03	3.00342681e-02	1.25620850e-01
4890            	-8.01034694e-03	5.79338143e-04	8.20192433e-03	3.00996520e-02	1.25881243e-01
4891            	-8.04868879e-03	5.48175094e-04	8.45453439e-03	3.00986115e-02	1.25860391e-01
4892            	-8.07651455e-03	5.17415445e-04	8.68833149e-03	3.00261354e-02	1.25536479e-01
4893            	-8.07161068e-03	4.70672581e-04	8.97448960e-03	2.99020664e-02	1.24989770e-01
4894            	-8.03821991e-03	4.11246710e-04	9.29856512e-03	2.97482964e-02	1.24314970e-01
4895            	-7.99822063e-03	3.60005052e-04	9.56111170e-03	2.95831948e-02	1.23597072e-01
4896            	-7.97327186e-03	3.38276737e-04	9.65933098e-03	2.94174237e-02	1.22887480e-01
4897            	-7.96559934e-03	3.50480248e-04	9.56875293e-03	2.92628267e-02	1.22237142e-01
4898            	-7.96048251e-03	3.83406204e-04	9.35141236e-03	2.91358135e-02	1.21711566e-01
4899            	-7.94562834e-03	4.21646485e-04	9.08682776e-03	2.90515719e-02	1.21370463e-01
4900            	-7.92097848e-03	4.59942517e-04	8.80836600e-03	2.90200881e-02	1.21254314e-01
4901            	-7.89022428e-03	4.98175044e-04	8.52217708e-03	2.90401722e-02	1.21357822e-01
4902            	-7.86530027e-03	5.40933528e-04	8.21665841e-03	2.91085662e-02	1.21668062e-01
4903            	-7.85446645e-03	5.87810889e-04	7.90641528e-03	2.92176175e-02	1.22151563e-01
4904            	-7.85905444e-03	6.30073996e-04	7.64848853e-03	2.93601439e-02	1.22774087e-01
4905            	-7.87690365e-03	6.59093622e-04	7.49414771e-03	2.95236065e-02	1.23478732e-01
4906            	-7.90508219e-03	6.69001023e-04	7.47587983e-03	2.96939212e-02	1.24203646e-01
4907            	-7.94049892e-03	6.58159055e-04	7.59903322e-03	2.98544895e-02	1.24878059e-01
4908            	-7.97727745e-03	6.29303177e-04	7.83726447e-03	2.99887548e-02	1.25433332e-01
4909            	-8.01579710e-03	5.92087999e-04	8.12978877e-03	3.00784329e-02	1.25795602e-01
4910            	-8.05587320e-03	5.56140833e-04	8.41533577e-03	3.01059687e-02	1.25894013e-01
4911            	-8.08923583e-03	5.23089033e-04	8.67177256e-03	3.00630178e-02	1.25694139e-01
4912            	-8.09410001e-03	4.78747754e-04	8.95700847e-03	2.99598676e-02	1.25236246e-01
4913            	-8.06560629e-03	4.18718778e-04	9.29190913e-03	2.98197482e-02	1.24618358e-01
4914            	-8.02171572e-03	3.59395649e-04	9.59951238e-03	2.96604188e-02	1.23921571e-01
4915            	-7.98492535e-03	3.23536629e-04	9.76926552e-03	2.94970117e-02	1.23217311e-01
4916            	-7.96698408e-03	3.23152400e-04	9.74280729e-03	2.93393099e-02	1.22549873e-01
4917            	-7.95821543e-03	3.50528861e-04	9.55488163e-03	2.92027342e-02	1.21981979e-01
4918            	-7.94376148e-03	3.88986609e-04	9.28923762e-03	2.91024933e-02	1.21573032e-01
4919            	-7.91891942e-03	4.29158066e-04	8.99839497e-03	2.90510283e-02	1.21372799e-01
4920            	-7.88535592e-03	4.69592838e-04	8.69406617e-03	2.90500977e-02	1.21388146e-01
4921            	-7.85434178e-03	5.14187116e-04	8.36799588e-03	2.90979604e-02	1.21612460e-01
4922            	-7.83629507e-03	5.64795621e-04	8.02366756e-03	2.91883420e-02	1.22018895e-01
4923            	-7.83482423e-03	6.13885919e-04	7.71385455e-03	2.93150925e-02	1.22577913e-01
4924            	-7.84896438e-03	6.52563373e-04	7.49326227e-03	2.94669953e-02	1.23238013e-01
4925            	-7.87629324e-03	6.73981441e-04	7.40135942e-03	2.96296023e-02	1.23935155e-01
4926            	-7.91232854e-03	6.74210537e-04	7.45593700e-03	2.97890709e-02	1.24609551e-01
4927            	-7.95191915e-03	6.53824369e-04	7.64535411e-03	2.99290251e-02	1.25192378e-01
4928            	-7.99242741e-03	6.20411741e-04	7.91736132e-03	3.00320185e-02	1.25612857e-01
4929            	-8.03627063e-03	5.84531585e-04	8.20859150e-03	3.00794746e-02	1.25795850e-01
4930            	-8.07621579e-03	5.51167729e-04	8.47701873e-03	3.00597991e-02	1.25694444e-01
4931            	-8.09735111e-03	5.13120700e-04	8.74662394e-03	2.99752615e-02	1.25316683e-01
4932            	-8.08316125e-03	4.57369999e-04	9.07565334e-03	2.98471209e-02	1.24749836e-01
4933            	-8.04522854e-03	3.93798886e-04	9.41886778e-03	2.96950024e-02	1.24080956e-01
4934            	-8.00682976e-03	3.45418206e-04	9.66530979e-03	2.95350482e-02	1.23386004e-01
4935            	-7.98594790e-03	3.30687442e-04	9.72496411e-03	2.93769354e-02	1.22711153e-01
4936            	-7.97833580e-03	3.48046827e-04	9.60167823e-03	2.92342638e-02	1.22113146e-01
4937            	-7.96817429e-03	3.81553643e-04	9.37318162e-03	2.91235370e-02	1.21657128e-01
4938            	-7.94685986e-03	4.17951238e-04	9.11081721e-03	2.90585984e-02	1.21397639e-01
4939            	-7.91584191e-03	4.54259886e-04	8.83571061e-03	2.90452781e-02	1.21358302e-01
4940            	-7.88294062e-03	4.93293630e-04	8.54147795e-03	2.90806352e-02	1.21527153e-01
4941            	-7.85865360e-03	5.38659942e-04	8.22059446e-03	2.91613245e-02	1.21890682e-01
4942            	-7.84876863e-03	5.86072897e-04	7.90852270e-03	2.92801297e-02	1.22415888e-01
4943            	-7.85394249e-03	6.26736226e-04	7.66174620e-03	2.94284009e-02	1.23062253e-01
4944            	-7.87218457e-03	6.52981842e-04	7.52569680e-03	2.95919462e-02	1.23766234e-01
4945            	-7.90020041e-03	6.59132090e-04	7.53099159e-03	2.97566883e-02	1.24466206e-01
4946            	-7.93445045e-03	6.45005712e-04	7.67314111e-03	2.99069020e-02	1.25095693e-01
4947            	-7.97000285e-03	6.15336667e-04	7.91456247e-03	3.00258502e-02	1.25585960e-01
4948            	-8.00856019e-03	5.80856400e-04	8.18969011e-03	3.00953521e-02	1.25863818e-01
4949            	-8.04688956e-03	5.49356769e-04	8.44445771e-03	3.00994750e-02	1.25864801e-01
4950            	-8.07592803e-03	5.19129234e-04	8.67671391e-03	3.00321964e-02	1.25563092e-01
4951            	-8.07273033e-03	4.73574005e-04	8.95788736e-03	2.99120921e-02	1.25033509e-01
4952            	-8.03998346e-03	4.14365824e-04	9.28153648e-03	2.97604236e-02	1.24367578e-01
4953            	-7.99903175e-03	3.61571986e-04	9.55248954e-03	2.95959719e-02	1.23651802e-01
4954            	-7.97221537e-03	3.37349040e-04	9.66372262e-03	2.94300444e-02	1.22940669e-01
4955            	-7.96354926e-03	3.47704376e-04	9.58335105e-03	2.92741166e-02	1.22284043e-01
4956            	-7.95866704e-03	3.79779169e-04	9.37171158e-03	2.91446410e-02	1.21747681e-01
4957            	-7.94459698e-03	4.18409044e-04	9.10576698e-03	2.90571429e-02	1.21392831e-01
4958            	-7.92043477e-03	4.57103732e-04	8.82545624e-03	2.90214981e-02	1.21259114e-01
4959            	-7.88935987e-03	4.95361553e-04	8.53860605e-03	2.90380412e-02	1.21347603e-01
4960            	-7.86364822e-03	5.37959013e-04	8.23292521e-03	2.91033282e-02	1.21644625e-01
4961            	-7.85192973e-03	5.85093367e-04	7.91973766e-03	2.92098620e-02	1.22117611e-01
4962            	-7.85563308e-03	6.28151792e-04	7.65546916e-03	2.93505281e-02	1.22732676e-01
4963            	-7.87327159e-03	6.58473373e-04	7.49258806e-03	2.95123069e-02	1.23430724e-01
4964            	-7.90159319e-03	6.70049638e-04	7.46399345e-03	2.96819280e-02	1.24153358e-01
4965            	-7.93732717e-03	6.60882917e-04	7.57705767e-03	2.98433319e-02	1.24831996e-01
4966            	-7.97430188e-03	6.32850683e-04	7.81043526e-03	2.99797131e-02	1.25396638e-01
4967            	-8.01298993e-03	5.95774356e-04	8.10240121e-03	3.00728612e-02	1.25773758e-01
4968            	-8.05379688e-03	5.59392453e-04	8.39185117e-03	3.01049425e-02	1.25891307e-01
4969            	-8.08830190e-03	5.26561786e-04	8.64862211e-03	3.00669936e-02	1.25712679e-01
4970            	-8.09601053e-03	4.83435144e-04	8.93040503e-03	2.99672753e-02	1.25269559e-01
4971            	-8.06972430e-03	4.23846050e-04	9.26579495e-03	2.98296904e-02	1.24662385e-01
4972            	-8.02618098e-03	3.63402805e-04	9.58100592e-03	2.96719735e-02	1.23971910e-01
4973            	-7.98859931e-03	3.25148940e-04	9.76474117e-03	2.95085003e-02	1.23266410e-01
4974            	-7.96988188e-03	3.22395998e-04	9.75207880e-03	2.93488129e-02	1.22589642e-01
4975            	-7.96088596e-03	3.48291370e-04	9.57311522e-03	2.92098701e-02	1.22011148e-01
4976            	-7.94657333e-03	3.86043533e-04	9.31206443e-03	2.91069313e-02	1.21590483e-01
4977            	-7.92184446e-03	4.25606283e-04	9.02514221e-03	2.90522625e-02	1.21376416e-01
4978            	-7.88842424e-03	4.65656958e-04	8.72336630e-03	2.90481855e-02	1.21378237e-01
4979            	-7.85664946e-03	5.09923175e-04	8.39819508e-03	2.90925188e-02	1.21587422e-01
4980            	-7.83700624e-03	5.60305149e-04	8.05290693e-03	2.91800837e-02	1.21981863e-01
4981            	-7.83367438e-03	6.09785265e-04	7.73784425e-03	2.93048417e-02	1.22532681e-01
4982            	-7.84601183e-03	6.49518629e-04	7.50786705e-03	2.94561659e-02	1.23190928e-01
4983            	-7.87184474e-03	6.72414502e-04	7.40440478e-03	2.96188301e-02	1.23889067e-01
4984            	-7.90679865e-03	6.74241774e-04	7.44731588e-03	2.97788737e-02	1.24566663e-01
4985            	-7.94581542e-03	6.55534558e-04	7.62534880e-03	2.99208398e-02	1.25158777e-01
4986            	-7.98584172e-03	6.23017123e-04	7.89108628e-03	3.00272099e-02	1.25594017e-01
4987            	-8.02961582e-03	5.87379489e-04	8.18077793e-03	3.00791963e-02	1.25796417e-01
4988            	-8.06988103e-03	5.53999576e-04	8.44986628e-03	3.00643899e-02	1.25715734e-01
4989            	-8.09369894e-03	5.17553417e-04	8.71337751e-03	2.99833637e-02	1.25353296e-01
4990            	-8.08218957e-03	4.63548273e-04	9.03537217e-03	2.98575101e-02	1.24796567e-01
4991            	-8.04558455e-03	4.00224525e-04	9.37899839e-03	2.97060613e-02	1.24130394e-01
4992            	-8.00631860e-03	3.49928084e-04	9.63628324e-03	2.95470508e-02	1.23438736e-01
4993            	-7.98437968e-03	3.32355153e-04	9.71234101e-03	2.93886841e-02	1.22761826e-01
4994            	-7.97691955e-03	3.47755680e-04	9.60164245e-03	2.92437768e-02	1.22153604e-01
4995            	-7.96808738e-03	3.80523163e-04	9.37973383e-03	2.91294256e-02	1.21681827e-01
4996            	-7.94815712e-03	4.16843479e-04	9.11982685e-03	2.90602531e-02	1.21404213e-01
4997            	-7.91832990e-03	4.53117937e-04	8.84661810e-03	2.90428466e-02	1.21347377e-01
4998            	-7.88556303e-03	4.91464764e-04	8.55684822e-03	2.90751950e-02	1.21503185e-01
4999            	-7.86054782e-03	5.35973372e-04	8.24026620e-03	2.91530164e-02	1.21854213e-01
5000            	-7.84989260e-03	5.83399671e-04	7.92694593e-03	2.92686978e-02	1.22366138e-01
