# y+ ()         
# Time          	patch           	min             	max             	average         
5250            	rocket_body	1.33328277e+00	1.52638773e+02	2.70129321e+01
5250            	rocket_fins	1.00071003e+00	9.78505693e+01	1.45914420e+01
5250            	rocket_tab	1.35364054e+00	8.14340539e+01	1.27934073e+01
5250            	rocket_slot	4.12205288e+00	8.54541832e+01	3.56320670e+01
5500            	rocket_body	1.66831835e+00	1.54546506e+02	2.70163414e+01
5500            	rocket_fins	6.59432092e-01	9.78502661e+01	1.45906029e+01
5500            	rocket_tab	9.87425970e-01	8.20354069e+01	1.28004423e+01
5500            	rocket_slot	5.05535837e+00	8.52901908e+01	3.57117315e+01
5750            	rocket_body	1.66579828e+00	1.54495546e+02	2.70170295e+01
5750            	rocket_fins	5.06362683e-01	9.78499405e+01	1.45914124e+01
5750            	rocket_tab	1.16231640e+00	8.04739234e+01	1.27980246e+01
5750            	rocket_slot	3.76229701e+00	8.65028276e+01	3.58618796e+01
6000            	rocket_body	1.66615141e+00	1.53766059e+02	2.70138454e+01
6000            	rocket_fins	9.79853935e-01	9.78506073e+01	1.45913495e+01
6000            	rocket_tab	1.19257673e+00	8.20669042e+01	1.28083621e+01
6000            	rocket_slot	3.51221234e+00	8.48437808e+01	3.56598096e+01
