# Force and moment coefficients
# dragDir       : (0.00000000e+00 0.00000000e+00 -1.00000000e+00)
# sideDir       : (-0.00000000e+00 1.00000000e+00 0.00000000e+00)
# liftDir       : (1.00000000e+00 0.00000000e+00 0.00000000e+00)
# rollAxis      : (0.00000000e+00 0.00000000e+00 -1.00000000e+00)
# pitchAxis     : (-0.00000000e+00 1.00000000e+00 0.00000000e+00)
# yawAxis       : (1.00000000e+00 0.00000000e+00 0.00000000e+00)
# magUInf       : 1.01700000e+02
# lRef          : 5.78100000e-02
# Aref          : 2.62480000e-03
# CofR          : (0.00000000e+00 0.00000000e+00 3.99000000e-01)
#
# Time          	Cd              	Cl              	CmPitch         	CmRoll          	CmYaw           
2001            	-2.22384264e-01	6.02847660e-02	-4.68359318e-02	1.06082806e-01	4.21132170e-01
2002            	-2.22383801e-01	6.02847286e-02	-4.68363780e-02	1.06083828e-01	4.21136462e-01
2003            	-2.22383423e-01	6.02847765e-02	-4.68372135e-02	1.06083412e-01	4.21134648e-01
2004            	-2.22383371e-01	6.02848312e-02	-4.68376313e-02	1.06081836e-01	4.21128017e-01
2005            	-2.22383555e-01	6.02849678e-02	-4.68381961e-02	1.06078858e-01	4.21115425e-01
2006            	-2.22383965e-01	6.02850985e-02	-4.68384106e-02	1.06074844e-01	4.21098542e-01
2007            	-2.22384512e-01	6.02852961e-02	-4.68388247e-02	1.06069658e-01	4.21076657e-01
2008            	-2.22385340e-01	6.02854772e-02	-4.68387407e-02	1.06063671e-01	4.21051466e-01
2009            	-2.22386407e-01	6.02857192e-02	-4.68386703e-02	1.06056615e-01	4.21021699e-01
2010            	-2.22387719e-01	6.02859246e-02	-4.68380267e-02	1.06049284e-01	4.20990837e-01
2011            	-2.22388967e-01	6.02861490e-02	-4.68375791e-02	1.06042127e-01	4.20960651e-01
2012            	-2.22389843e-01	6.02862880e-02	-4.68371632e-02	1.06035938e-01	4.20934626e-01
2013            	-2.22390018e-01	6.02864120e-02	-4.68376689e-02	1.06030722e-01	4.20912657e-01
2014            	-2.22389532e-01	6.02864448e-02	-4.68385943e-02	1.06026922e-01	4.20896738e-01
2015            	-2.22388483e-01	6.02864777e-02	-4.68403352e-02	1.06024331e-01	4.20885867e-01
2016            	-2.22387232e-01	6.02864392e-02	-4.68419468e-02	1.06023196e-01	4.20881197e-01
2017            	-2.22385925e-01	6.02864064e-02	-4.68436637e-02	1.06023453e-01	4.20882323e-01
2018            	-2.22384758e-01	6.02862981e-02	-4.68447234e-02	1.06025391e-01	4.20890595e-01
2019            	-2.22383645e-01	6.02861953e-02	-4.68457219e-02	1.06028636e-01	4.20904305e-01
2020            	-2.22382712e-01	6.02860202e-02	-4.68460241e-02	1.06033383e-01	4.20924398e-01
2021            	-2.22382063e-01	6.02858615e-02	-4.68459930e-02	1.06039225e-01	4.20949018e-01
2022            	-2.22381926e-01	6.02856503e-02	-4.68448980e-02	1.06046137e-01	4.20978185e-01
2023            	-2.22382236e-01	6.02854755e-02	-4.68433543e-02	1.06053588e-01	4.21009521e-01
2024            	-2.22382962e-01	6.02852674e-02	-4.68410037e-02	1.06061222e-01	4.21041661e-01
2025            	-2.22383763e-01	6.02851155e-02	-4.68388734e-02	1.06068225e-01	4.21071050e-01
2026            	-2.22384381e-01	6.02849469e-02	-4.68369200e-02	1.06074292e-01	4.21096545e-01
2027            	-2.22384512e-01	6.02848470e-02	-4.68360898e-02	1.06078874e-01	4.21115724e-01
2028            	-2.22384294e-01	6.02847466e-02	-4.68357815e-02	1.06081985e-01	4.21128787e-01
2029            	-2.22383806e-01	6.02847267e-02	-4.68363570e-02	1.06083557e-01	4.21135320e-01
2030            	-2.22383367e-01	6.02847075e-02	-4.68368806e-02	1.06084023e-01	4.21137283e-01
2031            	-2.22383111e-01	6.02847759e-02	-4.68376653e-02	1.06083058e-01	4.21133158e-01
2032            	-2.22383212e-01	6.02848510e-02	-4.68379860e-02	1.06080941e-01	4.21124254e-01
2033            	-2.22383503e-01	6.02850078e-02	-4.68385204e-02	1.06077357e-01	4.21109108e-01
2034            	-2.22384014e-01	6.02851568e-02	-4.68387012e-02	1.06072713e-01	4.21089571e-01
2035            	-2.22384712e-01	6.02853723e-02	-4.68390046e-02	1.06066941e-01	4.21065215e-01
2036            	-2.22385741e-01	6.02855699e-02	-4.68387296e-02	1.06060457e-01	4.21037924e-01
2037            	-2.22386980e-01	6.02858189e-02	-4.68384479e-02	1.06053241e-01	4.21007481e-01
2038            	-2.22388369e-01	6.02860197e-02	-4.68376635e-02	1.06046075e-01	4.20977313e-01
2039            	-2.22389516e-01	6.02862292e-02	-4.68372724e-02	1.06039292e-01	4.20948708e-01
2040            	-2.22390138e-01	6.02863478e-02	-4.68371012e-02	1.06033569e-01	4.20924651e-01
2041            	-2.22389998e-01	6.02864512e-02	-4.68379407e-02	1.06028859e-01	4.20904821e-01
2042            	-2.22389242e-01	6.02864656e-02	-4.68391513e-02	1.06025582e-01	4.20891115e-01
2043            	-2.22388043e-01	6.02864839e-02	-4.68410213e-02	1.06023584e-01	4.20882741e-01
2044            	-2.22386771e-01	6.02864323e-02	-4.68425842e-02	1.06023161e-01	4.20881071e-01
2045            	-2.22385505e-01	6.02863851e-02	-4.68441515e-02	1.06024162e-01	4.20885336e-01
2046            	-2.22384386e-01	6.02862619e-02	-4.68450487e-02	1.06026733e-01	4.20896270e-01
2047            	-2.22383303e-01	6.02861425e-02	-4.68458998e-02	1.06030580e-01	4.20912515e-01
2048            	-2.22382472e-01	6.02859517e-02	-4.68459551e-02	1.06035976e-01	4.20935336e-01
2049            	-2.22381995e-01	6.02857841e-02	-4.68456152e-02	1.06042299e-01	4.20961975e-01
2050            	-2.22382066e-01	6.02855660e-02	-4.68441703e-02	1.06049639e-01	4.20992931e-01
2051            	-2.22382538e-01	6.02853889e-02	-4.68423731e-02	1.06057211e-01	4.21024762e-01
2052            	-2.22383321e-01	6.02851830e-02	-4.68399515e-02	1.06064692e-01	4.21056248e-01
2053            	-2.22384015e-01	6.02850376e-02	-4.68380161e-02	1.06071216e-01	4.21083609e-01
2054            	-2.22384405e-01	6.02848770e-02	-4.68364464e-02	1.06076669e-01	4.21106523e-01
2055            	-2.22384310e-01	6.02847890e-02	-4.68360212e-02	1.06080569e-01	4.21122835e-01
2056            	-2.22383940e-01	6.02847038e-02	-4.68360319e-02	1.06083046e-01	4.21133239e-01
2057            	-2.22383430e-01	6.02847024e-02	-4.68367532e-02	1.06084054e-01	4.21137407e-01
2058            	-2.22383082e-01	6.02847046e-02	-4.68372770e-02	1.06083921e-01	4.21136850e-01
2059            	-2.22382969e-01	6.02847938e-02	-4.68379816e-02	1.06082351e-01	4.21130181e-01
2060            	-2.22383197e-01	6.02848872e-02	-4.68382302e-02	1.06079664e-01	4.21118874e-01
2061            	-2.22383580e-01	6.02850604e-02	-4.68387333e-02	1.06075535e-01	4.21101438e-01
2062            	-2.22384206e-01	6.02852241e-02	-4.68388374e-02	1.06070426e-01	4.21079936e-01
2063            	-2.22385053e-01	6.02854529e-02	-4.68390060e-02	1.06064237e-01	4.21053825e-01
2064            	-2.22386237e-01	6.02856603e-02	-4.68385625e-02	1.06057444e-01	4.21025227e-01
2065            	-2.22387585e-01	6.02859118e-02	-4.68381370e-02	1.06050118e-01	4.20994317e-01
2066            	-2.22388964e-01	6.02861050e-02	-4.68373194e-02	1.06043117e-01	4.20964846e-01
2067            	-2.22389897e-01	6.02862945e-02	-4.68371175e-02	1.06036715e-01	4.20937851e-01
2068            	-2.22390215e-01	6.02863900e-02	-4.68372504e-02	1.06031517e-01	4.20916018e-01
2069            	-2.22389781e-01	6.02864732e-02	-4.68383964e-02	1.06027370e-01	4.20898567e-01
2070            	-2.22388812e-01	6.02864722e-02	-4.68398240e-02	1.06024702e-01	4.20887433e-01
2071            	-2.22387535e-01	6.02864793e-02	-4.68417416e-02	1.06023283e-01	4.20881503e-01
2072            	-2.22386279e-01	6.02864140e-02	-4.68431963e-02	1.06023546e-01	4.20882720e-01
2073            	-2.22385067e-01	6.02863519e-02	-4.68445924e-02	1.06025213e-01	4.20889787e-01
2074            	-2.22383979e-01	6.02862131e-02	-4.68453470e-02	1.06028411e-01	4.20903366e-01
2075            	-2.22382952e-01	6.02860794e-02	-4.68460278e-02	1.06032831e-01	4.20922017e-01
2076            	-2.22382265e-01	6.02858771e-02	-4.68457990e-02	1.06038757e-01	4.20947065e-01
2077            	-2.22381986e-01	6.02857015e-02	-4.68451188e-02	1.06045511e-01	4.20975506e-01
2078            	-2.22382241e-01	6.02854794e-02	-4.68433771e-02	1.06053098e-01	4.21007490e-01
2079            	-2.22382835e-01	6.02853025e-02	-4.68413993e-02	1.06060641e-01	4.21039188e-01
2080            	-2.22383619e-01	6.02851006e-02	-4.68390002e-02	1.06067828e-01	4.21069421e-01
2081            	-2.22384160e-01	6.02849626e-02	-4.68373345e-02	1.06073834e-01	4.21094604e-01
2082            	-2.22384319e-01	6.02848124e-02	-4.68361670e-02	1.06078656e-01	4.21114863e-01
2083            	-2.22384034e-01	6.02847391e-02	-4.68361114e-02	1.06081877e-01	4.21128322e-01
2084            	-2.22383577e-01	6.02846703e-02	-4.68363525e-02	1.06083739e-01	4.21136145e-01
2085            	-2.22383087e-01	6.02846862e-02	-4.68371523e-02	1.06084147e-01	4.21137795e-01
2086            	-2.22382866e-01	6.02847113e-02	-4.68376336e-02	1.06083388e-01	4.21134602e-01
2087            	-2.22382911e-01	6.02848233e-02	-4.68382497e-02	1.06081236e-01	4.21125482e-01
2088            	-2.22383237e-01	6.02849371e-02	-4.68384809e-02	1.06077932e-01	4.21111580e-01
2089            	-2.22383710e-01	6.02851253e-02	-4.68389449e-02	1.06073287e-01	4.21091972e-01
2090            	-2.22384473e-01	6.02853021e-02	-4.68389295e-02	1.06067747e-01	4.21068654e-01
2091            	-2.22385491e-01	6.02855433e-02	-4.68389244e-02	1.06061199e-01	4.21041024e-01
2092            	-2.22386824e-01	6.02857588e-02	-4.68383137e-02	1.06054170e-01	4.21011428e-01
2093            	-2.22388231e-01	6.02860079e-02	-4.68377851e-02	1.06046882e-01	4.20980676e-01
2094            	-2.22389501e-01	6.02861875e-02	-4.68370426e-02	1.06040168e-01	4.20952418e-01
2095            	-2.22390168e-01	6.02863559e-02	-4.68371002e-02	1.06034229e-01	4.20927382e-01
2096            	-2.22390161e-01	6.02864297e-02	-4.68375763e-02	1.06029568e-01	4.20907820e-01
2097            	-2.22389450e-01	6.02864944e-02	-4.68390148e-02	1.06025982e-01	4.20892744e-01
2098            	-2.22388322e-01	6.02864788e-02	-4.68405862e-02	1.06023910e-01	4.20884126e-01
2099            	-2.22387016e-01	6.02864735e-02	-4.68424712e-02	1.06023156e-01	4.20880997e-01
2100            	-2.22385797e-01	6.02863943e-02	-4.68437865e-02	1.06024135e-01	4.20885230e-01
2101            	-2.22384636e-01	6.02863179e-02	-4.68450192e-02	1.06026429e-01	4.20894935e-01
2102            	-2.22383576e-01	6.02861625e-02	-4.68456293e-02	1.06030244e-01	4.20911110e-01
2103            	-2.22382639e-01	6.02860148e-02	-4.68460910e-02	1.06035239e-01	4.20932183e-01
2104            	-2.22382119e-01	6.02858052e-02	-4.68455698e-02	1.06041564e-01	4.20958902e-01
2105            	-2.22382053e-01	6.02856215e-02	-4.68445253e-02	1.06048781e-01	4.20989283e-01
2106            	-2.22382482e-01	6.02853948e-02	-4.68424992e-02	1.06056574e-01	4.21022120e-01
2107            	-2.22383146e-01	6.02852191e-02	-4.68404251e-02	1.06063958e-01	4.21053135e-01
2108            	-2.22383847e-01	6.02850233e-02	-4.68381833e-02	1.06070696e-01	4.21081473e-01
2109            	-2.22384179e-01	6.02848938e-02	-4.68368750e-02	1.06076115e-01	4.21104179e-01
2110            	-2.22384121e-01	6.02847561e-02	-4.68361038e-02	1.06080276e-01	4.21121662e-01
2111            	-2.22383682e-01	6.02846980e-02	-4.68363680e-02	1.06082845e-01	4.21132385e-01
2112            	-2.22383199e-01	6.02846474e-02	-4.68367619e-02	1.06084138e-01	4.21137821e-01
2113            	-2.22382796e-01	6.02846846e-02	-4.68375676e-02	1.06083960e-01	4.21137006e-01
2114            	-2.22382715e-01	6.02847306e-02	-4.68379729e-02	1.06082613e-01	4.21131337e-01
2115            	-2.22382895e-01	6.02848611e-02	-4.68385064e-02	1.06079899e-01	4.21119853e-01
2116            	-2.22383316e-01	6.02849915e-02	-4.68387032e-02	1.06076047e-01	4.21103643e-01
2117            	-2.22383900e-01	6.02851943e-02	-4.68390947e-02	1.06070940e-01	4.21082087e-01
2118            	-2.22384808e-01	6.02853846e-02	-4.68389503e-02	1.06064990e-01	4.21057041e-01
2119            	-2.22385980e-01	6.02856356e-02	-4.68387801e-02	1.06058140e-01	4.21028133e-01
2120            	-2.22387419e-01	6.02858545e-02	-4.68380341e-02	1.06050975e-01	4.20997963e-01
2121            	-2.22388824e-01	6.02860971e-02	-4.68374692e-02	1.06043824e-01	4.20967790e-01
2122            	-2.22389915e-01	6.02862593e-02	-4.68368809e-02	1.06037509e-01	4.20941217e-01
2123            	-2.22390291e-01	6.02864055e-02	-4.68372264e-02	1.06032080e-01	4.20918341e-01
2124            	-2.22389983e-01	6.02864584e-02	-4.68380157e-02	1.06027958e-01	4.20901056e-01
2125            	-2.22389039e-01	6.02865065e-02	-4.68396956e-02	1.06024944e-01	4.20888398e-01
2126            	-2.22387833e-01	6.02864811e-02	-4.68413211e-02	1.06023482e-01	4.20882349e-01
2127            	-2.22386539e-01	6.02864624e-02	-4.68431052e-02	1.06023436e-01	4.20882203e-01
2128            	-2.22385367e-01	6.02863671e-02	-4.68442516e-02	1.06025097e-01	4.20889307e-01
2129            	-2.22384233e-01	6.02862743e-02	-4.68453435e-02	1.06028003e-01	4.20901591e-01
2130            	-2.22383226e-01	6.02861042e-02	-4.68457850e-02	1.06032384e-01	4.20920148e-01
2131            	-2.22382427e-01	6.02859426e-02	-4.68459569e-02	1.06038004e-01	4.20943848e-01
2132            	-2.22382107e-01	6.02857216e-02	-4.68450710e-02	1.06044922e-01	4.20973056e-01
2133            	-2.22382234e-01	6.02855335e-02	-4.68437142e-02	1.06052411e-01	4.21004564e-01
2134            	-2.22382791e-01	6.02853077e-02	-4.68415037e-02	1.06060138e-01	4.21037111e-01
2135            	-2.22383452e-01	6.02851359e-02	-4.68394568e-02	1.06067191e-01	4.21066721e-01
2136            	-2.22383998e-01	6.02849473e-02	-4.68374859e-02	1.06073394e-01	4.21092802e-01
2137            	-2.22384096e-01	6.02848273e-02	-4.68365801e-02	1.06078202e-01	4.21112942e-01
2138            	-2.22383844e-01	6.02847026e-02	-4.68361743e-02	1.06081721e-01	4.21127728e-01
2139            	-2.22383320e-01	6.02846631e-02	-4.68366798e-02	1.06083597e-01	4.21135544e-01
2140            	-2.22382854e-01	6.02846323e-02	-4.68371714e-02	1.06084316e-01	4.21138564e-01
2141            	-2.22382557e-01	6.02846913e-02	-4.68379584e-02	1.06083540e-01	4.21135236e-01
2142            	-2.22382613e-01	6.02847576e-02	-4.68382894e-02	1.06081616e-01	4.21127138e-01
2143            	-2.22382884e-01	6.02849069e-02	-4.68388061e-02	1.06078289e-01	4.21113071e-01
2144            	-2.22383402e-01	6.02850535e-02	-4.68389616e-02	1.06073877e-01	4.21094506e-01
2145            	-2.22384132e-01	6.02852707e-02	-4.68392296e-02	1.06068327e-01	4.21071083e-01
2146            	-2.22385213e-01	6.02854744e-02	-4.68389141e-02	1.06062001e-01	4.21044449e-01
2147            	-2.22386532e-01	6.02857343e-02	-4.68385829e-02	1.06054890e-01	4.21014435e-01
2148            	-2.22388036e-01	6.02859514e-02	-4.68377297e-02	1.06047730e-01	4.20984281e-01
2149            	-2.22389346e-01	6.02861806e-02	-4.68372206e-02	1.06040839e-01	4.20955208e-01
2150            	-2.22390156e-01	6.02863200e-02	-4.68369022e-02	1.06034963e-01	4.20930496e-01
2151            	-2.22390209e-01	6.02864440e-02	-4.68375851e-02	1.06030074e-01	4.20909905e-01
2152            	-2.22389634e-01	6.02864785e-02	-4.68386539e-02	1.06026524e-01	4.20895039e-01
2153            	-2.22388534e-01	6.02865118e-02	-4.68404705e-02	1.06024124e-01	4.20884972e-01
2154            	-2.22387305e-01	6.02864745e-02	-4.68420580e-02	1.06023303e-01	4.20881625e-01
2155            	-2.22386059e-01	6.02864424e-02	-4.68436903e-02	1.06023957e-01	4.20884423e-01
2156            	-2.22384949e-01	6.02863327e-02	-4.68446568e-02	1.06026247e-01	4.20894177e-01
2157            	-2.22383845e-01	6.02862230e-02	-4.68455996e-02	1.06029768e-01	4.20909052e-01
2158            	-2.22382912e-01	6.02860380e-02	-4.68458389e-02	1.06034721e-01	4.20930017e-01
2159            	-2.22382283e-01	6.02858663e-02	-4.68456981e-02	1.06040858e-01	4.20955884e-01
2160            	-2.22382183e-01	6.02856389e-02	-4.68444481e-02	1.06048169e-01	4.20986733e-01
2161            	-2.22382486e-01	6.02854466e-02	-4.68428057e-02	1.06055849e-01	4.21019032e-01
2162            	-2.22383123e-01	6.02852218e-02	-4.68404822e-02	1.06063434e-01	4.21050968e-01
2163            	-2.22383720e-01	6.02850556e-02	-4.68385623e-02	1.06070065e-01	4.21078795e-01
2164            	-2.22384068e-01	6.02848757e-02	-4.68369359e-02	1.06075694e-01	4.21102456e-01
2165            	-2.22383944e-01	6.02847681e-02	-4.68364322e-02	1.06079856e-01	4.21119881e-01
2166            	-2.22383522e-01	6.02846578e-02	-4.68363640e-02	1.06082715e-01	4.21131896e-01
2167            	-2.22382963e-01	6.02846369e-02	-4.68370371e-02	1.06084009e-01	4.21137268e-01
2168            	-2.22382567e-01	6.02846261e-02	-4.68375515e-02	1.06084106e-01	4.21137680e-01
2169            	-2.22382412e-01	6.02847076e-02	-4.68382693e-02	1.06082734e-01	4.21131838e-01
2170            	-2.22382612e-01	6.02847948e-02	-4.68385197e-02	1.06080249e-01	4.21121378e-01
2171            	-2.22382974e-01	6.02849618e-02	-4.68390145e-02	1.06076378e-01	4.21105023e-01
2172            	-2.22383599e-01	6.02851232e-02	-4.68391056e-02	1.06071504e-01	4.21084511e-01
2173            	-2.22384473e-01	6.02853541e-02	-4.68392467e-02	1.06065533e-01	4.21059307e-01
2174            	-2.22385715e-01	6.02855684e-02	-4.68387616e-02	1.06058887e-01	4.21031324e-01
2175            	-2.22387152e-01	6.02858329e-02	-4.68382843e-02	1.06051628e-01	4.21000683e-01
2176            	-2.22388668e-01	6.02860449e-02	-4.68373827e-02	1.06044592e-01	4.20971055e-01
2177            	-2.22389815e-01	6.02862588e-02	-4.68370164e-02	1.06038077e-01	4.20943572e-01
2178            	-2.22390349e-01	6.02863769e-02	-4.68369720e-02	1.06032696e-01	4.20920955e-01
2179            	-2.22390100e-01	6.02864793e-02	-4.68379651e-02	1.06028348e-01	4.20902649e-01
2180            	-2.22389284e-01	6.02864966e-02	-4.68392806e-02	1.06025350e-01	4.20890117e-01
2181            	-2.22388074e-01	6.02865176e-02	-4.68411841e-02	1.06023551e-01	4.20882584e-01
2182            	-2.22386845e-01	6.02864672e-02	-4.68426913e-02	1.06023437e-01	4.20882214e-01
2183            	-2.22385649e-01	6.02864204e-02	-4.68441580e-02	1.06024777e-01	4.20887907e-01
2184            	-2.22384574e-01	6.02862954e-02	-4.68449796e-02	1.06027671e-01	4.20900205e-01
2185            	-2.22383516e-01	6.02861705e-02	-4.68457602e-02	1.06031769e-01	4.20917508e-01
2186            	-2.22382713e-01	6.02859704e-02	-4.68457157e-02	1.06037362e-01	4.20941162e-01
2187            	-2.22382261e-01	6.02857874e-02	-4.68452434e-02	1.06044026e-01	4.20969239e-01
2188            	-2.22382337e-01	6.02855538e-02	-4.68436952e-02	1.06051639e-01	4.21001347e-01
2189            	-2.22382756e-01	6.02853600e-02	-4.68418716e-02	1.06059323e-01	4.21033650e-01
2190            	-2.22383394e-01	6.02851377e-02	-4.68395616e-02	1.06066626e-01	4.21064388e-01
2191            	-2.22383850e-01	6.02849781e-02	-4.68378870e-02	1.06072790e-01	4.21090242e-01
2192            	-2.22383963e-01	6.02848069e-02	-4.68366592e-02	1.06077823e-01	4.21111399e-01
2193            	-2.22383636e-01	6.02847122e-02	-4.68365327e-02	1.06081319e-01	4.21126024e-01
2194            	-2.22383110e-01	6.02846210e-02	-4.68367367e-02	1.06083561e-01	4.21135448e-01
2195            	-2.22382552e-01	6.02846196e-02	-4.68375305e-02	1.06084273e-01	4.21138380e-01
2196            	-2.22382252e-01	6.02846303e-02	-4.68380372e-02	1.06083727e-01	4.21136080e-01
2197            	-2.22382237e-01	6.02847317e-02	-4.68386750e-02	1.06081755e-01	4.21127715e-01
2198            	-2.22382539e-01	6.02848377e-02	-4.68388938e-02	1.06078677e-01	4.21114759e-01
2199            	-2.22383005e-01	6.02850209e-02	-4.68393367e-02	1.06074303e-01	4.21096286e-01
2200            	-2.22383775e-01	6.02851961e-02	-4.68393000e-02	1.06069033e-01	4.21074104e-01
2201            	-2.22384825e-01	6.02854399e-02	-4.68392630e-02	1.06062682e-01	4.21047301e-01
2202            	-2.22386224e-01	6.02856636e-02	-4.68386055e-02	1.06055751e-01	4.21018105e-01
2203            	-2.22387748e-01	6.02859279e-02	-4.68379997e-02	1.06048463e-01	4.20987343e-01
2204            	-2.22389200e-01	6.02861280e-02	-4.68371165e-02	1.06041674e-01	4.20958757e-01
2205            	-2.22390112e-01	6.02863207e-02	-4.68369634e-02	1.06035635e-01	4.20933286e-01
2206            	-2.22390336e-01	6.02864160e-02	-4.68372332e-02	1.06030780e-01	4.20912895e-01
2207            	-2.22389812e-01	6.02864986e-02	-4.68385074e-02	1.06026976e-01	4.20896889e-01
2208            	-2.22388823e-01	6.02864998e-02	-4.68399788e-02	1.06024550e-01	4.20886774e-01
2209            	-2.22387583e-01	6.02865086e-02	-4.68418522e-02	1.06023360e-01	4.20881808e-01
2210            	-2.22386398e-01	6.02864431e-02	-4.68432014e-02	1.06023939e-01	4.20884359e-01
2211            	-2.22385271e-01	6.02863816e-02	-4.68444769e-02	1.06025990e-01	4.20893041e-01
2212            	-2.22384229e-01	6.02862408e-02	-4.68451506e-02	1.06029548e-01	4.20908135e-01
2213            	-2.22383239e-01	6.02861021e-02	-4.68457459e-02	1.06034202e-01	4.20927775e-01
2214            	-2.22382591e-01	6.02858913e-02	-4.68454071e-02	1.06040259e-01	4.20953375e-01
2215            	-2.22382349e-01	6.02857011e-02	-4.68445809e-02	1.06047292e-01	4.20982993e-01
2216            	-2.22382595e-01	6.02854626e-02	-4.68427518e-02	1.06055107e-01	4.21015941e-01
2217            	-2.22383099e-01	6.02852696e-02	-4.68408064e-02	1.06062688e-01	4.21047798e-01
2218            	-2.22383683e-01	6.02850533e-02	-4.68386106e-02	1.06069583e-01	4.21076812e-01
2219            	-2.22383948e-01	6.02849038e-02	-4.68372781e-02	1.06075138e-01	4.21100100e-01
2220            	-2.22383837e-01	6.02847452e-02	-4.68364557e-02	1.06079498e-01	4.21118424e-01
2221            	-2.22383341e-01	6.02846658e-02	-4.68366726e-02	1.06082343e-01	4.21130318e-01
2222            	-2.22382774e-01	6.02845941e-02	-4.68370591e-02	1.06084006e-01	4.21137313e-01
2223            	-2.22382287e-01	6.02846149e-02	-4.68378860e-02	1.06084130e-01	4.21137772e-01
2224            	-2.22382128e-01	6.02846481e-02	-4.68383274e-02	1.06082976e-01	4.21132913e-01
2225            	-2.22382260e-01	6.02847694e-02	-4.68388738e-02	1.06080429e-01	4.21122125e-01
2226            	-2.22382659e-01	6.02848926e-02	-4.68390566e-02	1.06076808e-01	4.21106886e-01
2227            	-2.22383232e-01	6.02850913e-02	-4.68394404e-02	1.06071955e-01	4.21086395e-01
2228            	-2.22384150e-01	6.02852814e-02	-4.68392798e-02	1.06066269e-01	4.21062457e-01
2229            	-2.22385361e-01	6.02855367e-02	-4.68390777e-02	1.06059598e-01	4.21034299e-01
2230            	-2.22386879e-01	6.02857651e-02	-4.68382736e-02	1.06052506e-01	4.21004426e-01
2231            	-2.22388417e-01	6.02860240e-02	-4.68376133e-02	1.06045317e-01	4.20974079e-01
2232            	-2.22389714e-01	6.02862089e-02	-4.68368633e-02	1.06038874e-01	4.20946954e-01
2233            	-2.22390349e-01	6.02863803e-02	-4.68369839e-02	1.06033319e-01	4.20923532e-01
2234            	-2.22390262e-01	6.02864537e-02	-4.68375744e-02	1.06029011e-01	4.20905457e-01
2235            	-2.22389483e-01	6.02865182e-02	-4.68391127e-02	1.06025749e-01	4.20891745e-01
2236            	-2.22388373e-01	6.02865070e-02	-4.68406857e-02	1.06023901e-01	4.20884066e-01
2237            	-2.22387134e-01	6.02865045e-02	-4.68424890e-02	1.06023447e-01	4.20882201e-01
2238            	-2.22386000e-01	6.02864255e-02	-4.68436811e-02	1.06024770e-01	4.20887885e-01
2239            	-2.22384893e-01	6.02863469e-02	-4.68448201e-02	1.06027413e-01	4.20899060e-01
2240            	-2.22383870e-01	6.02861878e-02	-4.68453531e-02	1.06031504e-01	4.20916401e-01
2241            	-2.22382978e-01	6.02860340e-02	-4.68457112e-02	1.06036686e-01	4.20938258e-01
2242            	-2.22382492e-01	6.02858124e-02	-4.68450658e-02	1.06043255e-01	4.20966009e-01
2243            	-2.22382432e-01	6.02856160e-02	-4.68439333e-02	1.06050654e-01	4.20997156e-01
2244            	-2.22382806e-01	6.02853750e-02	-4.68418986e-02	1.06058558e-01	4.21030465e-01
2245            	-2.22383323e-01	6.02851835e-02	-4.68399416e-02	1.06065890e-01	4.21061262e-01
2246            	-2.22383771e-01	6.02849727e-02	-4.68379780e-02	1.06072271e-01	4.21088106e-01
2247            	-2.22383813e-01	6.02848319e-02	-4.68370274e-02	1.06077231e-01	4.21108888e-01
2248            	-2.22383510e-01	6.02846875e-02	-4.68365746e-02	1.06080945e-01	4.21124503e-01
2249            	-2.22382913e-01	6.02846279e-02	-4.68370634e-02	1.06083208e-01	4.21133953e-01
2250            	-2.22382347e-01	6.02845746e-02	-4.68375624e-02	1.06084211e-01	4.21138171e-01
2251            	-2.22381954e-01	6.02846149e-02	-4.68383728e-02	1.06083666e-01	4.21135817e-01
2252            	-2.22381954e-01	6.02846701e-02	-4.68387180e-02	1.06081962e-01	4.21128644e-01
2253            	-2.22382221e-01	6.02848110e-02	-4.68391884e-02	1.06078950e-01	4.21115899e-01
2254            	-2.22382735e-01	6.02849513e-02	-4.68393101e-02	1.06074841e-01	4.21098602e-01
2255            	-2.22383452e-01	6.02851648e-02	-4.68395737e-02	1.06069529e-01	4.21076175e-01
2256            	-2.22384541e-01	6.02853689e-02	-4.68392492e-02	1.06063401e-01	4.21050372e-01
2257            	-2.22385913e-01	6.02856347e-02	-4.68388752e-02	1.06056414e-01	4.21020876e-01
2258            	-2.22387532e-01	6.02858646e-02	-4.68379319e-02	1.06049277e-01	4.20990810e-01
2259            	-2.22389031e-01	6.02861139e-02	-4.68372686e-02	1.06042310e-01	4.20961401e-01
2260            	-2.22390108e-01	6.02862787e-02	-4.68367175e-02	1.06036324e-01	4.20936213e-01
2261            	-2.22390433e-01	6.02864277e-02	-4.68371542e-02	1.06031293e-01	4.20915005e-01
2262            	-2.22390056e-01	6.02864807e-02	-4.68380445e-02	1.06027518e-01	4.20899182e-01
2263            	-2.22389081e-01	6.02865289e-02	-4.68397705e-02	1.06024816e-01	4.20887838e-01
2264            	-2.22387910e-01	6.02865049e-02	-4.68413543e-02	1.06023552e-01	4.20882625e-01
2265            	-2.22386705e-01	6.02864890e-02	-4.68430260e-02	1.06023807e-01	4.20883744e-01
2266            	-2.22385632e-01	6.02863955e-02	-4.68440388e-02	1.06025801e-01	4.20892253e-01
2267            	-2.22384544e-01	6.02863004e-02	-4.68450477e-02	1.06029046e-01	4.20905965e-01
2268            	-2.22383564e-01	6.02861254e-02	-4.68454199e-02	1.06033683e-01	4.20925600e-01
2269            	-2.22382804e-01	6.02859569e-02	-4.68454908e-02	1.06039467e-01	4.20949990e-01
2270            	-2.22382516e-01	6.02857256e-02	-4.68444938e-02	1.06046514e-01	4.20979742e-01
2271            	-2.22382620e-01	6.02855230e-02	-4.68430803e-02	1.06054176e-01	4.21011982e-01
2272            	-2.22383082e-01	6.02852815e-02	-4.68409116e-02	1.06061991e-01	4.21044903e-01
2273            	-2.22383561e-01	6.02850953e-02	-4.68390417e-02	1.06068921e-01	4.21074000e-01
2274            	-2.22383829e-01	6.02848937e-02	-4.68373987e-02	1.06074689e-01	4.21098256e-01
2275            	-2.22383643e-01	6.02847643e-02	-4.68368524e-02	1.06079005e-01	4.21116338e-01
2276            	-2.22383163e-01	6.02846340e-02	-4.68367475e-02	1.06082119e-01	4.21129431e-01
2277            	-2.22382508e-01	6.02845920e-02	-4.68374310e-02	1.06083820e-01	4.21136524e-01
2278            	-2.22382011e-01	6.02845617e-02	-4.68379709e-02	1.06084254e-01	4.21138351e-01
2279            	-2.22381764e-01	6.02846260e-02	-4.68387182e-02	1.06083089e-01	4.21133385e-01
2280            	-2.22381920e-01	6.02847021e-02	-4.68389649e-02	1.06080803e-01	4.21123759e-01
2281            	-2.22382274e-01	6.02848624e-02	-4.68394288e-02	1.06077170e-01	4.21108401e-01
2282            	-2.22382893e-01	6.02850186e-02	-4.68394953e-02	1.06072569e-01	4.21089035e-01
2283            	-2.22383772e-01	6.02852471e-02	-4.68396145e-02	1.06066852e-01	4.21064901e-01
2284            	-2.22385037e-01	6.02854602e-02	-4.68390878e-02	1.06060555e-01	4.21038380e-01
2285            	-2.22386549e-01	6.02857328e-02	-4.68385506e-02	1.06053382e-01	4.21008096e-01
2286            	-2.22388200e-01	6.02859607e-02	-4.68375484e-02	1.06046250e-01	4.20978046e-01
2287            	-2.22389555e-01	6.02861969e-02	-4.68370139e-02	1.06039549e-01	4.20949763e-01
2288            	-2.22390358e-01	6.02863409e-02	-4.68367347e-02	1.06034010e-01	4.20926467e-01
2289            	-2.22390344e-01	6.02864651e-02	-4.68375170e-02	1.06029489e-01	4.20907422e-01
2290            	-2.22389702e-01	6.02864990e-02	-4.68386793e-02	1.06026268e-01	4.20893946e-01
2291            	-2.22388599e-01	6.02865343e-02	-4.68405148e-02	1.06024147e-01	4.20885050e-01
2292            	-2.22387414e-01	6.02864978e-02	-4.68420432e-02	1.06023587e-01	4.20882800e-01
2293            	-2.22386243e-01	6.02864670e-02	-4.68435718e-02	1.06024561e-01	4.20886951e-01
2294            	-2.22385198e-01	6.02863577e-02	-4.68444457e-02	1.06027158e-01	4.20897996e-01
2295            	-2.22384133e-01	6.02862462e-02	-4.68453203e-02	1.06030946e-01	4.20913997e-01
2296            	-2.22383249e-01	6.02860570e-02	-4.68454613e-02	1.06036111e-01	4.20935851e-01
2297            	-2.22382652e-01	6.02858772e-02	-4.68452227e-02	1.06042389e-01	4.20962314e-01
2298            	-2.22382551e-01	6.02856383e-02	-4.68439027e-02	1.06049813e-01	4.20993639e-01
2299            	-2.22382796e-01	6.02854317e-02	-4.68422551e-02	1.06057617e-01	4.21026466e-01
2300            	-2.22383294e-01	6.02851916e-02	-4.68400414e-02	1.06065231e-01	4.21058527e-01
2301            	-2.22383662e-01	6.02850116e-02	-4.68383722e-02	1.06071643e-01	4.21085438e-01
2302            	-2.22383719e-01	6.02848188e-02	-4.68370921e-02	1.06076809e-01	4.21107162e-01
2303            	-2.22383344e-01	6.02847034e-02	-4.68369096e-02	1.06080486e-01	4.21122555e-01
2304            	-2.22382754e-01	6.02845908e-02	-4.68370751e-02	1.06082980e-01	4.21133048e-01
2305            	-2.22382104e-01	6.02845674e-02	-4.68378680e-02	1.06084085e-01	4.21137634e-01
2306            	-2.22381716e-01	6.02845585e-02	-4.68383820e-02	1.06083875e-01	4.21136755e-01
2307            	-2.22381642e-01	6.02846471e-02	-4.68390275e-02	1.06082140e-01	4.21129385e-01
2308            	-2.22381939e-01	6.02847444e-02	-4.68391982e-02	1.06079347e-01	4.21117627e-01
2309            	-2.22382399e-01	6.02849216e-02	-4.68396129e-02	1.06075219e-01	4.21100184e-01
2310            	-2.22383148e-01	6.02850919e-02	-4.68395771e-02	1.06070171e-01	4.21078933e-01
2311            	-2.22384183e-01	6.02853307e-02	-4.68395312e-02	1.06064185e-01	4.21053662e-01
2312            	-2.22385613e-01	6.02855585e-02	-4.68388522e-02	1.06057426e-01	4.21025186e-01
2313            	-2.22387232e-01	6.02858358e-02	-4.68381867e-02	1.06050115e-01	4.20994315e-01
2314            	-2.22388856e-01	6.02860559e-02	-4.68371748e-02	1.06043172e-01	4.20965066e-01
2315            	-2.22390002e-01	6.02862721e-02	-4.68368242e-02	1.06036948e-01	4.20938801e-01
2316            	-2.22390494e-01	6.02863930e-02	-4.68368574e-02	1.06031952e-01	4.20917804e-01
2317            	-2.22390181e-01	6.02864965e-02	-4.68379515e-02	1.06027962e-01	4.20901007e-01
2318            	-2.22389322e-01	6.02865135e-02	-4.68393275e-02	1.06025282e-01	4.20889814e-01
2319            	-2.22388143e-01	6.02865373e-02	-4.68412051e-02	1.06023707e-01	4.20883220e-01
2320            	-2.22386982e-01	6.02864880e-02	-4.68426199e-02	1.06023833e-01	4.20883861e-01
2321            	-2.22385875e-01	6.02864433e-02	-4.68439685e-02	1.06025480e-01	4.20890846e-01
2322            	-2.22384849e-01	6.02863160e-02	-4.68447027e-02	1.06028728e-01	4.20904634e-01
2323            	-2.22383816e-01	6.02861870e-02	-4.68454210e-02	1.06033078e-01	4.20923000e-01
2324            	-2.22383058e-01	6.02859824e-02	-4.68452823e-02	1.06038836e-01	4.20947348e-01
2325            	-2.22382649e-01	6.02857928e-02	-4.68447054e-02	1.06045591e-01	4.20975807e-01
2326            	-2.22382716e-01	6.02855477e-02	-4.68430986e-02	1.06053305e-01	4.21008341e-01
2327            	-2.22383060e-01	6.02853396e-02	-4.68412962e-02	1.06061052e-01	4.21040918e-01
2328            	-2.22383533e-01	6.02851031e-02	-4.68391397e-02	1.06068295e-01	4.21071405e-01
2329            	-2.22383735e-01	6.02849315e-02	-4.68377644e-02	1.06074111e-01	4.21095806e-01
2330            	-2.22383577e-01	6.02847512e-02	-4.68368764e-02	1.06078674e-01	4.21114991e-01
2331            	-2.22383025e-01	6.02846500e-02	-4.68370418e-02	1.06081740e-01	4.21127820e-01
2332            	-2.22382368e-01	6.02845542e-02	-4.68374109e-02	1.06083653e-01	4.21135872e-01
2333            	-2.22381775e-01	6.02845523e-02	-4.68382534e-02	1.06084134e-01	4.21137838e-01
2334            	-2.22381538e-01	6.02845692e-02	-4.68387081e-02	1.06083293e-01	4.21134303e-01
2335            	-2.22381614e-01	6.02846819e-02	-4.68392827e-02	1.06080956e-01	4.21124396e-01
2336            	-2.22382005e-01	6.02847958e-02	-4.68394209e-02	1.06077659e-01	4.21110516e-01
2337            	-2.22382565e-01	6.02849873e-02	-4.68397775e-02	1.06073056e-01	4.21091074e-01
2338            	-2.22383465e-01	6.02851697e-02	-4.68395944e-02	1.06067703e-01	4.21068536e-01
2339            	-2.22384677e-01	6.02854223e-02	-4.68393742e-02	1.06061357e-01	4.21041741e-01
2340            	-2.22386251e-01	6.02856598e-02	-4.68385453e-02	1.06054315e-01	4.21012069e-01
2341            	-2.22387910e-01	6.02859358e-02	-4.68378126e-02	1.06047003e-01	4.20981192e-01
2342            	-2.22389404e-01	6.02861425e-02	-4.68369079e-02	1.06040348e-01	4.20953162e-01
2343            	-2.22390282e-01	6.02863373e-02	-4.68368164e-02	1.06034596e-01	4.20928895e-01
2344            	-2.22390453e-01	6.02864345e-02	-4.68371747e-02	1.06030157e-01	4.20910254e-01
2345            	-2.22389874e-01	6.02865184e-02	-4.68385380e-02	1.06026712e-01	4.20895759e-01
2346            	-2.22388874e-01	6.02865214e-02	-4.68400360e-02	1.06024588e-01	4.20886914e-01
2347            	-2.22387668e-01	6.02865322e-02	-4.68418728e-02	1.06023654e-01	4.20883026e-01
2348            	-2.22386551e-01	6.02864701e-02	-4.68431434e-02	1.06024516e-01	4.20886769e-01
2349            	-2.22385478e-01	6.02864097e-02	-4.68443460e-02	1.06026786e-01	4.20896371e-01
2350            	-2.22384470e-01	6.02862640e-02	-4.68449403e-02	1.06030618e-01	4.20912622e-01
2351            	-2.22383525e-01	6.02861198e-02	-4.68454354e-02	1.06035490e-01	4.20933183e-01
2352            	-2.22382922e-01	6.02859031e-02	-4.68449918e-02	1.06041726e-01	4.20959535e-01
2353            	-2.22382702e-01	6.02857048e-02	-4.68440833e-02	1.06048882e-01	4.20989672e-01
2354            	-2.22382917e-01	6.02854544e-02	-4.68422250e-02	1.06056796e-01	4.21023036e-01
2355            	-2.22383305e-01	6.02852466e-02	-4.68403578e-02	1.06064394e-01	4.21054974e-01
2356            	-2.22383681e-01	6.02850160e-02	-4.68383796e-02	1.06071135e-01	4.21083344e-01
2357            	-2.22383676e-01	6.02848531e-02	-4.68373607e-02	1.06076328e-01	4.21105116e-01
2358            	-2.22383323e-01	6.02846862e-02	-4.68368433e-02	1.06080241e-01	4.21121570e-01
2359            	-2.22382646e-01	6.02846022e-02	-4.68372986e-02	1.06082704e-01	4.21131870e-01
2360            	-2.22381991e-01	6.02845280e-02	-4.68377996e-02	1.06084091e-01	4.21137715e-01
2361            	-2.22381497e-01	6.02845497e-02	-4.68386429e-02	1.06083944e-01	4.21137033e-01
2362            	-2.22381401e-01	6.02845898e-02	-4.68390352e-02	1.06082459e-01	4.21130787e-01
2363            	-2.22381609e-01	6.02847219e-02	-4.68395368e-02	1.06079546e-01	4.21118456e-01
2364            	-2.22382095e-01	6.02848544e-02	-4.68396523e-02	1.06075649e-01	4.21102050e-01
2365            	-2.22382789e-01	6.02850608e-02	-4.68399047e-02	1.06070639e-01	4.21080891e-01
2366            	-2.22383856e-01	6.02852573e-02	-4.68395653e-02	1.06064951e-01	4.21056938e-01
2367            	-2.22385229e-01	6.02855210e-02	-4.68391771e-02	1.06058332e-01	4.21028990e-01
2368            	-2.22386892e-01	6.02857583e-02	-4.68382156e-02	1.06051340e-01	4.20999521e-01
2369            	-2.22388525e-01	6.02860266e-02	-4.68374716e-02	1.06044172e-01	4.20969255e-01
2370            	-2.22389825e-01	6.02862162e-02	-4.68367461e-02	1.06037854e-01	4.20942650e-01
2371            	-2.22390409e-01	6.02863898e-02	-4.68369553e-02	1.06032561e-01	4.20920327e-01
2372            	-2.22390288e-01	6.02864661e-02	-4.68376129e-02	1.06028657e-01	4.20903949e-01
2373            	-2.22389509e-01	6.02865336e-02	-4.68391694e-02	1.06025831e-01	4.20892072e-01
2374            	-2.22388424e-01	6.02865229e-02	-4.68407083e-02	1.06024255e-01	4.20885540e-01
2375            	-2.22387230e-01	6.02865184e-02	-4.68424329e-02	1.06024008e-01	4.20884544e-01
2376            	-2.22386168e-01	6.02864402e-02	-4.68435237e-02	1.06025561e-01	4.20891195e-01
2377            	-2.22385120e-01	6.02863624e-02	-4.68445827e-02	1.06028467e-01	4.20903477e-01
2378            	-2.22384147e-01	6.02862024e-02	-4.68450360e-02	1.06032775e-01	4.20921733e-01
2379            	-2.22383323e-01	6.02860459e-02	-4.68452758e-02	1.06038123e-01	4.20944287e-01
2380            	-2.22382899e-01	6.02858184e-02	-4.68445029e-02	1.06044832e-01	4.20972624e-01
2381            	-2.22382844e-01	6.02856115e-02	-4.68432969e-02	1.06052345e-01	4.21004255e-01
2382            	-2.22383159e-01	6.02853573e-02	-4.68412663e-02	1.06060306e-01	4.21037805e-01
2383            	-2.22383530e-01	6.02851524e-02	-4.68394405e-02	1.06067589e-01	4.21068407e-01
2384            	-2.22383750e-01	6.02849306e-02	-4.68377447e-02	1.06073735e-01	4.21094266e-01
2385            	-2.22383522e-01	6.02847793e-02	-4.68371246e-02	1.06078262e-01	4.21113238e-01
2386            	-2.22382989e-01	6.02846268e-02	-4.68369596e-02	1.06081553e-01	4.21127081e-01
2387            	-2.22382239e-01	6.02845605e-02	-4.68376326e-02	1.06083454e-01	4.21135020e-01
2388            	-2.22381632e-01	6.02845083e-02	-4.68382002e-02	1.06084300e-01	4.21138593e-01
2389            	-2.22381283e-01	6.02845555e-02	-4.68389908e-02	1.06083529e-01	4.21135284e-01
2390            	-2.22381341e-01	6.02846163e-02	-4.68392862e-02	1.06081493e-01	4.21126716e-01
2391            	-2.22381649e-01	6.02847631e-02	-4.68397328e-02	1.06078151e-01	4.21112579e-01
2392            	-2.22382227e-01	6.02849120e-02	-4.68398155e-02	1.06073769e-01	4.21094130e-01
2393            	-2.22383057e-01	6.02851362e-02	-4.68399802e-02	1.06068256e-01	4.21070848e-01
2394            	-2.22384292e-01	6.02853484e-02	-4.68394906e-02	1.06062130e-01	4.21045047e-01
2395            	-2.22385816e-01	6.02856221e-02	-4.68389441e-02	1.06055217e-01	4.21015854e-01
2396            	-2.22387562e-01	6.02858622e-02	-4.68378759e-02	1.06048085e-01	4.20985795e-01
2397            	-2.22389107e-01	6.02861185e-02	-4.68371874e-02	1.06041200e-01	4.20956723e-01
2398            	-2.22390149e-01	6.02862857e-02	-4.68367002e-02	1.06035425e-01	4.20932417e-01
2399            	-2.22390401e-01	6.02864353e-02	-4.68372476e-02	1.06030696e-01	4.20912483e-01
2400            	-2.22389997e-01	6.02864924e-02	-4.68382036e-02	1.06027318e-01	4.20898330e-01
2401            	-2.22389050e-01	6.02865456e-02	-4.68399193e-02	1.06025000e-01	4.20888596e-01
2402            	-2.22387930e-01	6.02865227e-02	-4.68414356e-02	1.06023999e-01	4.20884485e-01
2403            	-2.22386782e-01	6.02865057e-02	-4.68430153e-02	1.06024469e-01	4.20886511e-01
2404            	-2.22385761e-01	6.02864108e-02	-4.68439425e-02	1.06026628e-01	4.20895716e-01
2405            	-2.22384731e-01	6.02863142e-02	-4.68448590e-02	1.06030149e-01	4.20910591e-01
2406            	-2.22383829e-01	6.02861383e-02	-4.68451089e-02	1.06035022e-01	4.20931222e-01
2407            	-2.22383151e-01	6.02859670e-02	-4.68450421e-02	1.06040965e-01	4.20956277e-01
2408            	-2.22382917e-01	6.02857300e-02	-4.68439297e-02	1.06048103e-01	4.20986412e-01
2409            	-2.22383018e-01	6.02855174e-02	-4.68424575e-02	1.06055828e-01	4.21018920e-01
2410            	-2.22383392e-01	6.02852625e-02	-4.68403357e-02	1.06063649e-01	4.21051870e-01
2411            	-2.22383680e-01	6.02850621e-02	-4.68386589e-02	1.06070467e-01	4.21080502e-01
2412            	-2.22383699e-01	6.02848488e-02	-4.68373091e-02	1.06075981e-01	4.21103700e-01
2413            	-2.22383269e-01	6.02847108e-02	-4.68370674e-02	1.06079848e-01	4.21119898e-01
2414            	-2.22382598e-01	6.02845752e-02	-4.68372112e-02	1.06082532e-01	4.21131194e-01
2415            	-2.22381831e-01	6.02845277e-02	-4.68380256e-02	1.06083885e-01	4.21136830e-01
2416            	-2.22381319e-01	6.02844980e-02	-4.68385942e-02	1.06084104e-01	4.21137763e-01
2417            	-2.22381121e-01	6.02845706e-02	-4.68393205e-02	1.06082710e-01	4.21131833e-01
2418            	-2.22381328e-01	6.02846555e-02	-4.68395477e-02	1.06080060e-01	4.21120673e-01
2419            	-2.22381737e-01	6.02848219e-02	-4.68399693e-02	1.06076112e-01	4.21103987e-01
2420            	-2.22382448e-01	6.02849850e-02	-4.68399445e-02	1.06071306e-01	4.21083753e-01
2421            	-2.22383450e-01	6.02852194e-02	-4.68399197e-02	1.06065590e-01	4.21059616e-01
2422            	-2.22384864e-01	6.02854435e-02	-4.68392414e-02	1.06059227e-01	4.21032809e-01
2423            	-2.22386508e-01	6.02857244e-02	-4.68385612e-02	1.06052150e-01	4.21002919e-01
2424            	-2.22388236e-01	6.02859571e-02	-4.68374751e-02	1.06045234e-01	4.20973770e-01
2425            	-2.22389599e-01	6.02861972e-02	-4.68369528e-02	1.06038698e-01	4.20946174e-01
2426            	-2.22390362e-01	6.02863437e-02	-4.68367461e-02	1.06033362e-01	4.20923726e-01
2427            	-2.22390331e-01	6.02864727e-02	-4.68375830e-02	1.06029151e-01	4.20905982e-01
2428            	-2.22389705e-01	6.02865119e-02	-4.68387543e-02	1.06026331e-01	4.20894192e-01
2429            	-2.22388660e-01	6.02865517e-02	-4.68405319e-02	1.06024564e-01	4.20886786e-01
2430            	-2.22387542e-01	6.02865153e-02	-4.68419624e-02	1.06024262e-01	4.20885621e-01
2431            	-2.22386435e-01	6.02864831e-02	-4.68433877e-02	1.06025430e-01	4.20890585e-01
2432            	-2.22385438e-01	6.02863727e-02	-4.68441840e-02	1.06028237e-01	4.20902519e-01
2433            	-2.22384431e-01	6.02862588e-02	-4.68449579e-02	1.06032308e-01	4.20919708e-01
2434            	-2.22383626e-01	6.02860677e-02	-4.68449718e-02	1.06037654e-01	4.20942325e-01
2435            	-2.22383099e-01	6.02858843e-02	-4.68446087e-02	1.06044053e-01	4.20969294e-01
2436            	-2.22383016e-01	6.02856386e-02	-4.68432187e-02	1.06051531e-01	4.21000849e-01
2437            	-2.22383215e-01	6.02854219e-02	-4.68415758e-02	1.06059322e-01	4.21033624e-01
2438            	-2.22383573e-01	6.02851685e-02	-4.68394851e-02	1.06066866e-01	4.21065396e-01
2439            	-2.22383708e-01	6.02849757e-02	-4.68380785e-02	1.06073096e-01	4.21091549e-01
2440            	-2.22383499e-01	6.02847723e-02	-4.68371239e-02	1.06077959e-01	4.21112006e-01
2441            	-2.22382886e-01	6.02846482e-02	-4.68372378e-02	1.06081190e-01	4.21125536e-01
2442            	-2.22382134e-01	6.02845298e-02	-4.68376066e-02	1.06083319e-01	4.21134501e-01
2443            	-2.22381412e-01	6.02845056e-02	-4.68385008e-02	1.06084153e-01	4.21137960e-01
2444            	-2.22381029e-01	6.02845007e-02	-4.68390345e-02	1.06083700e-01	4.21136064e-01
2445            	-2.22380996e-01	6.02845933e-02	-4.68396442e-02	1.06081689e-01	4.21127531e-01
2446            	-2.22381322e-01	6.02846967e-02	-4.68398119e-02	1.06078532e-01	4.21114237e-01
2447            	-2.22381839e-01	6.02848813e-02	-4.68401887e-02	1.06074125e-01	4.21095618e-01
2448            	-2.22382698e-01	6.02850615e-02	-4.68400528e-02	1.06068914e-01	4.21073674e-01
2449            	-2.22383882e-01	6.02853113e-02	-4.68398565e-02	1.06062798e-01	4.21047847e-01
2450            	-2.22385460e-01	6.02855459e-02	-4.68390022e-02	1.06056123e-01	4.21019718e-01
2451            	-2.22387193e-01	6.02858274e-02	-4.68381944e-02	1.06049012e-01	4.20989683e-01
2452            	-2.22388873e-01	6.02860532e-02	-4.68371347e-02	1.06042209e-01	4.20961013e-01
2453            	-2.22390003e-01	6.02862734e-02	-4.68368306e-02	1.06036150e-01	4.20935434e-01
2454            	-2.22390447e-01	6.02863964e-02	-4.68369472e-02	1.06031396e-01	4.20915450e-01
2455            	-2.22390127e-01	6.02865041e-02	-4.68380774e-02	1.06027766e-01	4.20900166e-01
2456            	-2.22389317e-01	6.02865267e-02	-4.68394174e-02	1.06025490e-01	4.20890671e-01
2457            	-2.22388208e-01	6.02865522e-02	-4.68412010e-02	1.06024235e-01	4.20885423e-01
2458            	-2.22387117e-01	6.02865016e-02	-4.68425034e-02	1.06024595e-01	4.20887049e-01
2459            	-2.22386070e-01	6.02864558e-02	-4.68437580e-02	1.06026413e-01	4.20894753e-01
2460            	-2.22385100e-01	6.02863284e-02	-4.68444100e-02	1.06029866e-01	4.20909407e-01
2461            	-2.22384142e-01	6.02861973e-02	-4.68450054e-02	1.06034494e-01	4.20928942e-01
2462            	-2.22383459e-01	6.02859921e-02	-4.68447514e-02	1.06040301e-01	4.20953491e-01
2463            	-2.22383101e-01	6.02857977e-02	-4.68440694e-02	1.06047116e-01	4.20982202e-01
2464            	-2.22383158e-01	6.02855468e-02	-4.68424413e-02	1.06054765e-01	4.21014464e-01
2465            	-2.22383419e-01	6.02853282e-02	-4.68406946e-02	1.06062506e-01	4.21047017e-01
2466            	-2.22383713e-01	6.02850781e-02	-4.68387154e-02	1.06069680e-01	4.21077226e-01
2467            	-2.22383668e-01	6.02848936e-02	-4.68376238e-02	1.06075309e-01	4.21100847e-01
2468            	-2.22383265e-01	6.02847037e-02	-4.68370381e-02	1.06079489e-01	4.21118434e-01
2469            	-2.22382513e-01	6.02845965e-02	-4.68374599e-02	1.06082100e-01	4.21129357e-01
2470            	-2.22381744e-01	6.02844980e-02	-4.68379772e-02	1.06083687e-01	4.21136048e-01
2471            	-2.22381113e-01	6.02844952e-02	-4.68388728e-02	1.06083911e-01	4.21136940e-01
2472            	-2.22380894e-01	6.02845167e-02	-4.68393302e-02	1.06082853e-01	4.21132489e-01
2473            	-2.22381014e-01	6.02846347e-02	-4.68398725e-02	1.06080248e-01	4.21121457e-01
2474            	-2.22381448e-01	6.02847563e-02	-4.68399963e-02	1.06076577e-01	4.21106001e-01
2475            	-2.22382091e-01	6.02849551e-02	-4.68402770e-02	1.06071742e-01	4.21085575e-01
2476            	-2.22383114e-01	6.02851461e-02	-4.68399664e-02	1.06066291e-01	4.21062621e-01
2477            	-2.22384480e-01	6.02854090e-02	-4.68395843e-02	1.06059895e-01	4.21035605e-01
2478            	-2.22386190e-01	6.02856525e-02	-4.68385920e-02	1.06053008e-01	4.21006579e-01
2479            	-2.22387935e-01	6.02859316e-02	-4.68377520e-02	1.06045938e-01	4.20976714e-01
2480            	-2.22389449e-01	6.02861427e-02	-4.68368438e-02	1.06039462e-01	4.20949430e-01
2481            	-2.22390302e-01	6.02863417e-02	-4.68368152e-02	1.06033900e-01	4.20925957e-01
2482            	-2.22390442e-01	6.02864428e-02	-4.68372421e-02	1.06029705e-01	4.20908339e-01
2483            	-2.22389869e-01	6.02865315e-02	-4.68386260e-02	1.06026620e-01	4.20895359e-01
2484            	-2.22388929e-01	6.02865400e-02	-4.68400701e-02	1.06024870e-01	4.20888086e-01
2485            	-2.22387798e-01	6.02865519e-02	-4.68418035e-02	1.06024259e-01	4.20885553e-01
2486            	-2.22386750e-01	6.02864881e-02	-4.68429623e-02	1.06025342e-01	4.20890222e-01
2487            	-2.22385720e-01	6.02864258e-02	-4.68440896e-02	1.06027776e-01	4.20900520e-01
2488            	-2.22384759e-01	6.02862795e-02	-4.68446105e-02	1.06031788e-01	4.20917527e-01
2489            	-2.22383885e-01	6.02861346e-02	-4.68449973e-02	1.06036839e-01	4.20938841e-01
2490            	-2.22383346e-01	6.02859148e-02	-4.68444399e-02	1.06043224e-01	4.20965818e-01
2491            	-2.22383144e-01	6.02857104e-02	-4.68434667e-02	1.06050438e-01	4.20996200e-01
2492            	-2.22383312e-01	6.02854513e-02	-4.68416218e-02	1.06058330e-01	4.21029473e-01
2493            	-2.22383574e-01	6.02852323e-02	-4.68398700e-02	1.06065860e-01	4.21061128e-01
2494            	-2.22383729e-01	6.02849890e-02	-4.68381374e-02	1.06072439e-01	4.21088821e-01
2495            	-2.22383463e-01	6.02848146e-02	-4.68374321e-02	1.06077368e-01	4.21109496e-01
2496            	-2.22382874e-01	6.02846387e-02	-4.68372044e-02	1.06080879e-01	4.21124273e-01
2497            	-2.22382027e-01	6.02845479e-02	-4.68378689e-02	1.06082931e-01	4.21132851e-01
2498            	-2.22381292e-01	6.02844700e-02	-4.68384659e-02	1.06084006e-01	4.21137393e-01
2499            	-2.22380801e-01	6.02844936e-02	-4.68393174e-02	1.06083640e-01	4.21135799e-01
2500            	-2.22380746e-01	6.02845373e-02	-4.68396736e-02	1.06081944e-01	4.21128662e-01
2501            	-2.22380996e-01	6.02846737e-02	-4.68401407e-02	1.06078802e-01	4.21115368e-01
2502            	-2.22381548e-01	6.02848129e-02	-4.68402003e-02	1.06074652e-01	4.21097891e-01
2503            	-2.22382351e-01	6.02850253e-02	-4.68403311e-02	1.06069553e-01	4.21076356e-01
2504            	-2.22383559e-01	6.02852322e-02	-4.68398477e-02	1.06063712e-01	4.21051750e-01
2505            	-2.22385093e-01	6.02855080e-02	-4.68392987e-02	1.06056961e-01	4.21023231e-01
2506            	-2.22386901e-01	6.02857547e-02	-4.68381827e-02	1.06049962e-01	4.20993725e-01
2507            	-2.22388598e-01	6.02860253e-02	-4.68373590e-02	1.06043075e-01	4.20964634e-01
2508            	-2.22389890e-01	6.02862166e-02	-4.68366535e-02	1.06037049e-01	4.20939253e-01
2509            	-2.22390437e-01	6.02863928e-02	-4.68369324e-02	1.06032012e-01	4.20918004e-01
2510            	-2.22390294e-01	6.02864734e-02	-4.68376492e-02	1.06028356e-01	4.20902669e-01
2511            	-2.22389533e-01	6.02865459e-02	-4.68392098e-02	1.06025819e-01	4.20892006e-01
2512            	-2.22388531e-01	6.02865413e-02	-4.68406647e-02	1.06024606e-01	4.20886998e-01
2513            	-2.22387420e-01	6.02865392e-02	-4.68422828e-02	1.06024635e-01	4.20887162e-01
2514            	-2.22386419e-01	6.02864607e-02	-4.68432817e-02	1.06026349e-01	4.20894489e-01
2515            	-2.22385403e-01	6.02863807e-02	-4.68442786e-02	1.06029431e-01	4.20907514e-01
2516            	-2.22384475e-01	6.02862171e-02	-4.68446443e-02	1.06034003e-01	4.20926880e-01
2517            	-2.22383713e-01	6.02860583e-02	-4.68447780e-02	1.06039524e-01	4.20950164e-01
2518            	-2.22383348e-01	6.02858279e-02	-4.68439006e-02	1.06046324e-01	4.20978881e-01
2519            	-2.22383292e-01	6.02856181e-02	-4.68426764e-02	1.06053714e-01	4.21009992e-01
2520            	-2.22383536e-01	6.02853560e-02	-4.68407024e-02	1.06061600e-01	4.21043229e-01
2521            	-2.22383748e-01	6.02851391e-02	-4.68390345e-02	1.06068820e-01	4.21073574e-01
2522            	-2.22383728e-01	6.02849033e-02	-4.68376037e-02	1.06074829e-01	4.21098864e-01
2523            	-2.22383260e-01	6.02847416e-02	-4.68372720e-02	1.06079079e-01	4.21116681e-01
2524            	-2.22382523e-01	6.02845816e-02	-4.68373621e-02	1.06081952e-01	4.21128778e-01
2525            	-2.22381651e-01	6.02845111e-02	-4.68381886e-02	1.06083502e-01	4.21135249e-01
2526            	-2.22380993e-01	6.02844556e-02	-4.68388117e-02	1.06084010e-01	4.21137408e-01
2527            	-2.22380658e-01	6.02845045e-02	-4.68395931e-02	1.06083005e-01	4.21133119e-01
2528            	-2.22380783e-01	6.02845708e-02	-4.68398255e-02	1.06080775e-01	4.21123733e-01
2529            	-2.22381147e-01	6.02847264e-02	-4.68402456e-02	1.06077114e-01	4.21108252e-01
2530            	-2.22381803e-01	6.02848821e-02	-4.68402548e-02	1.06072490e-01	4.21088779e-01
2531            	-2.22382747e-01	6.02851101e-02	-4.68402755e-02	1.06066975e-01	4.21065489e-01
2532            	-2.22384125e-01	6.02853309e-02	-4.68396310e-02	1.06060791e-01	4.21039433e-01
2533            	-2.22385793e-01	6.02856149e-02	-4.68389345e-02	1.06053828e-01	4.21010016e-01
2534            	-2.22387632e-01	6.02858595e-02	-4.68377586e-02	1.06046880e-01	4.20980727e-01
2535            	-2.22389187e-01	6.02861171e-02	-4.68370626e-02	1.06040304e-01	4.20952948e-01
2536            	-2.22390209e-01	6.02862885e-02	-4.68366303e-02	1.06034740e-01	4.20929525e-01
2537            	-2.22390435e-01	6.02864427e-02	-4.68372432e-02	1.06030225e-01	4.20910485e-01
2538            	-2.22390015e-01	6.02865037e-02	-4.68382467e-02	1.06027083e-01	4.20897323e-01
2539            	-2.22389102e-01	6.02865617e-02	-4.68399419e-02	1.06025054e-01	4.20888809e-01
2540            	-2.22388064e-01	6.02865435e-02	-4.68413677e-02	1.06024466e-01	4.20886432e-01
2541            	-2.22386977e-01	6.02865263e-02	-4.68428559e-02	1.06025180e-01	4.20889486e-01
2542            	-2.22386001e-01	6.02864314e-02	-4.68437177e-02	1.06027523e-01	4.20899463e-01
2543            	-2.22385004e-01	6.02863339e-02	-4.68445779e-02	1.06031198e-01	4.20914987e-01
2544            	-2.22384165e-01	6.02861548e-02	-4.68447163e-02	1.06036320e-01	4.20936665e-01
2545            	-2.22383548e-01	6.02859830e-02	-4.68445567e-02	1.06042336e-01	4.20962025e-01
2546            	-2.22383339e-01	6.02857419e-02	-4.68433824e-02	1.06049511e-01	4.20992314e-01
2547            	-2.22383400e-01	6.02855247e-02	-4.68419399e-02	1.06057092e-01	4.21024218e-01
2548            	-2.22383655e-01	6.02852635e-02	-4.68399519e-02	1.06064719e-01	4.21056353e-01
2549            	-2.22383746e-01	6.02850515e-02	-4.68384928e-02	1.06071451e-01	4.21084635e-01
2550            	-2.22383525e-01	6.02848241e-02	-4.68374072e-02	1.06076866e-01	4.21107429e-01
2551            	-2.22382887e-01	6.02846759e-02	-4.68374094e-02	1.06080480e-01	4.21122574e-01
2552            	-2.22382057e-01	6.02845334e-02	-4.68377440e-02	1.06082770e-01	4.21132220e-01
2553            	-2.22381215e-01	6.02844844e-02	-4.68386608e-02	1.06083781e-01	4.21136427e-01
2554            	-2.22380684e-01	6.02844541e-02	-4.68392554e-02	1.06083677e-01	4.21136007e-01
2555            	-2.22380509e-01	6.02845273e-02	-4.68399526e-02	1.06082050e-01	4.21129098e-01
2556            	-2.22380753e-01	6.02846151e-02	-4.68401443e-02	1.06079215e-01	4.21117162e-01
2557            	-2.22381223e-01	6.02847872e-02	-4.68405113e-02	1.06075067e-01	4.21099629e-01
2558            	-2.22382031e-01	6.02849540e-02	-4.68403680e-02	1.06070202e-01	4.21079143e-01
2559            	-2.22383156e-01	6.02851961e-02	-4.68402104e-02	1.06064333e-01	4.21054353e-01
2560            	-2.22384707e-01	6.02854306e-02	-4.68393960e-02	1.06057801e-01	4.21026822e-01
2561            	-2.22386481e-01	6.02857200e-02	-4.68385780e-02	1.06050695e-01	4.20996799e-01
2562            	-2.22388282e-01	6.02859579e-02	-4.68374146e-02	1.06043890e-01	4.20968111e-01
2563            	-2.22389622e-01	6.02861965e-02	-4.68369150e-02	1.06037742e-01	4.20942146e-01
2564            	-2.22390336e-01	6.02863444e-02	-4.68367887e-02	1.06032708e-01	4.20920970e-01
2565            	-2.22390273e-01	6.02864774e-02	-4.68376970e-02	1.06028738e-01	4.20904237e-01
2566            	-2.22389651e-01	6.02865213e-02	-4.68388910e-02	1.06026161e-01	4.20893464e-01
2567            	-2.22388663e-01	6.02865662e-02	-4.68406164e-02	1.06024670e-01	4.20887213e-01
2568            	-2.22387642e-01	6.02865342e-02	-4.68419326e-02	1.06024718e-01	4.20887522e-01
2569            	-2.22386621e-01	6.02865038e-02	-4.68432423e-02	1.06026108e-01	4.20893417e-01
2570            	-2.22385667e-01	6.02863911e-02	-4.68439610e-02	1.06029094e-01	4.20906103e-01
2571            	-2.22384699e-01	6.02862746e-02	-4.68446624e-02	1.06033333e-01	4.20924002e-01
2572            	-2.22383963e-01	6.02860823e-02	-4.68445658e-02	1.06038857e-01	4.20947369e-01
2573            	-2.22383518e-01	6.02858976e-02	-4.68440731e-02	1.06045392e-01	4.20974908e-01
2574            	-2.22383461e-01	6.02856503e-02	-4.68426352e-02	1.06052807e-01	4.21006196e-01
2575            	-2.22383612e-01	6.02854297e-02	-4.68410393e-02	1.06060413e-01	4.21038194e-01
2576            	-2.22383836e-01	6.02851695e-02	-4.68391014e-02	1.06067772e-01	4.21069191e-01
2577            	-2.22383757e-01	6.02849646e-02	-4.68379344e-02	1.06073936e-01	4.21095077e-01
2578            	-2.22383325e-01	6.02847493e-02	-4.68372336e-02	1.06078668e-01	4.21114998e-01
2579            	-2.22382526e-01	6.02846168e-02	-4.68375697e-02	1.06081628e-01	4.21127394e-01
2580            	-2.22381644e-01	6.02844924e-02	-4.68380924e-02	1.06083372e-01	4.21134752e-01
2581            	-2.22380872e-01	6.02844652e-02	-4.68390436e-02	1.06083861e-01	4.21136765e-01
2582            	-2.22380493e-01	6.02844613e-02	-4.68395778e-02	1.06083166e-01	4.21133852e-01
2583            	-2.22380485e-01	6.02845585e-02	-4.68401813e-02	1.06080944e-01	4.21124433e-01
2584            	-2.22380834e-01	6.02846652e-02	-4.68403360e-02	1.06077564e-01	4.21110204e-01
2585            	-2.22381409e-01	6.02848532e-02	-4.68406492e-02	1.06072940e-01	4.21090665e-01
2586            	-2.22382362e-01	6.02850359e-02	-4.68403906e-02	1.06067666e-01	4.21068451e-01
2587            	-2.22383668e-01	6.02852932e-02	-4.68400620e-02	1.06061449e-01	4.21042194e-01
2588            	-2.22385373e-01	6.02855377e-02	-4.68390823e-02	1.06054700e-01	4.21013744e-01
2589            	-2.22387198e-01	6.02858260e-02	-4.68381813e-02	1.06047632e-01	4.20983880e-01
2590            	-2.22388877e-01	6.02860514e-02	-4.68371201e-02	1.06041111e-01	4.20956390e-01
2591            	-2.22389972e-01	6.02862725e-02	-4.68368711e-02	1.06035307e-01	4.20931884e-01
2592            	-2.22390377e-01	6.02863986e-02	-4.68370640e-02	1.06030810e-01	4.20912978e-01
2593            	-2.22390043e-01	6.02865114e-02	-4.68382460e-02	1.06027419e-01	4.20898698e-01
2594            	-2.22389260e-01	6.02865390e-02	-4.68395759e-02	1.06025414e-01	4.20890340e-01
2595            	-2.22388227e-01	6.02865695e-02	-4.68412802e-02	1.06024532e-01	4.20886659e-01
2596            	-2.22387228e-01	6.02865232e-02	-4.68424746e-02	1.06025220e-01	4.20889662e-01
2597            	-2.22386239e-01	6.02864771e-02	-4.68436417e-02	1.06027207e-01	4.20898073e-01
2598            	-2.22385308e-01	6.02863466e-02	-4.68442167e-02	1.06030786e-01	4.20913262e-01
2599            	-2.22384421e-01	6.02862142e-02	-4.68446980e-02	1.06035585e-01	4.20933516e-01
2600            	-2.22383826e-01	6.02860087e-02	-4.68443135e-02	1.06041590e-01	4.20958897e-01
2601            	-2.22383541e-01	6.02858134e-02	-4.68435187e-02	1.06048510e-01	4.20988051e-01
2602            	-2.22383603e-01	6.02855576e-02	-4.68418522e-02	1.06056133e-01	4.21020202e-01
2603            	-2.22383779e-01	6.02853340e-02	-4.68401986e-02	1.06063640e-01	4.21051771e-01
2604            	-2.22383896e-01	6.02850775e-02	-4.68384405e-02	1.06070553e-01	4.21080885e-01
2605            	-2.22383617e-01	6.02848807e-02	-4.68376155e-02	1.06076098e-01	4.21104167e-01
2606            	-2.22383000e-01	6.02846790e-02	-4.68372714e-02	1.06080131e-01	4.21121143e-01
2607            	-2.22382080e-01	6.02845640e-02	-4.68378939e-02	1.06082454e-01	4.21130867e-01
2608            	-2.22381205e-01	6.02844603e-02	-4.68385356e-02	1.06083660e-01	4.21135964e-01
2609            	-2.22380552e-01	6.02844582e-02	-4.68394671e-02	1.06083562e-01	4.21135506e-01
2610            	-2.22380343e-01	6.02844791e-02	-4.68399074e-02	1.06082265e-01	4.21130056e-01
2611            	-2.22380487e-01	6.02845949e-02	-4.68404032e-02	1.06079525e-01	4.21118458e-01
2612            	-2.22380955e-01	6.02847198e-02	-4.68404970e-02	1.06075663e-01	4.21102193e-01
2613            	-2.22381673e-01	6.02849223e-02	-4.68406904e-02	1.06070748e-01	4.21081431e-01
2614            	-2.22382788e-01	6.02851212e-02	-4.68402946e-02	1.06065094e-01	4.21057608e-01
2615            	-2.22384254e-01	6.02853924e-02	-4.68398163e-02	1.06058504e-01	4.21029771e-01
2616            	-2.22386076e-01	6.02856430e-02	-4.68387028e-02	1.06051583e-01	4.21000592e-01
2617            	-2.22387901e-01	6.02859268e-02	-4.68377732e-02	1.06044628e-01	4.20971203e-01
2618            	-2.22389406e-01	6.02861359e-02	-4.68368657e-02	1.06038527e-01	4.20945494e-01
2619            	-2.22390221e-01	6.02863356e-02	-4.68368966e-02	1.06033242e-01	4.20923185e-01
2620            	-2.22390336e-01	6.02864411e-02	-4.68373865e-02	1.06029277e-01	4.20906531e-01
2621            	-2.22389776e-01	6.02865364e-02	-4.68387924e-02	1.06026424e-01	4.20894523e-01
2622            	-2.22388900e-01	6.02865518e-02	-4.68401863e-02	1.06024914e-01	4.20888254e-01
2623            	-2.22387874e-01	6.02865688e-02	-4.68417967e-02	1.06024651e-01	4.20887183e-01
2624            	-2.22386926e-01	6.02865073e-02	-4.68428233e-02	1.06025986e-01	4.20892912e-01
2625            	-2.22385955e-01	6.02864439e-02	-4.68438554e-02	1.06028611e-01	4.20904015e-01
2626            	-2.22385050e-01	6.02862962e-02	-4.68442866e-02	1.06032777e-01	4.20921672e-01
2627            	-2.22384260e-01	6.02861509e-02	-4.68445454e-02	1.06037998e-01	4.20943695e-01
2628            	-2.22383808e-01	6.02859327e-02	-4.68438706e-02	1.06044439e-01	4.20970908e-01
2629            	-2.22383647e-01	6.02857285e-02	-4.68428368e-02	1.06051607e-01	4.21001096e-01
2630            	-2.22383788e-01	6.02854667e-02	-4.68410154e-02	1.06059350e-01	4.21033741e-01
2631            	-2.22383941e-01	6.02852419e-02	-4.68393876e-02	1.06066690e-01	4.21064603e-01
2632            	-2.22383905e-01	6.02849876e-02	-4.68378667e-02	1.06073219e-01	4.21092096e-01
2633            	-2.22383418e-01	6.02848012e-02	-4.68374119e-02	1.06078071e-01	4.21112455e-01
2634            	-2.22382630e-01	6.02846159e-02	-4.68374189e-02	1.06081351e-01	4.21126272e-01
2635            	-2.22381636e-01	6.02845195e-02	-4.68382652e-02	1.06083051e-01	4.21133378e-01
2636            	-2.22380813e-01	6.02844390e-02	-4.68389760e-02	1.06083766e-01	4.21136409e-01
2637            	-2.22380288e-01	6.02844606e-02	-4.68398680e-02	1.06083082e-01	4.21133483e-01
2638            	-2.22380243e-01	6.02845044e-02	-4.68402099e-02	1.06081200e-01	4.21125570e-01
2639            	-2.22380507e-01	6.02846392e-02	-4.68406469e-02	1.06077959e-01	4.21111858e-01
2640            	-2.22381099e-01	6.02847815e-02	-4.68406684e-02	1.06073621e-01	4.21093590e-01
2641            	-2.22381972e-01	6.02850009e-02	-4.68407385e-02	1.06068274e-01	4.21071000e-01
2642            	-2.22383278e-01	6.02852154e-02	-4.68401608e-02	1.06062255e-01	4.21045640e-01
2643            	-2.22384916e-01	6.02854984e-02	-4.68395024e-02	1.06055414e-01	4.21016734e-01
2644            	-2.22386816e-01	6.02857500e-02	-4.68382796e-02	1.06048493e-01	4.20987554e-01
2645            	-2.22388553e-01	6.02860230e-02	-4.68374132e-02	1.06041789e-01	4.20959227e-01
2646            	-2.22389816e-01	6.02862131e-02	-4.68367405e-02	1.06036120e-01	4.20935346e-01
2647            	-2.22390320e-01	6.02863911e-02	-4.68370938e-02	1.06031350e-01	4.20915219e-01
2648            	-2.22390166e-01	6.02864775e-02	-4.68378618e-02	1.06027914e-01	4.20900802e-01
2649            	-2.22389441e-01	6.02865567e-02	-4.68394112e-02	1.06025604e-01	4.20891091e-01
2650            	-2.22388516e-01	6.02865576e-02	-4.68407880e-02	1.06024684e-01	4.20887311e-01
2651            	-2.22387508e-01	6.02865599e-02	-4.68422816e-02	1.06025069e-01	4.20888971e-01
2652            	-2.22386584e-01	6.02864819e-02	-4.68431710e-02	1.06026977e-01	4.20897112e-01
2653            	-2.22385629e-01	6.02864008e-02	-4.68440717e-02	1.06030227e-01	4.20910850e-01
2654            	-2.22384781e-01	6.02862389e-02	-4.68443293e-02	1.06034901e-01	4.20930643e-01
2655            	-2.22384113e-01	6.02860805e-02	-4.68443287e-02	1.06040607e-01	4.20954705e-01
2656            	-2.22383819e-01	6.02858514e-02	-4.68433525e-02	1.06047450e-01	4.20983601e-01
2657            	-2.22383781e-01	6.02856377e-02	-4.68420774e-02	1.06054885e-01	4.21014902e-01
2658            	-2.22383955e-01	6.02853709e-02	-4.68401753e-02	1.06062602e-01	4.21047429e-01
2659            	-2.22384010e-01	6.02851482e-02	-4.68387030e-02	1.06069566e-01	4.21076698e-01
2660            	-2.22383769e-01	6.02849047e-02	-4.68375492e-02	1.06075348e-01	4.21101042e-01
2661            	-2.22383083e-01	6.02847325e-02	-4.68374737e-02	1.06079476e-01	4.21118359e-01
2662            	-2.22382162e-01	6.02845631e-02	-4.68377769e-02	1.06082152e-01	4.21129640e-01
2663            	-2.22381162e-01	6.02844857e-02	-4.68387494e-02	1.06083363e-01	4.21134691e-01
2664            	-2.22380455e-01	6.02844290e-02	-4.68394383e-02	1.06083551e-01	4.21135509e-01
2665            	-2.22380103e-01	6.02844763e-02	-4.68402355e-02	1.06082288e-01	4.21130142e-01
2666            	-2.22380219e-01	6.02845435e-02	-4.68404863e-02	1.06079811e-01	4.21119717e-01
2667            	-2.22380590e-01	6.02846995e-02	-4.68409003e-02	1.06075947e-01	4.21103378e-01
2668            	-2.22381310e-01	6.02848579e-02	-4.68408333e-02	1.06071168e-01	4.21083254e-01
2669            	-2.22382351e-01	6.02850919e-02	-4.68407480e-02	1.06065484e-01	4.21059242e-01
2670            	-2.22383842e-01	6.02853191e-02	-4.68399762e-02	1.06059192e-01	4.21032725e-01
2671            	-2.22385620e-01	6.02856086e-02	-4.68391525e-02	1.06052232e-01	4.21003313e-01
2672            	-2.22387535e-01	6.02858568e-02	-4.68378864e-02	1.06045423e-01	4.20974604e-01
2673            	-2.22389101e-01	6.02861151e-02	-4.68371773e-02	1.06039088e-01	4.20947836e-01
2674            	-2.22390080e-01	6.02862846e-02	-4.68367959e-02	1.06033900e-01	4.20925990e-01
2675            	-2.22390279e-01	6.02864409e-02	-4.68374631e-02	1.06029664e-01	4.20908123e-01
2676            	-2.22389876e-01	6.02865076e-02	-4.68384759e-02	1.06026769e-01	4.20895997e-01
2677            	-2.22389036e-01	6.02865726e-02	-4.68401070e-02	1.06024986e-01	4.20888509e-01
2678            	-2.22388103e-01	6.02865587e-02	-4.68414043e-02	1.06024724e-01	4.20887505e-01
2679            	-2.22387124e-01	6.02865436e-02	-4.68427481e-02	1.06025729e-01	4.20891779e-01
2680            	-2.22386220e-01	6.02864492e-02	-4.68435065e-02	1.06028293e-01	4.20902685e-01
2681            	-2.22385288e-01	6.02863513e-02	-4.68442695e-02	1.06032137e-01	4.20918920e-01
2682            	-2.22384532e-01	6.02861740e-02	-4.68442963e-02	1.06037328e-01	4.20940890e-01
2683            	-2.22384000e-01	6.02860015e-02	-4.68440068e-02	1.06043485e-01	4.20966840e-01
2684            	-2.22383838e-01	6.02857610e-02	-4.68427645e-02	1.06050669e-01	4.20997164e-01
2685            	-2.22383889e-01	6.02855408e-02	-4.68413189e-02	1.06058216e-01	4.21028924e-01
2686            	-2.22384051e-01	6.02852735e-02	-4.68394297e-02	1.06065743e-01	4.21060643e-01
2687            	-2.22383957e-01	6.02850559e-02	-4.68382063e-02	1.06072191e-01	4.21087735e-01
2688            	-2.22383500e-01	6.02848214e-02	-4.68374243e-02	1.06077319e-01	4.21109327e-01
2689            	-2.22382645e-01	6.02846657e-02	-4.68376996e-02	1.06080655e-01	4.21123317e-01
2690            	-2.22381646e-01	6.02845151e-02	-4.68382329e-02	1.06082736e-01	4.21132098e-01
2691            	-2.22380698e-01	6.02844589e-02	-4.68392617e-02	1.06083482e-01	4.21135199e-01
2692            	-2.22380144e-01	6.02844276e-02	-4.68398844e-02	1.06083108e-01	4.21133648e-01
2693            	-2.22379982e-01	6.02845000e-02	-4.68405601e-02	1.06081246e-01	4.21125750e-01
2694            	-2.22380246e-01	6.02845862e-02	-4.68407122e-02	1.06078302e-01	4.21113358e-01
2695            	-2.22380748e-01	6.02847607e-02	-4.68410477e-02	1.06073937e-01	4.21094909e-01
2696            	-2.22381624e-01	6.02849340e-02	-4.68408448e-02	1.06068829e-01	4.21073396e-01
2697            	-2.22382853e-01	6.02851840e-02	-4.68405839e-02	1.06062761e-01	4.21047758e-01
2698            	-2.22384517e-01	6.02854246e-02	-4.68396408e-02	1.06056126e-01	4.21019789e-01
2699            	-2.22386395e-01	6.02857180e-02	-4.68386938e-02	1.06049095e-01	4.20990076e-01
2700            	-2.22388248e-01	6.02859581e-02	-4.68374664e-02	1.06042493e-01	4.20962241e-01
2701            	-2.22389581e-01	6.02861972e-02	-4.68369806e-02	1.06036613e-01	4.20937398e-01
2702            	-2.22390248e-01	6.02863450e-02	-4.68369222e-02	1.06031937e-01	4.20917725e-01
2703            	-2.22390166e-01	6.02864814e-02	-4.68378788e-02	1.06028240e-01	4.20902137e-01
2704            	-2.22389583e-01	6.02865321e-02	-4.68390584e-02	1.06025884e-01	4.20892289e-01
2705            	-2.22388683e-01	6.02865833e-02	-4.68406936e-02	1.06024659e-01	4.20887154e-01
2706            	-2.22387759e-01	6.02865541e-02	-4.68418837e-02	1.06025025e-01	4.20888797e-01
2707            	-2.22386824e-01	6.02865256e-02	-4.68430799e-02	1.06026672e-01	4.20895776e-01
2708            	-2.22385928e-01	6.02864129e-02	-4.68437137e-02	1.06029871e-01	4.20909357e-01
2709            	-2.22385028e-01	6.02862981e-02	-4.68443239e-02	1.06034193e-01	4.20927605e-01
2710            	-2.22384373e-01	6.02861053e-02	-4.68441050e-02	1.06039859e-01	4.20951567e-01
2711            	-2.22383995e-01	6.02859204e-02	-4.68435129e-02	1.06046452e-01	4.20979348e-01
2712            	-2.22383965e-01	6.02856701e-02	-4.68420148e-02	1.06053959e-01	4.21011019e-01
2713            	-2.22384072e-01	6.02854447e-02	-4.68404529e-02	1.06061534e-01	4.21042888e-01
2714            	-2.22384162e-01	6.02851779e-02	-4.68386720e-02	1.06068740e-01	4.21073249e-01
2715            	-2.22383873e-01	6.02849665e-02	-4.68377721e-02	1.06074598e-01	4.21097853e-01
2716            	-2.22383213e-01	6.02847439e-02	-4.68373617e-02	1.06079026e-01	4.21116502e-01
2717            	-2.22382217e-01	6.02846043e-02	-4.68379427e-02	1.06081700e-01	4.21127707e-01
2718            	-2.22381200e-01	6.02844731e-02	-4.68386246e-02	1.06083221e-01	4.21134137e-01
2719            	-2.22380360e-01	6.02844422e-02	-4.68396524e-02	1.06083458e-01	4.21135097e-01
2720            	-2.22379970e-01	6.02844360e-02	-4.68401903e-02	1.06082511e-01	4.21131131e-01
2721            	-2.22379980e-01	6.02845314e-02	-4.68407567e-02	1.06080062e-01	4.21120761e-01
2722            	-2.22380362e-01	6.02846361e-02	-4.68408506e-02	1.06076545e-01	4.21105955e-01
2723            	-2.22381011e-01	6.02848256e-02	-4.68410637e-02	1.06071849e-01	4.21086113e-01
2724            	-2.22382059e-01	6.02850169e-02	-4.68407200e-02	1.06066359e-01	4.21062979e-01
2725            	-2.22383470e-01	6.02852834e-02	-4.68402940e-02	1.06059934e-01	4.21035834e-01
2726            	-2.22385268e-01	6.02855333e-02	-4.68392110e-02	1.06053075e-01	4.21006916e-01
2727            	-2.22387170e-01	6.02858243e-02	-4.68382148e-02	1.06046086e-01	4.20977379e-01
2728            	-2.22388876e-01	6.02860508e-02	-4.68371188e-02	1.06039801e-01	4.20950883e-01
2729            	-2.22389949e-01	6.02862711e-02	-4.68368971e-02	1.06034387e-01	4.20928014e-01
2730            	-2.22390316e-01	6.02863985e-02	-4.68371529e-02	1.06030232e-01	4.20910543e-01
2731            	-2.22389973e-01	6.02865163e-02	-4.68383789e-02	1.06027054e-01	4.20897156e-01
2732            	-2.22389244e-01	6.02865525e-02	-4.68396832e-02	1.06025217e-01	4.20889500e-01
2733            	-2.22388304e-01	6.02865891e-02	-4.68412881e-02	1.06024620e-01	4.20887017e-01
2734            	-2.22387398e-01	6.02865447e-02	-4.68423587e-02	1.06025628e-01	4.20891362e-01
2735            	-2.22386462e-01	6.02864980e-02	-4.68434435e-02	1.06027820e-01	4.20900639e-01
2736            	-2.22385583e-01	6.02863678e-02	-4.68439450e-02	1.06031600e-01	4.20916670e-01
2737            	-2.22384776e-01	6.02862385e-02	-4.68443280e-02	1.06036496e-01	4.20937329e-01
2738            	-2.22384259e-01	6.02860323e-02	-4.68438236e-02	1.06042681e-01	4.20963470e-01
2739            	-2.22384014e-01	6.02858357e-02	-4.68429606e-02	1.06049638e-01	4.20992776e-01
2740            	-2.22384067e-01	6.02855766e-02	-4.68412860e-02	1.06057287e-01	4.21025034e-01
2741            	-2.22384162e-01	6.02853479e-02	-4.68397197e-02	1.06064731e-01	4.21056345e-01
2742            	-2.22384113e-01	6.02850843e-02	-4.68381611e-02	1.06071478e-01	4.21084765e-01
2743            	-2.22383612e-01	6.02848804e-02	-4.68376175e-02	1.06076703e-01	4.21106703e-01
2744            	-2.22382781e-01	6.02846725e-02	-4.68375507e-02	1.06080417e-01	4.21122352e-01
2745            	-2.22381691e-01	6.02845493e-02	-4.68383715e-02	1.06082543e-01	4.21131257e-01
2746            	-2.22380713e-01	6.02844394e-02	-4.68391281e-02	1.06083525e-01	4.21135424e-01
2747            	-2.22380013e-01	6.02844335e-02	-4.68401064e-02	1.06083141e-01	4.21133765e-01
2748            	-2.22379804e-01	6.02844524e-02	-4.68405354e-02	1.06081588e-01	4.21127245e-01
2749            	-2.22379965e-01	6.02845675e-02	-4.68410014e-02	1.06078683e-01	4.21114951e-01
2750            	-2.22380469e-01	6.02846935e-02	-4.68410505e-02	1.06074598e-01	4.21097752e-01
2751            	-2.22381259e-01	6.02849001e-02	-4.68411633e-02	1.06069469e-01	4.21076081e-01
2752            	-2.22382485e-01	6.02851064e-02	-4.68406505e-02	1.06063607e-01	4.21051380e-01
2753            	-2.22384075e-01	6.02853847e-02	-4.68400349e-02	1.06056897e-01	4.21023025e-01
2754            	-2.22385998e-01	6.02856389e-02	-4.68387946e-02	1.06049989e-01	4.20993895e-01
2755            	-2.22387867e-01	6.02859234e-02	-4.68378048e-02	1.06043195e-01	4.20965178e-01
2756            	-2.22389351e-01	6.02861319e-02	-4.68369224e-02	1.06037347e-01	4.20940531e-01
2757            	-2.22390109e-01	6.02863309e-02	-4.68370316e-02	1.06032419e-01	4.20919722e-01
2758            	-2.22390180e-01	6.02864380e-02	-4.68375973e-02	1.06028772e-01	4.20904406e-01
2759            	-2.22389639e-01	6.02865389e-02	-4.68390101e-02	1.06026136e-01	4.20893306e-01
2760            	-2.22388843e-01	6.02865610e-02	-4.68403273e-02	1.06024860e-01	4.20888016e-01
2761            	-2.22387914e-01	6.02865829e-02	-4.68418261e-02	1.06024891e-01	4.20888181e-01
2762            	-2.22387051e-01	6.02865236e-02	-4.68427403e-02	1.06026492e-01	4.20895026e-01
2763            	-2.22386135e-01	6.02864598e-02	-4.68436908e-02	1.06029356e-01	4.20907132e-01
2764            	-2.22385285e-01	6.02863134e-02	-4.68440474e-02	1.06033646e-01	4.20925312e-01
2765            	-2.22384581e-01	6.02861684e-02	-4.68441820e-02	1.06039028e-01	4.20948012e-01
2766            	-2.22384223e-01	6.02859493e-02	-4.68433626e-02	1.06045653e-01	4.20975997e-01
2767            	-2.22384122e-01	6.02857431e-02	-4.68422276e-02	1.06052931e-01	4.21006643e-01
2768            	-2.22384249e-01	6.02854788e-02	-4.68404119e-02	1.06060618e-01	4.21039056e-01
2769            	-2.22384292e-01	6.02852506e-02	-4.68389230e-02	1.06067772e-01	4.21069136e-01
2770            	-2.22384057e-01	6.02849924e-02	-4.68376708e-02	1.06073968e-01	4.21095232e-01
2771            	-2.22383343e-01	6.02847996e-02	-4.68375081e-02	1.06078512e-01	4.21114308e-01
2772            	-2.22382356e-01	6.02846066e-02	-4.68377612e-02	1.06081570e-01	4.21127201e-01
2773            	-2.22381239e-01	6.02845041e-02	-4.68387516e-02	1.06083050e-01	4.21133391e-01
2774            	-2.22380347e-01	6.02844178e-02	-4.68395290e-02	1.06083507e-01	4.21135348e-01
2775            	-2.22379808e-01	6.02844376e-02	-4.68404316e-02	1.06082588e-01	4.21131438e-01
2776            	-2.22379774e-01	6.02844805e-02	-4.68407519e-02	1.06080491e-01	4.21122620e-01
2777            	-2.22380058e-01	6.02846161e-02	-4.68411676e-02	1.06077035e-01	4.21108007e-01
2778            	-2.22380692e-01	6.02847575e-02	-4.68411195e-02	1.06072576e-01	4.21089232e-01
2779            	-2.22381641e-01	6.02849815e-02	-4.68411081e-02	1.06067014e-01	4.21065729e-01
2780            	-2.22383049e-01	6.02852046e-02	-4.68404336e-02	1.06060770e-01	4.21039410e-01
2781            	-2.22384783e-01	6.02854939e-02	-4.68396743e-02	1.06053810e-01	4.21009999e-01
2782            	-2.22386748e-01	6.02857481e-02	-4.68383715e-02	1.06046939e-01	4.20981025e-01
2783            	-2.22388487e-01	6.02860211e-02	-4.68375000e-02	1.06040435e-01	4.20953537e-01
2784            	-2.22389717e-01	6.02862113e-02	-4.68368765e-02	1.06035035e-01	4.20930787e-01
2785            	-2.22390171e-01	6.02863895e-02	-4.68373036e-02	1.06030630e-01	4.20912190e-01
2786            	-2.22389977e-01	6.02864778e-02	-4.68381428e-02	1.06027505e-01	4.20899080e-01
2787            	-2.22389284e-01	6.02865636e-02	-4.68396859e-02	1.06025394e-01	4.20890199e-01
2788            	-2.22388444e-01	6.02865709e-02	-4.68409774e-02	1.06024741e-01	4.20887539e-01
2789            	-2.22387531e-01	6.02865772e-02	-4.68423554e-02	1.06025410e-01	4.20890391e-01
2790            	-2.22386683e-01	6.02865024e-02	-4.68431530e-02	1.06027558e-01	4.20899544e-01
2791            	-2.22385784e-01	6.02864203e-02	-4.68439645e-02	1.06031006e-01	4.20914113e-01
2792            	-2.22385022e-01	6.02862569e-02	-4.68440865e-02	1.06035874e-01	4.20934722e-01
2793            	-2.22384453e-01	6.02860966e-02	-4.68439281e-02	1.06041791e-01	4.20959669e-01
2794            	-2.22384235e-01	6.02858652e-02	-4.68428248e-02	1.06048801e-01	4.20989266e-01
2795            	-2.22384228e-01	6.02856497e-02	-4.68414933e-02	1.06056269e-01	4.21020704e-01
2796            	-2.22384357e-01	6.02853813e-02	-4.68396475e-02	1.06063868e-01	4.21052735e-01
2797            	-2.22384273e-01	6.02851548e-02	-4.68383549e-02	1.06070612e-01	4.21081081e-01
2798            	-2.22383824e-01	6.02849021e-02	-4.68374496e-02	1.06076214e-01	4.21104680e-01
2799            	-2.22382926e-01	6.02847215e-02	-4.68376332e-02	1.06080077e-01	4.21120891e-01
2800            	-2.22381834e-01	6.02845462e-02	-4.68381501e-02	1.06082485e-01	4.21131052e-01
2801            	-2.22380726e-01	6.02844636e-02	-4.68392515e-02	1.06083472e-01	4.21135174e-01
2802            	-2.22379956e-01	6.02844019e-02	-4.68400030e-02	1.06083317e-01	4.21134554e-01
2803            	-2.22379600e-01	6.02844474e-02	-4.68407964e-02	1.06081771e-01	4.21127999e-01
2804            	-2.22379722e-01	6.02845131e-02	-4.68410308e-02	1.06079103e-01	4.21116774e-01
2805            	-2.22380127e-01	6.02846676e-02	-4.68413844e-02	1.06075133e-01	4.21099995e-01
2806            	-2.22380914e-01	6.02848265e-02	-4.68412226e-02	1.06070281e-01	4.21079561e-01
2807            	-2.22382048e-01	6.02850686e-02	-4.68410514e-02	1.06064323e-01	4.21054384e-01
2808            	-2.22383643e-01	6.02853059e-02	-4.68401908e-02	1.06057764e-01	4.21026732e-01
2809            	-2.22385511e-01	6.02856014e-02	-4.68392710e-02	1.06050704e-01	4.20996895e-01
2810            	-2.22387471e-01	6.02858507e-02	-4.68379458e-02	1.06043994e-01	4.20968596e-01
2811            	-2.22389018e-01	6.02861072e-02	-4.68372532e-02	1.06037911e-01	4.20942889e-01
2812            	-2.22389956e-01	6.02862773e-02	-4.68369343e-02	1.06033007e-01	4.20922236e-01
2813            	-2.22390120e-01	6.02864360e-02	-4.68376658e-02	1.06029111e-01	4.20905797e-01
2814            	-2.22389721e-01	6.02865076e-02	-4.68387028e-02	1.06026521e-01	4.20894950e-01
2815            	-2.22388948e-01	6.02865794e-02	-4.68402783e-02	1.06024953e-01	4.20888362e-01
2816            	-2.22388111e-01	6.02865716e-02	-4.68414734e-02	1.06024938e-01	4.20888391e-01
2817            	-2.22387243e-01	6.02865622e-02	-4.68426888e-02	1.06026209e-01	4.20893782e-01
2818            	-2.22386405e-01	6.02864684e-02	-4.68433534e-02	1.06028927e-01	4.20905334e-01
2819            	-2.22385537e-01	6.02863706e-02	-4.68440225e-02	1.06032887e-01	4.20922060e-01
2820            	-2.22384881e-01	6.02861929e-02	-4.68438995e-02	1.06038299e-01	4.20944954e-01
2821            	-2.22384464e-01	6.02860197e-02	-4.68434355e-02	1.06044715e-01	4.20971997e-01
2822            	-2.22384376e-01	6.02857766e-02	-4.68420689e-02	1.06052093e-01	4.21003133e-01
2823            	-2.22384433e-01	6.02855538e-02	-4.68405964e-02	1.06059638e-01	4.21034885e-01
2824            	-2.22384510e-01	6.02852834e-02	-4.68388140e-02	1.06066984e-01	4.21065842e-01
2825            	-2.22384236e-01	6.02850605e-02	-4.68378218e-02	1.06073189e-01	4.21091913e-01
2826            	-2.22383559e-01	6.02848176e-02	-4.68373116e-02	1.06078114e-01	4.21112664e-01
2827            	-2.22382487e-01	6.02846519e-02	-4.68378420e-02	1.06081301e-01	4.21126039e-01
2828            	-2.22381338e-01	6.02844946e-02	-4.68385560e-02	1.06083127e-01	4.21133758e-01
2829            	-2.22380308e-01	6.02844348e-02	-4.68396852e-02	1.06083545e-01	4.21135488e-01
2830            	-2.22379701e-01	6.02844009e-02	-4.68403694e-02	1.06082856e-01	4.21132613e-01
2831            	-2.22379518e-01	6.02844713e-02	-4.68410645e-02	1.06080764e-01	4.21123760e-01
2832            	-2.22379761e-01	6.02845554e-02	-4.68412354e-02	1.06077628e-01	4.21110560e-01
2833            	-2.22380290e-01	6.02847282e-02	-4.68415228e-02	1.06073149e-01	4.21091635e-01
2834            	-2.22381237e-01	6.02849070e-02	-4.68412497e-02	1.06067791e-01	4.21069063e-01
2835            	-2.22382564e-01	6.02851668e-02	-4.68409055e-02	1.06061436e-01	4.21042210e-01
2836            	-2.22384324e-01	6.02854160e-02	-4.68398742e-02	1.06054631e-01	4.21013516e-01
2837            	-2.22386263e-01	6.02857124e-02	-4.68388564e-02	1.06047607e-01	4.20983830e-01
2838            	-2.22388116e-01	6.02859513e-02	-4.68376208e-02	1.06041173e-01	4.20956696e-01
2839            	-2.22389418e-01	6.02861898e-02	-4.68371769e-02	1.06035526e-01	4.20932836e-01
2840            	-2.22390047e-01	6.02863394e-02	-4.68371844e-02	1.06031132e-01	4.20914343e-01
2841            	-2.22389939e-01	6.02864794e-02	-4.68382012e-02	1.06027743e-01	4.20900048e-01
2842            	-2.22389376e-01	6.02865354e-02	-4.68393842e-02	1.06025674e-01	4.20891401e-01
2843            	-2.22388545e-01	6.02865919e-02	-4.68409498e-02	1.06024721e-01	4.20887409e-01
2844            	-2.22387716e-01	6.02865680e-02	-4.68420345e-02	1.06025348e-01	4.20890148e-01
2845            	-2.22386865e-01	6.02865423e-02	-4.68431244e-02	1.06027201e-01	4.20897987e-01
2846            	-2.22386042e-01	6.02864309e-02	-4.68436579e-02	1.06030544e-01	4.20912175e-01
2847            	-2.22385244e-01	6.02863156e-02	-4.68441150e-02	1.06035087e-01	4.20931354e-01
2848            	-2.22384712e-01	6.02861222e-02	-4.68437127e-02	1.06041020e-01	4.20956436e-01
2849            	-2.22384438e-01	6.02859361e-02	-4.68429574e-02	1.06047824e-01	4.20985101e-01
2850            	-2.22384453e-01	6.02856828e-02	-4.68413751e-02	1.06055407e-01	4.21017092e-01
2851            	-2.22384519e-01	6.02854545e-02	-4.68398547e-02	1.06062894e-01	4.21048590e-01
2852            	-2.22384475e-01	6.02851850e-02	-4.68382526e-02	1.06069877e-01	4.21078011e-01
2853            	-2.22383989e-01	6.02849671e-02	-4.68376029e-02	1.06075527e-01	4.21101751e-01
2854            	-2.22383113e-01	6.02847353e-02	-4.68374520e-02	1.06079766e-01	4.21119613e-01
2855            	-2.22381921e-01	6.02845864e-02	-4.68382649e-02	1.06082268e-01	4.21130110e-01
2856            	-2.22380782e-01	6.02844501e-02	-4.68390951e-02	1.06083520e-01	4.21135418e-01
2857            	-2.22379866e-01	6.02844157e-02	-4.68402137e-02	1.06083373e-01	4.21134767e-01
2858            	-2.22379442e-01	6.02844071e-02	-4.68407881e-02	1.06082108e-01	4.21129467e-01
2859            	-2.22379425e-01	6.02844998e-02	-4.68413777e-02	1.06079453e-01	4.21118239e-01
2860            	-2.22379811e-01	6.02846045e-02	-4.68414676e-02	1.06075799e-01	4.21102855e-01
2861            	-2.22380503e-01	6.02847959e-02	-4.68416304e-02	1.06070909e-01	4.21082194e-01
2862            	-2.22381634e-01	6.02849924e-02	-4.68411959e-02	1.06065158e-01	4.21057961e-01
2863            	-2.22383149e-01	6.02852663e-02	-4.68406640e-02	1.06058497e-01	4.21029815e-01
2864            	-2.22385054e-01	6.02855225e-02	-4.68394627e-02	1.06051576e-01	4.21000623e-01
2865            	-2.22387016e-01	6.02858162e-02	-4.68383932e-02	1.06044685e-01	4.20971497e-01
2866            	-2.22388706e-01	6.02860406e-02	-4.68373075e-02	1.06038641e-01	4.20946014e-01
2867            	-2.22389728e-01	6.02862594e-02	-4.68371515e-02	1.06033483e-01	4.20924221e-01
2868            	-2.22390065e-01	6.02863890e-02	-4.68374647e-02	1.06029602e-01	4.20907901e-01
2869            	-2.22389731e-01	6.02865113e-02	-4.68387052e-02	1.06026756e-01	4.20895900e-01
2870            	-2.22389069e-01	6.02865538e-02	-4.68399509e-02	1.06025197e-01	4.20889411e-01
2871            	-2.22388237e-01	6.02865959e-02	-4.68414299e-02	1.06024875e-01	4.20888076e-01
2872            	-2.22387446e-01	6.02865560e-02	-4.68423583e-02	1.06026122e-01	4.20893428e-01
2873            	-2.22386605e-01	6.02865123e-02	-4.68433233e-02	1.06028562e-01	4.20903743e-01
2874            	-2.22385797e-01	6.02863827e-02	-4.68437223e-02	1.06032477e-01	4.20920341e-01
2875            	-2.22385088e-01	6.02862515e-02	-4.68439493e-02	1.06037561e-01	4.20941794e-01
2876            	-2.22384691e-01	6.02860442e-02	-4.68432613e-02	1.06043972e-01	4.20968881e-01
2877            	-2.22384538e-01	6.02858468e-02	-4.68422582e-02	1.06051120e-01	4.20998990e-01
2878            	-2.22384622e-01	6.02855865e-02	-4.68405288e-02	1.06058771e-01	4.21031257e-01
2879            	-2.22384645e-01	6.02853558e-02	-4.68390568e-02	1.06066027e-01	4.21061770e-01
2880            	-2.22384418e-01	6.02850888e-02	-4.68377372e-02	1.06072513e-01	4.21089098e-01
2881            	-2.22383694e-01	6.02848785e-02	-4.68374824e-02	1.06077536e-01	4.21110197e-01
2882            	-2.22382635e-01	6.02846602e-02	-4.68376848e-02	1.06081116e-01	4.21125293e-01
2883            	-2.22381374e-01	6.02845295e-02	-4.68387117e-02	1.06082999e-01	4.21133192e-01
2884            	-2.22380293e-01	6.02844159e-02	-4.68395978e-02	1.06083684e-01	4.21136116e-01
2885            	-2.22379532e-01	6.02844079e-02	-4.68406548e-02	1.06082932e-01	4.21132915e-01
2886            	-2.22379295e-01	6.02844248e-02	-4.68411127e-02	1.06081110e-01	4.21125269e-01
2887            	-2.22379414e-01	6.02845391e-02	-4.68416386e-02	1.06077933e-01	4.21111838e-01
2888            	-2.22379934e-01	6.02846638e-02	-4.68416557e-02	1.06073785e-01	4.21094374e-01
2889            	-2.22380797e-01	6.02848748e-02	-4.68416883e-02	1.06068437e-01	4.21071778e-01
2890            	-2.22382135e-01	6.02850887e-02	-4.68410597e-02	1.06062309e-01	4.21045949e-01
2891            	-2.22383834e-01	6.02853751e-02	-4.68403339e-02	1.06055399e-01	4.21016745e-01
2892            	-2.22385831e-01	6.02856330e-02	-4.68390082e-02	1.06048500e-01	4.20987643e-01
2893            	-2.22387712e-01	6.02859172e-02	-4.68379973e-02	1.06041886e-01	4.20959687e-01
2894            	-2.22389165e-01	6.02861240e-02	-4.68371493e-02	1.06036280e-01	4.20936056e-01
2895            	-2.22389876e-01	6.02863225e-02	-4.68373243e-02	1.06031631e-01	4.20916419e-01
2896            	-2.22389935e-01	6.02864331e-02	-4.68379280e-02	1.06028270e-01	4.20902296e-01
2897            	-2.22389428e-01	6.02865388e-02	-4.68393210e-02	1.06025957e-01	4.20892554e-01
2898            	-2.22388714e-01	6.02865663e-02	-4.68405504e-02	1.06024983e-01	4.20888532e-01
2899            	-2.22387888e-01	6.02865924e-02	-4.68419244e-02	1.06025310e-01	4.20889933e-01
2900            	-2.22387111e-01	6.02865361e-02	-4.68427306e-02	1.06027150e-01	4.20897786e-01
2901            	-2.22386267e-01	6.02864738e-02	-4.68435841e-02	1.06030172e-01	4.20910552e-01
2902            	-2.22385512e-01	6.02863265e-02	-4.68437959e-02	1.06034640e-01	4.20929479e-01
2903            	-2.22384922e-01	6.02861805e-02	-4.68437558e-02	1.06040231e-01	4.20953060e-01
2904            	-2.22384674e-01	6.02859610e-02	-4.68427719e-02	1.06047051e-01	4.20981859e-01
2905            	-2.22384628e-01	6.02857530e-02	-4.68415439e-02	1.06054432e-01	4.21012939e-01
2906            	-2.22384731e-01	6.02854867e-02	-4.68397502e-02	1.06062027e-01	4.21044960e-01
2907            	-2.22384644e-01	6.02852564e-02	-4.68384383e-02	1.06068913e-01	4.21073913e-01
2908            	-2.22384210e-01	6.02849943e-02	-4.68374538e-02	1.06074834e-01	4.21098860e-01
2909            	-2.22383284e-01	6.02847947e-02	-4.68375621e-02	1.06079173e-01	4.21117080e-01
2910            	-2.22382096e-01	6.02845928e-02	-4.68380550e-02	1.06082073e-01	4.21129322e-01
2911            	-2.22380842e-01	6.02844833e-02	-4.68392039e-02	1.06083366e-01	4.21134738e-01
2912            	-2.22379880e-01	6.02843956e-02	-4.68400762e-02	1.06083471e-01	4.21135222e-01
2913            	-2.22379305e-01	6.02844132e-02	-4.68410192e-02	1.06082144e-01	4.21129601e-01
2914            	-2.22379253e-01	6.02844538e-02	-4.68413541e-02	1.06079759e-01	4.21119578e-01
2915            	-2.22379529e-01	6.02845871e-02	-4.68417669e-02	1.06076151e-01	4.21104331e-01
2916            	-2.22380208e-01	6.02847298e-02	-4.68416634e-02	1.06071572e-01	4.21085046e-01
2917            	-2.22381249e-01	6.02849596e-02	-4.68415518e-02	1.06065812e-01	4.21060710e-01
2918            	-2.22382768e-01	6.02851897e-02	-4.68407562e-02	1.06059345e-01	4.21033441e-01
2919            	-2.22384610e-01	6.02854847e-02	-4.68398741e-02	1.06052292e-01	4.21003629e-01
2920            	-2.22386638e-01	6.02857408e-02	-4.68384898e-02	1.06045518e-01	4.20975060e-01
2921            	-2.22388370e-01	6.02860111e-02	-4.68376122e-02	1.06039293e-01	4.20948745e-01
2922            	-2.22389554e-01	6.02861986e-02	-4.68370398e-02	1.06034183e-01	4.20927209e-01
2923            	-2.22389971e-01	6.02863777e-02	-4.68375260e-02	1.06030056e-01	4.20909782e-01
2924            	-2.22389786e-01	6.02864712e-02	-4.68383831e-02	1.06027211e-01	4.20897844e-01
2925            	-2.22389157e-01	6.02865639e-02	-4.68398755e-02	1.06025385e-01	4.20890160e-01
2926            	-2.22388415e-01	6.02865764e-02	-4.68410550e-02	1.06025045e-01	4.20888812e-01
2927            	-2.22387611e-01	6.02865860e-02	-4.68422930e-02	1.06025997e-01	4.20892851e-01
2928            	-2.22386837e-01	6.02865117e-02	-4.68429847e-02	1.06028408e-01	4.20903107e-01
2929            	-2.22386005e-01	6.02864316e-02	-4.68437103e-02	1.06031989e-01	4.20918233e-01
2930            	-2.22385336e-01	6.02862684e-02	-4.68436963e-02	1.06037012e-01	4.20939492e-01
2931            	-2.22384873e-01	6.02861078e-02	-4.68433782e-02	1.06043109e-01	4.20965194e-01
2932            	-2.22384740e-01	6.02858756e-02	-4.68421460e-02	1.06050291e-01	4.20995515e-01
2933            	-2.22384762e-01	6.02856595e-02	-4.68407665e-02	1.06057771e-01	4.21026997e-01
2934            	-2.22384827e-01	6.02853895e-02	-4.68390048e-02	1.06065173e-01	4.21058198e-01
2935            	-2.22384569e-01	6.02851605e-02	-4.68379522e-02	1.06071598e-01	4.21085203e-01
2936            	-2.22383897e-01	6.02849040e-02	-4.68373501e-02	1.06076926e-01	4.21107657e-01
2937            	-2.22382784e-01	6.02847169e-02	-4.68378096e-02	1.06080599e-01	4.21123083e-01
2938            	-2.22381522e-01	6.02845331e-02	-4.68385254e-02	1.06082850e-01	4.21132598e-01
2939            	-2.22380321e-01	6.02844454e-02	-4.68397327e-02	1.06083563e-01	4.21135579e-01
2940            	-2.22379509e-01	6.02843833e-02	-4.68405431e-02	1.06083067e-01	4.21133530e-01
2941            	-2.22379123e-01	6.02844262e-02	-4.68413670e-02	1.06081188e-01	4.21125580e-01
2942            	-2.22379213e-01	6.02844886e-02	-4.68416282e-02	1.06078298e-01	4.21113427e-01
2943            	-2.22379629e-01	6.02846423e-02	-4.68419633e-02	1.06074191e-01	4.21096073e-01
2944            	-2.22380481e-01	6.02848045e-02	-4.68417264e-02	1.06069156e-01	4.21074865e-01
2945            	-2.22381728e-01	6.02850523e-02	-4.68414250e-02	1.06062999e-01	4.21048846e-01
2946            	-2.22383437e-01	6.02852958e-02	-4.68404339e-02	1.06056263e-01	4.21020440e-01
2947            	-2.22385389e-01	6.02855938e-02	-4.68394079e-02	1.06049213e-01	4.20990638e-01
2948            	-2.22387360e-01	6.02858419e-02	-4.68380574e-02	1.06042680e-01	4.20963083e-01
2949            	-2.22388862e-01	6.02860954e-02	-4.68374115e-02	1.06036870e-01	4.20938522e-01
2950            	-2.22389733e-01	6.02862633e-02	-4.68371759e-02	1.06032246e-01	4.20919046e-01
2951            	-2.22389869e-01	6.02864239e-02	-4.68379618e-02	1.06028631e-01	4.20903784e-01
2952            	-2.22389500e-01	6.02865009e-02	-4.68389880e-02	1.06026328e-01	4.20894140e-01
2953            	-2.22388807e-01	6.02865794e-02	-4.68404867e-02	1.06025077e-01	4.20888881e-01
2954            	-2.22388066e-01	6.02865757e-02	-4.68415649e-02	1.06025368e-01	4.20890195e-01
2955            	-2.22387283e-01	6.02865687e-02	-4.68426707e-02	1.06026896e-01	4.20896659e-01
2956            	-2.22386513e-01	6.02864757e-02	-4.68432400e-02	1.06029893e-01	4.20909389e-01
2957            	-2.22385726e-01	6.02863778e-02	-4.68437888e-02	1.06034036e-01	4.20926879e-01
2958            	-2.22385172e-01	6.02861995e-02	-4.68435121e-02	1.06039588e-01	4.20950360e-01
2959            	-2.22384865e-01	6.02860268e-02	-4.68428895e-02	1.06046126e-01	4.20977914e-01
2960            	-2.22384852e-01	6.02857842e-02	-4.68414149e-02	1.06053579e-01	4.21009364e-01
2961            	-2.22384909e-01	6.02855613e-02	-4.68399409e-02	1.06061030e-01	4.21040714e-01
2962            	-2.22384876e-01	6.02852902e-02	-4.68383151e-02	1.06068106e-01	4.21070535e-01
2963            	-2.22384410e-01	6.02850650e-02	-4.68375898e-02	1.06074005e-01	4.21095327e-01
2964            	-2.22383531e-01	6.02848181e-02	-4.68373513e-02	1.06078693e-01	4.21115092e-01
2965            	-2.22382276e-01	6.02846456e-02	-4.68381107e-02	1.06081706e-01	4.21127742e-01
2966            	-2.22381003e-01	6.02844817e-02	-4.68389661e-02	1.06083353e-01	4.21134720e-01
2967            	-2.22379912e-01	6.02844191e-02	-4.68401669e-02	1.06083481e-01	4.21135237e-01
2968            	-2.22379278e-01	6.02843834e-02	-4.68408824e-02	1.06082411e-01	4.21130768e-01
2969            	-2.22379079e-01	6.02844517e-02	-4.68415892e-02	1.06080028e-01	4.21120692e-01
2970            	-2.22379304e-01	6.02845352e-02	-4.68417842e-02	1.06076610e-01	4.21106311e-01
2971            	-2.22379869e-01	6.02847080e-02	-4.68420188e-02	1.06072037e-01	4.21086995e-01
2972            	-2.22380904e-01	6.02848891e-02	-4.68416306e-02	1.06066569e-01	4.21063955e-01
2973            	-2.22382344e-01	6.02851530e-02	-4.68411449e-02	1.06060076e-01	4.21036515e-01
2974            	-2.22384204e-01	6.02854055e-02	-4.68399889e-02	1.06053186e-01	4.21007453e-01
2975            	-2.22386191e-01	6.02857026e-02	-4.68389032e-02	1.06046239e-01	4.20978084e-01
2976            	-2.22388018e-01	6.02859388e-02	-4.68376898e-02	1.06040065e-01	4.20952045e-01
2977            	-2.22389252e-01	6.02861741e-02	-4.68373254e-02	1.06034714e-01	4.20929429e-01
2978            	-2.22389818e-01	6.02863221e-02	-4.68374145e-02	1.06030591e-01	4.20912073e-01
2979            	-2.22389693e-01	6.02864645e-02	-4.68384720e-02	1.06027480e-01	4.20898944e-01
2980            	-2.22389187e-01	6.02865275e-02	-4.68396138e-02	1.06025675e-01	4.20891407e-01
2981            	-2.22388460e-01	6.02865907e-02	-4.68410685e-02	1.06025057e-01	4.20888815e-01
2982            	-2.22387740e-01	6.02865702e-02	-4.68420132e-02	1.06025996e-01	4.20892862e-01
2983            	-2.22386960e-01	6.02865450e-02	-4.68430018e-02	1.06028104e-01	4.20901774e-01
2984            	-2.22386201e-01	6.02864339e-02	-4.68434432e-02	1.06031650e-01	4.20916817e-01
2985            	-2.22385502e-01	6.02863198e-02	-4.68437627e-02	1.06036344e-01	4.20936625e-01
2986            	-2.22385083e-01	6.02861272e-02	-4.68431961e-02	1.06042414e-01	4.20962281e-01
2987            	-2.22384905e-01	6.02859417e-02	-4.68423046e-02	1.06049327e-01	4.20991402e-01
2988            	-2.22384969e-01	6.02856896e-02	-4.68406559e-02	1.06056894e-01	4.21023325e-01
2989            	-2.22385002e-01	6.02854627e-02	-4.68391926e-02	1.06064196e-01	4.21054039e-01
2990            	-2.22384812e-01	6.02851931e-02	-4.68378049e-02	1.06070831e-01	4.21081998e-01
2991            	-2.22384117e-01	6.02849729e-02	-4.68374451e-02	1.06076156e-01	4.21104379e-01
2992            	-2.22383047e-01	6.02847368e-02	-4.68375554e-02	1.06080191e-01	4.21121397e-01
2993            	-2.22381701e-01	6.02845815e-02	-4.68385546e-02	1.06082566e-01	4.21131370e-01
2994            	-2.22380472e-01	6.02844399e-02	-4.68394848e-02	1.06083624e-01	4.21135872e-01
2995            	-2.22379512e-01	6.02844035e-02	-4.68406574e-02	1.06083131e-01	4.21133773e-01
2996            	-2.22379060e-01	6.02843928e-02	-4.68412604e-02	1.06081480e-01	4.21126853e-01
2997            	-2.22379019e-01	6.02844831e-02	-4.68418717e-02	1.06078576e-01	4.21114581e-01
2998            	-2.22379398e-01	6.02845845e-02	-4.68419528e-02	1.06074777e-01	4.21098593e-01
2999            	-2.22380131e-01	6.02847758e-02	-4.68420559e-02	1.06069757e-01	4.21077386e-01
3000            	-2.22381360e-01	6.02849769e-02	-4.68415073e-02	1.06063848e-01	4.21052479e-01
