# y+ ()         
# Time          	patch           	min             	max             	average         
5250            	rocket_body	2.47923702e+00	4.44215906e+02	7.06478671e+01
5250            	rocket_fins	1.29431020e+00	2.97741254e+02	3.78845064e+01
5250            	rocket_tab	2.12867874e+00	1.99689868e+02	2.94589411e+01
5250            	rocket_slot	1.98046137e+01	1.92038943e+02	8.08463371e+01
5500            	rocket_body	1.80583319e+00	4.56515711e+02	7.06567890e+01
5500            	rocket_fins	1.71758535e+00	2.97739853e+02	3.78837179e+01
5500            	rocket_tab	2.69997542e+00	2.02132190e+02	2.94611109e+01
5500            	rocket_slot	2.59853997e+01	1.86747918e+02	8.16203967e+01
5750            	rocket_body	2.48137665e+00	4.44335764e+02	7.06504976e+01
5750            	rocket_fins	1.36231775e+00	2.97739082e+02	3.78846390e+01
5750            	rocket_tab	2.16070623e+00	1.92123521e+02	2.94145973e+01
5750            	rocket_slot	1.95974356e+01	1.88022084e+02	8.14716127e+01
6000            	rocket_body	2.47943785e+00	4.47733652e+02	7.06554457e+01
6000            	rocket_fins	1.77561178e+00	2.97741151e+02	3.78835011e+01
6000            	rocket_tab	2.62886361e+00	2.00420683e+02	2.95533253e+01
6000            	rocket_slot	1.99193478e+01	1.91858728e+02	8.09009971e+01
