solver,mach,metric,minAngle,maxAngle,excludeFlagged,n,slope,slopePerRad,intercept,r2,rmse,slopeSE,angles
OpenFOAM,0.3,roll,-6,15,False,8,0.007875801627786975,0.4512501935544574,-0.000634189365360055,0.9979622508367976,0.002288758958742346,0.00014529057696244355,"[-6.0, 0.0, 3.0, 6.0, 9.0, 10.0, 12.0, 15.0]"
OpenFOAM,0.3,cl,-6,15,False,8,0.008440089104912432,0.4835814844258311,-0.0006796279294468202,0.9979622508367976,0.0024527445540651525,0.00015570039389269482,"[-6.0, 0.0, 3.0, 6.0, 9.0, 10.0, 12.0, 15.0]"
OpenFOAM,0.3,yaw,-6,15,False,8,0.0443047123067127,2.5384730277159555,-0.0061187207401063315,0.9936021921717803,0.022863685072114972,0.00145138830933972,"[-6.0, 0.0, 3.0, 6.0, 9.0, 10.0, 12.0, 15.0]"
OpenFOAM,0.3,cn,-6,15,False,8,0.04747906782172699,2.7203502014003513,-0.006557116430202015,0.9936021921717803,0.02450182830843211,0.0015553777552542974,"[-6.0, 0.0, 3.0, 6.0, 9.0, 10.0, 12.0, 15.0]"
OpenFOAM,0.3,pitch,-6,15,False,8,-0.001291391929768204,-0.07399130727297291,-0.0006283816448860204,0.10388126734686143,0.024392662678011046,0.0015484479134866608,"[-6.0, 0.0, 3.0, 6.0, 9.0, 10.0, 12.0, 15.0]"
OpenFOAM,0.3,cm,-6,15,False,8,-0.0013839179135941623,-0.07929265564149604,-0.0006734040959103915,0.10388126734686143,0.02614035449828037,0.0016593915110855104,"[-6.0, 0.0, 3.0, 6.0, 9.0, 10.0, 12.0, 15.0]"
OpenFOAM,0.3,axial,-6,15,False,8,0.011942087725644293,0.6842312252544022,14.52239022308462,0.2535664527198186,0.13177011294563792,0.008364775881335306,"[-6.0, 0.0, 3.0, 6.0, 9.0, 10.0, 12.0, 15.0]"
OpenFOAM,0.3,ca,-6,15,False,8,0.0007398360500304483,0.04238948319837431,0.8996909138906936,0.2535664527198189,0.008163420175219599,0.0005182144772013222,"[-6.0, 0.0, 3.0, 6.0, 9.0, 10.0, 12.0, 15.0]"
OpenFOAM,0.3,side,-6,15,False,8,0.16657990148528398,9.544325306811805,-0.01957136705292739,0.9953451173708162,0.07326171936743862,0.0046506590112943575,"[-6.0, 0.0, 3.0, 6.0, 9.0, 10.0, 12.0, 15.0]"
OpenFOAM,0.3,cy,-6,15,False,8,0.01031995570294514,0.5912899065407212,-0.0012124850551081187,0.9953451173708162,0.004538709003020729,0.0002881175613511834,"[-6.0, 0.0, 3.0, 6.0, 9.0, 10.0, 12.0, 15.0]"
OpenFOAM,0.3,normal,-6,15,False,8,0.0019302895577786641,0.11059744489889152,0.012704229580641985,0.02749979268813585,0.0738226424157631,0.004686266445188304,"[-6.0, 0.0, 3.0, 6.0, 9.0, 10.0, 12.0, 15.0]"
OpenFOAM,0.3,cNormal,-6,15,False,8,0.00011958527140738637,0.006851731343569717,0.0007870522514617582,0.02749979268813596,0.004573459299784357,0.0002903235125926274,"[-6.0, 0.0, 3.0, 6.0, 9.0, 10.0, 12.0, 15.0]"
SimScale,0.3,roll,-6,15,False,8,0.007281375697276118,0.4171920965030485,0.002755865219523812,0.9859080828911687,0.0055984428598628636,0.00035538953986124643,"[-6.0, 0.0, 3.0, 6.0, 9.0, 10.0, 12.0, 15.0]"
SimScale,0.3,cl,-6,15,False,8,0.0078030735912050534,0.44708318400604025,0.0029533181653339582,0.9859080828911687,0.005999561545493181,0.00038085258176132904,"[-6.0, 0.0, 3.0, 6.0, 9.0, 10.0, 12.0, 15.0]"
SimScale,0.3,yaw,-6,15,False,8,0.0407325455579389,2.333802949294248,0.01406569286584844,0.9744637280891754,0.0424057202020809,0.002691918050668727,"[-6.0, 0.0, 3.0, 6.0, 9.0, 10.0, 12.0, 15.0]"
SimScale,0.3,cn,-6,15,False,8,0.04365096154351847,2.5010158681314696,0.01507347527536057,0.9744637280891754,0.04544401623839741,0.002884789293144036,"[-6.0, 0.0, 3.0, 6.0, 9.0, 10.0, 12.0, 15.0]"
SimScale,0.3,pitch,-6,15,False,8,0.0016581600867472091,0.09500557472766154,-0.0026026519101157953,0.4627472204583315,0.011490286746887185,0.0007294041972145882,"[-6.0, 0.0, 3.0, 6.0, 9.0, 10.0, 12.0, 15.0]"
SimScale,0.3,cm,-6,15,False,8,0.0017769643705828379,0.10181255877951739,-0.002789127389007162,0.4627472204583315,0.012313545791017138,0.0007816647382620894,"[-6.0, 0.0, 3.0, 6.0, 9.0, 10.0, 12.0, 15.0]"
SimScale,0.3,axial,-6,15,False,8,0.009367779452824757,0.5367342260562302,14.744805205166534,0.6518221151010197,0.04403111537599265,0.0027950982487003166,"[-6.0, 0.0, 3.0, 6.0, 9.0, 10.0, 12.0, 15.0]"
SimScale,0.3,ca,-6,15,False,8,0.0005803525402892082,0.0332517511882677,0.913469963717779,0.6518221151010177,0.0027278150375881515,0.00017316188720711327,"[-6.0, 0.0, 3.0, 6.0, 9.0, 10.0, 12.0, 15.0]"
SimScale,0.3,side,-6,15,False,8,0.15364520965777828,8.803222055793372,0.06172965101993522,0.9791401729962678,0.14422446096672376,0.009155378754898249,"[-6.0, 0.0, 3.0, 6.0, 9.0, 10.0, 12.0, 15.0]"
SimScale,0.3,cy,-6,15,False,8,0.009518625857622245,0.5453770884058483,0.00382427446771106,0.9791401729962678,0.008934991767834709,0.000567193895252614,"[-6.0, 0.0, 3.0, 6.0, 9.0, 10.0, 12.0, 15.0]"
SimScale,0.3,normal,-6,15,False,8,-0.007307724011845334,-0.4187017437251476,-0.023946230461247782,0.7491809803776222,0.02719292858582584,0.0017262089869455426,"[-6.0, 0.0, 3.0, 6.0, 9.0, 10.0, 12.0, 15.0]"
SimScale,0.3,cNormal,-6,15,False,8,-0.0004527280147194392,-0.02593940451076048,-0.001483516531161019,0.7491809803776222,0.0016846559274971396,0.00010694207476691035,"[-6.0, 0.0, 3.0, 6.0, 9.0, 10.0, 12.0, 15.0]"
OpenFOAM,0.3,roll,-6,15,True,7,0.007885085733090763,0.4517821336049195,-0.0007537459050884349,0.9976757420069191,0.0024411873105756824,0.0001702036533367416,"[-6.0, 3.0, 6.0, 9.0, 10.0, 12.0, 15.0]"
OpenFOAM,0.3,cl,-6,15,True,7,0.00845003840020028,0.4841515370549541,-0.000807750487133177,0.9976757420069191,0.002616094131973433,0.00018239844882271097,"[-6.0, 3.0, 6.0, 9.0, 10.0, 12.0, 15.0]"
OpenFOAM,0.3,yaw,-6,15,True,7,0.04524125149643446,2.5921327706356143,-0.018179051938360058,0.996226870988671,0.017858851896421835,0.0012451489584607014,"[-6.0, 3.0, 6.0, 9.0, 10.0, 12.0, 15.0]"
OpenFOAM,0.3,cn,-6,15,True,7,0.04848270841414694,2.777854571494024,-0.019481549365242545,0.996226870988671,0.01913840754767568,0.0013343617138881906,"[-6.0, 3.0, 6.0, 9.0, 10.0, 12.0, 15.0]"
OpenFOAM,0.3,pitch,-6,15,True,7,-0.00041922128710567496,-0.024019610433197336,-0.011859803594274916,0.016222882803086813,0.020939914004685808,0.0014599657505651406,"[-6.0, 3.0, 6.0, 9.0, 10.0, 12.0, 15.0]"
OpenFOAM,0.3,cm,-6,15,True,7,-0.00044925776258310766,-0.02574057370950242,-0.012709537877297644,0.01622288280308659,0.02244022239275378,0.001564569755212661,"[-6.0, 3.0, 6.0, 9.0, 10.0, 12.0, 15.0]"
OpenFOAM,0.3,axial,-6,15,True,7,0.014895297224301409,0.8534376655454007,14.48436011709171,0.348369797113789,0.1306702591748266,0.009110548542368747,"[-6.0, 3.0, 6.0, 9.0, 10.0, 12.0, 15.0]"
OpenFOAM,0.3,ca,-6,15,True,7,0.0009227932431606819,0.05287215819629659,0.8973348733016084,0.34836979711379346,0.008095282049951844,0.0005644165745594612,"[-6.0, 3.0, 6.0, 9.0, 10.0, 12.0, 15.0]"
OpenFOAM,0.3,side,-6,15,True,7,0.1694623850707266,9.709479450773406,-0.05669069648995362,0.997049867744127,0.059126591169963674,0.004122404611427604,"[-6.0, 3.0, 6.0, 9.0, 10.0, 12.0, 15.0]"
OpenFOAM,0.3,cy,-6,15,True,7,0.010498531285299305,0.6015215337337058,-0.003512101227873002,0.997049867744127,0.0036630097406683683,0.00025539115223518116,"[-6.0, 3.0, 6.0, 9.0, 10.0, 12.0, 15.0]"
OpenFOAM,0.3,normal,-6,15,True,7,-0.0007754187198845477,-0.04442822000482159,0.04754712597259069,0.006296882832173445,0.06248115155326181,0.004356290159702635,"[-6.0, 3.0, 6.0, 9.0, 10.0, 12.0, 15.0]"
OpenFOAM,0.3,cNormal,-6,15,True,7,-4.80387295771687e-05,-0.0027524164579420442,0.0029456388763853146,0.006296882832173223,0.0038708314181325593,0.0002698808264169767,"[-6.0, 3.0, 6.0, 9.0, 10.0, 12.0, 15.0]"
SimScale,0.3,roll,-6,15,True,7,0.007216747805013496,0.41348919103757403,0.0035881141994771534,0.9841572884425343,0.005873152175733,0.0004094859712656196,"[-6.0, 3.0, 6.0, 9.0, 10.0, 12.0, 15.0]"
SimScale,0.3,cl,-6,15,True,7,0.0077338152229603895,0.4431149718096581,0.0038451963359948382,0.9841572884425343,0.006293953305655503,0.00043882492830949713,"[-6.0, 3.0, 6.0, 9.0, 10.0, 12.0, 15.0]"
SimScale,0.3,yaw,-6,15,True,7,0.0393896926224309,2.256863143582886,0.03135835005575749,0.977301862284533,0.03850441822064475,0.0026845922975136482,"[-6.0, 3.0, 6.0, 9.0, 10.0, 12.0, 15.0]"
SimScale,0.3,cn,-6,15,True,7,0.04221189553270207,2.4185634592709624,0.033605121251383985,0.977301862284533,0.04126319276103605,0.0028769386625274247,"[-6.0, 3.0, 6.0, 9.0, 10.0, 12.0, 15.0]"
SimScale,0.3,pitch,-6,15,True,7,0.00156774627338532,0.08982524481234178,-0.0014383434155984063,0.40543833385176964,0.012177525544324237,0.0008490374037528083,"[-6.0, 3.0, 6.0, 9.0, 10.0, 12.0, 15.0]"
SimScale,0.3,cm,-6,15,True,7,0.0016800725648780145,0.09626106724322941,-0.0015413982175838253,0.40543833385176964,0.013050024052005465,0.0009098694558017681,"[-6.0, 3.0, 6.0, 9.0, 10.0, 12.0, 15.0]"
SimScale,0.3,axial,-6,15,True,7,0.009117664835139242,0.5224037140683221,14.748026068916731,0.6090112848284064,0.046859784689232166,0.003267142391789504,"[-6.0, 3.0, 6.0, 9.0, 10.0, 12.0, 15.0]"
SimScale,0.3,ca,-6,15,True,7,0.0005648574430286215,0.03236394751209136,0.9136695026233184,0.6090112848284069,0.0029030567189112116,0.00020240595928951505,"[-6.0, 3.0, 6.0, 9.0, 10.0, 12.0, 15.0]"
SimScale,0.3,side,-6,15,True,7,0.14923941119929363,8.550788398736957,0.118465545454707,0.9811457932866235,0.13269914048634918,0.00925200553336316,"[-6.0, 3.0, 6.0, 9.0, 10.0, 12.0, 15.0]"
SimScale,0.3,cy,-6,15,True,7,0.009245677893778705,0.529738322050924,0.007339175798022762,0.9811457932866235,0.008220975276294047,0.0005731801160666797,"[-6.0, 3.0, 6.0, 9.0, 10.0, 12.0, 15.0]"
SimScale,0.3,normal,-6,15,True,7,-0.0069008830570031895,-0.3953914740796203,-0.02918534561441908,0.711998169479873,0.028152053377056434,0.0019628081437863955,"[-6.0, 3.0, 6.0, 9.0, 10.0, 12.0, 15.0]"
SimScale,0.3,cNormal,-6,15,True,7,-0.00042752340963395877,-0.02449528701506848,-0.0018080901190985323,0.7119981694798729,0.001744075613010465,0.00012159986238823081,"[-6.0, 3.0, 6.0, 9.0, 10.0, 12.0, 15.0]"
OpenFOAM,0.3,roll,0,10,False,5,0.0075971905321731035,0.4352869536502667,0.0008737978012594919,0.992913615260885,0.0023876886459471003,0.00037055188070036235,"[0.0, 3.0, 6.0, 9.0, 10.0]"
OpenFOAM,0.3,cl,0,10,False,5,0.008141516009279611,0.4664745061699145,0.0009364038926890916,0.992913615260885,0.00255876238115,0.00039710127792829335,"[0.0, 3.0, 6.0, 9.0, 10.0]"
OpenFOAM,0.3,yaw,0,10,False,5,0.04184708597904944,2.397661411520615,0.012189598722606498,0.9735372545277465,0.025666959685447892,0.003983325128863477,"[0.0, 3.0, 6.0, 9.0, 10.0]"
OpenFOAM,0.3,cn,0,10,False,5,0.04484535684570725,2.5694496780171394,0.013062962252495758,0.9735372545277464,0.027505952668115497,0.004268723440523141,"[0.0, 3.0, 6.0, 9.0, 10.0]"
OpenFOAM,0.3,pitch,0,10,False,5,-0.00460232174660571,-0.2636936120417847,0.02305395821217882,0.30271978395627497,0.025985333260365732,0.004032734387960703,"[0.0, 3.0, 6.0, 9.0, 10.0]"
OpenFOAM,0.3,cm,0,10,False,5,-0.0049320700884315175,-0.2825868003298407,0.024705734187770712,0.30271978395627497,0.027847137155479353,0.004321672787027371,"[0.0, 3.0, 6.0, 9.0, 10.0]"
OpenFOAM,0.3,axial,0,10,False,5,-0.022345850838207885,-1.2803229426581848,14.685490921300751,0.5713162263504246,0.07201039341332466,0.011175488376415228,"[0.0, 3.0, 6.0, 9.0, 10.0]"
OpenFOAM,0.3,ca,0,10,False,5,-0.001384369835368751,-0.07931854885185004,0.9097953260418713,0.5713162263504198,0.00446118687519346,0.0006923436979795121,"[0.0, 3.0, 6.0, 9.0, 10.0]"
OpenFOAM,0.3,side,0,10,False,5,0.1583261540432262,9.071420413214996,0.040397469803084674,0.9811881070480882,0.08155692050947272,0.01265703982393717,"[0.0, 3.0, 6.0, 9.0, 10.0]"
OpenFOAM,0.3,cy,0,10,False,5,0.00980861965804504,0.5619925092550335,0.0025027034784008972,0.9811881070480882,0.005052613186955995,0.0007841287523212001,"[0.0, 3.0, 6.0, 9.0, 10.0]"
OpenFOAM,0.3,normal,0,10,False,5,0.01296988006092206,0.7431193882817132,-0.058216158463624414,0.2709595887102757,0.0791457399842466,0.012282842174738975,"[0.0, 3.0, 6.0, 9.0, 10.0]"
OpenFOAM,0.3,cNormal,0,10,False,5,0.0008035098262622729,0.046037721842118275,-0.003606606626510183,0.2709595887102757,0.004903235765128573,0.0007609464648457044,"[0.0, 3.0, 6.0, 9.0, 10.0]"
SimScale,0.3,roll,0,10,False,5,0.007791269891648626,0.4464068818388165,-0.00216253587296808,0.9619786041012597,0.005762455916613705,0.0008942911719158238,"[0.0, 3.0, 6.0, 9.0, 10.0]"
SimScale,0.3,cl,0,10,False,5,0.00834950081702521,0.47839115785657715,-0.00231747780391324,0.9619786041012596,0.0061753258522606646,0.0009583655776798691,"[0.0, 3.0, 6.0, 9.0, 10.0]"
SimScale,0.3,yaw,0,10,False,5,0.0458544809834794,2.627268232116262,-0.022266002086996056,0.9298965282709597,0.046838424363818236,0.007268982187654564,"[0.0, 3.0, 6.0, 9.0, 10.0]"
SimScale,0.3,cn,0,10,False,5,0.04913987472648247,2.8155074276290266,-0.023861322377823513,0.9298965282709598,0.050194315937260155,0.007789792108192651,"[0.0, 3.0, 6.0, 9.0, 10.0]"
SimScale,0.3,pitch,0,10,False,5,0.002366956978739868,0.13561664517083097,-0.0017629769185510229,0.43544461345589724,0.010026404598637939,0.0015560249394302155,"[0.0, 3.0, 6.0, 9.0, 10.0]"
SimScale,0.3,cm,0,10,False,5,0.0025365453260752383,0.14533334172774637,-0.0018892911459294347,0.43544461345589713,0.010744779035043629,0.0016675114177484981,"[0.0, 3.0, 6.0, 9.0, 10.0]"
SimScale,0.3,axial,0,10,False,5,0.010312249155807137,0.590848353915095,14.716268025941686,0.5244883091879655,0.03652869321059745,0.005668987031323902,"[0.0, 3.0, 6.0, 9.0, 10.0]"
SimScale,0.3,ca,0,10,False,5,0.0006388643139824638,0.03660422887271584,0.9117020287936881,0.5244883091879646,0.0022630250856111893,0.0003512050044584847,"[0.0, 3.0, 6.0, 9.0, 10.0]"
SimScale,0.3,side,0,10,False,5,0.17077486778643122,9.784679171067149,-0.06205356181429289,0.9408266417955713,0.1593310095269887,0.024727011762747674,"[0.0, 3.0, 6.0, 9.0, 10.0]"
SimScale,0.3,cy,0,10,False,5,0.010579842195956491,0.6061803057427279,-0.00384434138466605,0.9408266417955713,0.009870872450775899,0.001531887483318644,"[0.0, 3.0, 6.0, 9.0, 10.0]"
SimScale,0.3,normal,0,10,False,5,-0.009440284055067836,-0.5408884337600334,-0.02006900998995769,0.6374649556756362,0.02648499815071574,0.0041102787382902226,"[0.0, 3.0, 6.0, 9.0, 10.0]"
SimScale,0.3,cNormal,0,10,False,5,-0.0005848443443828423,-0.03350911260523252,-0.0012433150233110415,0.6374649556756362,0.001640798231184669,0.00025463993031391973,"[0.0, 3.0, 6.0, 9.0, 10.0]"
OpenFOAM,0.3,roll,0,10,True,4,0.007334454270878243,0.4202332747530248,0.0029944547674251518,0.9848356273303223,0.002492463376661041,0.0006435512765893412,"[3.0, 6.0, 9.0, 10.0]"
OpenFOAM,0.3,cl,0,10,True,4,0.00785995515221124,0.4503422573838106,0.003209002239026648,0.9848356273303224,0.002671044038936916,0.0006896606053192847,"[3.0, 6.0, 9.0, 10.0]"
OpenFOAM,0.3,yaw,0,10,True,4,0.04656592099241197,2.6680307420048477,-0.025898141028105393,0.968515429259549,0.022992936770251382,0.005936750746105583,"[3.0, 6.0, 9.0, 10.0]"
OpenFOAM,0.3,cn,0,10,True,4,0.04990228817364263,2.8591905003953237,-0.027753697751554174,0.968515429259549,0.024640340665749966,0.006362108602888466,"[3.0, 6.0, 9.0, 10.0]"
OpenFOAM,0.3,pitch,0,10,True,4,-0.0017553628770272283,-0.10057488436760192,7.49330505810785e-05,0.03041372455874336,0.0271428825019285,0.007008262126535585,"[3.0, 6.0, 9.0, 10.0]"
OpenFOAM,0.3,cm,0,10,True,4,-0.0018811315715843184,-0.10778089976059313,8.030187321831847e-05,0.03041372455874347,0.029087622785239783,0.007510391908533138,"[3.0, 6.0, 9.0, 10.0]"
OpenFOAM,0.3,axial,0,10,True,4,-0.03205186923486346,-1.8364368326628833,14.763832355502329,0.595456676649125,0.07235048192268423,0.01868081410510912,"[3.0, 6.0, 9.0, 10.0]"
OpenFOAM,0.3,ca,0,10,True,4,-0.0019856769499266512,-0.11377090870720723,0.9146487334665173,0.5954566766491203,0.004482256033719654,0.0011573135314689286,"[3.0, 6.0, 9.0, 10.0]"
OpenFOAM,0.3,side,0,10,True,4,0.17200526786373918,9.855175902609465,-0.07001252031962735,0.9743688026987835,0.07640031361221943,0.01972647615100998,"[3.0, 6.0, 9.0, 10.0]"
OpenFOAM,0.3,cy,0,10,True,4,0.010656067924159603,0.6105477182590775,-0.004337414669523795,0.9743688026987833,0.004733151149323224,0.0012220943717607558,"[3.0, 6.0, 9.0, 10.0]"
OpenFOAM,0.3,normal,0,10,True,4,0.003543171139017392,0.20300875235825724,0.017870849263177554,0.013953733201301888,0.0815691995559564,0.02106107676291257,"[3.0, 6.0, 9.0, 10.0]"
OpenFOAM,0.3,cNormal,0,10,True,4,0.00021950648833733052,0.012576795357466666,0.0011071346010268518,0.013953733201301777,0.005053373898270242,0.0013047755300106601,"[3.0, 6.0, 9.0, 10.0]"
SimScale,0.3,roll,0,10,True,4,0.008318469047508908,0.4766131684324703,-0.0064177862024117835,0.9320631933939434,0.006150407934737112,0.0015880285002412523,"[3.0, 6.0, 9.0, 10.0]"
SimScale,0.3,cl,0,10,True,4,0.00891447287470078,0.510761672304209,-0.006877609412294629,0.9320631933939435,0.006591073957169725,0.0017018079779826507,"[3.0, 6.0, 9.0, 10.0]"
SimScale,0.3,yaw,0,10,True,4,0.04144048829159972,2.374365080069967,0.013361224640318525,0.8383031633664104,0.049843175695864064,0.012869452626144787,"[3.0, 6.0, 9.0, 10.0]"
SimScale,0.3,cn,0,10,True,4,0.04440962714172139,2.5444842049702654,0.014318533127748001,0.8383031633664104,0.0534143524718392,0.013791526504792413,"[3.0, 6.0, 9.0, 10.0]"
SimScale,0.3,pitch,0,10,True,4,0.0013030602057672845,0.07465985024191402,0.006824189891870544,0.10319060542158365,0.010520226930830344,0.0027163109134285793,"[3.0, 6.0, 9.0, 10.0]"
SimScale,0.3,cm,0,10,True,4,0.0013964222012574643,0.08000909855042075,0.0073131312186711685,0.10319060542158365,0.011273982877734966,0.002910929862059673,"[3.0, 6.0, 9.0, 10.0]"
SimScale,0.3,axial,0,10,True,4,0.014569823978491195,0.8347894222160515,14.681903314872878,0.527179094585725,0.037788023945951627,0.009756825828583848,"[3.0, 6.0, 9.0, 10.0]"
SimScale,0.3,ca,0,10,True,4,0.0009026295292353769,0.051716862489067456,0.9095730666991466,0.5271790945857215,0.002341043125532787,0.0006044547358627896,"[3.0, 6.0, 9.0, 10.0]"
SimScale,0.3,side,0,10,True,4,0.15736195224629845,9.016175719652106,0.046207827902493115,0.8635291839958626,0.17132145372418306,0.04423500914145371,"[3.0, 6.0, 9.0, 10.0]"
SimScale,0.3,cy,0,10,True,4,0.009748885441946504,0.558569990780065,0.002862666701271707,0.8635291839958626,0.010613704280248517,0.0027404466612648585,"[3.0, 6.0, 9.0, 10.0]"
SimScale,0.3,normal,0,10,True,4,-0.006439295665217613,-0.36894446465385516,-0.0442912734223202,0.2910292038802691,0.0275242114532894,0.007106720838405418,"[3.0, 6.0, 9.0, 10.0]"
SimScale,0.3,cNormal,0,10,True,4,-0.00039892715406055775,-0.02285684226083514,-0.0027439323451980526,0.2910292038802691,0.001705179559021022,0.0004402754689587817,"[3.0, 6.0, 9.0, 10.0]"
OpenFOAM,0.3,roll,0,15,False,7,0.007825701893809638,0.4483796902428278,-0.00015643417021535266,0.9958958120767818,0.0024231726128037885,0.00022466993726887236,"[0.0, 3.0, 6.0, 9.0, 10.0, 12.0, 15.0]"
OpenFOAM,0.3,cl,0,15,False,7,0.008386399812204848,0.480505314548644,-0.0001676424062043852,0.9958958120767818,0.002596788712464585,0.0002407671471884432,"[0.0, 3.0, 6.0, 9.0, 10.0, 12.0, 15.0]"
OpenFOAM,0.3,yaw,0,15,False,7,0.04285001443386994,2.455124979135407,0.007753398150404545,0.9884199228858049,0.022371254509194496,0.002074201532589576,"[0.0, 3.0, 6.0, 9.0, 10.0, 12.0, 15.0]"
OpenFOAM,0.3,cn,0,15,False,7,0.045920143378505654,2.631030410223987,0.008308915631444813,0.9884199228858048,0.02397411595285837,0.0022228144618113115,"[0.0, 3.0, 6.0, 9.0, 10.0, 12.0, 15.0]"
OpenFOAM,0.3,pitch,0,15,False,7,-0.003163010849156226,-0.18122717221074244,0.017219530730721407,0.30941075958147857,0.022792778236787648,0.002113284059742322,"[0.0, 3.0, 6.0, 9.0, 10.0, 12.0, 15.0]"
OpenFOAM,0.3,cm,0,15,False,7,-0.003389635070606092,-0.19421178363525787,0.01845328013332708,0.3094107595814787,0.024425841121781984,0.0022646971840031113,"[0.0, 3.0, 6.0, 9.0, 10.0, 12.0, 15.0]"
OpenFOAM,0.3,axial,0,15,False,7,0.0071695025941099395,0.41078223985059487,14.567901988514201,0.05980542462481575,0.13711406083532054,0.012712840712947687,"[0.0, 3.0, 6.0, 9.0, 10.0, 12.0, 15.0]"
OpenFOAM,0.3,ca,0,15,False,7,0.00044416492340104143,0.02544877551863117,0.9025104581394792,0.05980542462481353,0.008494488359368125,0.0007875857282086808,"[0.0, 3.0, 6.0, 9.0, 10.0, 12.0, 15.0]"
OpenFOAM,0.3,side,0,15,False,7,0.16201509895752578,9.282781387660611,0.02395896633033412,0.9915901665097917,0.0719676744113811,0.006672645939441737,"[0.0, 3.0, 6.0, 9.0, 10.0, 12.0, 15.0]"
OpenFOAM,0.3,cy,0,15,False,7,0.010037157121248785,0.5750867413572345,0.0014843055435426744,0.9915901665097917,0.004458540348188663,0.0004133836669519152,"[0.0, 3.0, 6.0, 9.0, 10.0, 12.0, 15.0]"
OpenFOAM,0.3,normal,0,15,False,7,0.006684017555391352,0.3829659961152745,-0.03262771266463364,0.16677467149419667,0.0720623054601537,0.006681419871467499,"[0.0, 3.0, 6.0, 9.0, 10.0, 12.0, 15.0]"
OpenFOAM,0.3,cNormal,0,15,False,7,0.0004140881611425382,0.02372550397980057,-0.0020213515939507716,0.16677467149419645,0.0044644029295850315,0.0004139272294647944,"[0.0, 3.0, 6.0, 9.0, 10.0, 12.0, 15.0]"
SimScale,0.3,roll,0,15,False,7,0.0077813983557574,0.4458412844949373,-0.002012392090735844,0.98299817287145,0.004936094633037364,0.00045766119412951644,"[0.0, 3.0, 6.0, 9.0, 10.0, 12.0, 15.0]"
SimScale,0.3,cl,0,15,False,7,0.008338922002770883,0.4777850364475514,-0.002156576481041214,0.98299817287145,0.005289757221173402,0.0004904518220323849,"[0.0, 3.0, 6.0, 9.0, 10.0, 12.0, 15.0]"
SimScale,0.3,yaw,0,15,False,7,0.04344463570642498,2.4891942684615094,-0.011797022467652907,0.9623461876282235,0.041450460290247675,0.0038431733108770924,"[0.0, 3.0, 6.0, 9.0, 10.0, 12.0, 15.0]"
SimScale,0.3,cn,0,15,False,7,0.046557368230174645,2.6675407048254702,-0.012642258592236943,0.9623461876282235,0.044420313616714086,0.004118529988742034,"[0.0, 3.0, 6.0, 9.0, 10.0, 12.0, 15.0]"
SimScale,0.3,pitch,0,15,False,7,0.0009093404139312303,0.052101367858938784,0.004538154248180911,0.13319517451838214,0.011189155080043612,0.001037427856621553,"[0.0, 3.0, 6.0, 9.0, 10.0, 12.0, 15.0]"
SimScale,0.3,cm,0,15,False,7,0.0009744930716892772,0.055834340172535156,0.004863305100441742,0.13319517451838214,0.011990838564427848,0.001111757756684963,"[0.0, 3.0, 6.0, 9.0, 10.0, 12.0, 15.0]"
SimScale,0.3,axial,0,15,False,7,0.01398200583275131,0.80110992334395,14.700803561852801,0.7857431012343299,0.035216888598699876,0.0032652135924893114,"[0.0, 3.0, 6.0, 9.0, 10.0, 12.0, 15.0]"
SimScale,0.3,ca,0,15,False,7,0.0008662130277767072,0.049630350650853666,0.9107439745329755,0.7857431012343277,0.0021817561848314817,0.00020228646634252558,"[0.0, 3.0, 6.0, 9.0, 10.0, 12.0, 15.0]"
SimScale,0.3,side,0,15,False,7,0.16316613113043982,9.348730673252357,-0.02906264137400183,0.9692979430930336,0.14006818214263264,0.012986738761023797,"[0.0, 3.0, 6.0, 9.0, 10.0, 12.0, 15.0]"
SimScale,0.3,cy,0,15,False,7,0.010108465850160397,0.5791724305663124,-0.0018004883477300837,0.9692979430930336,0.00867750204085526,0.0008045542562127522,"[0.0, 3.0, 6.0, 9.0, 10.0, 12.0, 15.0]"
SimScale,0.3,normal,0,15,False,7,-0.006237569758046459,-0.3573864215545001,-0.034151309685618504,0.5331508292544743,0.028153542735012346,0.002610319482297614,"[0.0, 3.0, 6.0, 9.0, 10.0, 12.0, 15.0]"
SimScale,0.3,cNormal,0,15,False,7,-0.00038642983350999516,-0.022140798538065793,-0.002115741455065511,0.5331508292544743,0.0017441678816935038,0.00016171447568196488,"[0.0, 3.0, 6.0, 9.0, 10.0, 12.0, 15.0]"
OpenFOAM,0.3,roll,0,15,True,6,0.007816035964027543,0.4478258732612439,-5.186638439085012e-05,0.9926507661073514,0.002616714514371161,0.00033626320416074663,"[3.0, 6.0, 9.0, 10.0, 12.0, 15.0]"
OpenFOAM,0.3,cl,0,15,True,6,0.00837604133537947,0.4799118175443657,-5.558252054801982e-05,0.9926507661073514,0.002804197554378475,0.0003603558774013379,"[3.0, 6.0, 9.0, 10.0, 12.0, 15.0]"
OpenFOAM,0.3,yaw,0,15,True,6,0.045338616004602816,2.5977113460280283,-0.019168746114796575,0.9881908287771256,0.019284330231107413,0.0024781498470667087,"[3.0, 6.0, 9.0, 10.0, 12.0, 15.0]"
OpenFOAM,0.3,cn,0,15,True,6,0.04858704891984196,2.7838328421026097,-0.020542153406648,0.9881908287771256,0.02066601892369369,0.002655704969862895,"[3.0, 6.0, 9.0, 10.0, 12.0, 15.0]"
OpenFOAM,0.3,pitch,0,15,True,6,-0.0013428963759804457,-0.07694229466709292,-0.0024707985699984024,0.05250253064367272,0.02219670005174153,0.0028524064968498564,"[3.0, 6.0, 9.0, 10.0, 12.0, 15.0]"
OpenFOAM,0.3,cm,0,15,True,6,-0.0014391125637230834,-0.08245507614558442,-0.002647826986589101,0.05250253064367272,0.023787054972378,0.0030567764571298164,"[3.0, 6.0, 9.0, 10.0, 12.0, 15.0]"
OpenFOAM,0.3,axial,0,15,True,6,0.014838390868904263,0.8501771715536727,14.484938560814152,0.1433428191857158,0.14113975743263507,0.01813728888196038,"[3.0, 6.0, 9.0, 10.0, 12.0, 15.0]"
OpenFOAM,0.3,ca,0,15,True,6,0.0009192677814352357,0.05267016411859361,0.8973707090389275,0.1433428191857138,0.008743888258079513,0.0011236410645247385,"[3.0, 6.0, 9.0, 10.0, 12.0, 15.0]"
OpenFOAM,0.3,side,0,15,True,6,0.16959029204818254,9.716807980751906,-0.057990849832225466,0.9907204038117021,0.06386118515849853,0.008206537864548065,"[3.0, 6.0, 9.0, 10.0, 12.0, 15.0]"
OpenFOAM,0.3,cy,0,15,True,6,0.010506455376559256,0.6019755507193774,-0.0035926483093614847,0.9907204038117021,0.003956327240543504,0.0005084113178213147,"[3.0, 6.0, 9.0, 10.0, 12.0, 15.0]"
OpenFOAM,0.3,normal,0,15,True,6,2.4614841432203927e-05,0.0014103265274490397,0.039414916695469863,2.0201986764556423e-06,0.06738241364183524,0.008659036433224914,"[3.0, 6.0, 9.0, 10.0, 12.0, 15.0]"
OpenFOAM,0.3,cNormal,0,15,True,6,1.5249383085857964e-06,8.737252909978448e-05,0.002441832362161986,2.0201986767887092e-06,0.004174474337786167,0.0005364445027539142,"[3.0, 6.0, 9.0, 10.0, 12.0, 15.0]"
SimScale,0.3,roll,0,15,True,6,0.007994261593243655,0.4580374496163906,-0.004315185296268967,0.9729731355286504,0.005184092755305469,0.0006661864070351038,"[3.0, 6.0, 9.0, 10.0, 12.0, 15.0]"
SimScale,0.3,cl,0,15,True,6,0.008567036520689353,0.4908550355699411,-0.004624360811250117,0.9729731355286504,0.0055555239772086115,0.0007139175034602356,"[3.0, 6.0, 9.0, 10.0, 12.0, 15.0]"
SimScale,0.3,yaw,0,15,True,6,0.0404790668741711,2.3192796905178215,0.020285040354002803,0.9357416821610578,0.041272823649341886,0.005303800567034489,"[3.0, 6.0, 9.0, 10.0, 12.0, 15.0]"
SimScale,0.3,cn,0,15,True,6,0.04337932155329218,2.485452043144529,0.021738428184946035,0.9357416821610578,0.044229949619701704,0.005683808645271145,"[3.0, 6.0, 9.0, 10.0, 12.0, 15.0]"
SimScale,0.3,pitch,0,15,True,6,-0.00018669239723431507,-0.010696686428706097,0.016395236478062722,0.005002894370707889,0.010244101551792815,0.0013164272956164456,"[3.0, 6.0, 9.0, 10.0, 12.0, 15.0]"
SimScale,0.3,cm,0,15,True,6,-0.00020006858251838452,-0.011463085391468278,0.017569926632324626,0.005002894370707889,0.010978073595944268,0.0014107470198260592,"[3.0, 6.0, 9.0, 10.0, 12.0, 15.0]"
SimScale,0.3,axial,0,15,True,6,0.017384054884297447,0.9960329756940284,14.663999576658803,0.8132278385257934,0.032415150258460736,0.004165537443767155,"[3.0, 6.0, 9.0, 10.0, 12.0, 15.0]"
SimScale,0.3,ca,0,15,True,6,0.0010769767225451586,0.06170622083566944,0.9084638945622986,0.8132278385257947,0.0020081829307671685,0.0002580633168547877,"[3.0, 6.0, 9.0, 10.0, 12.0, 15.0]"
SimScale,0.3,side,0,15,True,6,0.15403564226786282,8.82559219653549,0.06971264723024007,0.947169436183844,0.14154580722946986,0.018189468668858268,"[3.0, 6.0, 9.0, 10.0, 12.0, 15.0]"
SimScale,0.3,cy,0,15,True,6,0.00954281393316516,0.546762963049001,0.004318836936127474,0.947169436183844,0.008769043849355293,0.0011268737059453046,"[3.0, 6.0, 9.0, 10.0, 12.0, 15.0]"
SimScale,0.3,normal,0,15,True,6,-0.0035184829360065425,-0.2015942225219734,-0.06356688530586851,0.21816486381478473,0.02591598012627938,0.0033303558597500243,"[3.0, 6.0, 9.0, 10.0, 12.0, 15.0]"
SimScale,0.3,cNormal,0,15,True,6,-0.00021797700513326112,-0.012489162425037344,-0.0039380947802319976,0.21816486381478506,0.0016055464345753438,0.00020632215916336255,"[3.0, 6.0, 9.0, 10.0, 12.0, 15.0]"
OpenFOAM,0.5,roll,-6,15,False,8,0.02285394165966488,1.309434402337006,-0.0018959866582515805,0.9987986869524166,0.0050972650132715645,0.0003235747355045409,"[-6.0, 0.0, 3.0, 6.0, 9.0, 10.0, 12.0, 15.0]"
OpenFOAM,0.5,cl,-6,15,False,8,0.008806505025468462,0.5045755702200925,-0.0007305967733164595,0.9987986869524166,0.001964172772644538,0.00012468582342469952,"[-6.0, 0.0, 3.0, 6.0, 9.0, 10.0, 12.0, 15.0]"
OpenFOAM,0.5,yaw,-6,15,False,8,0.12736328590131513,7.2973787470634175,0.003173063787608066,0.9961483079008625,0.050932502986052876,0.00323319881139919,"[-6.0, 0.0, 3.0, 6.0, 9.0, 10.0, 12.0, 15.0]"
OpenFOAM,0.5,cn,-6,15,False,8,0.04907798549821603,2.8119614360520373,0.0012227038384813316,0.9961483079008625,0.019626257482663893,0.0012458761821020213,"[-6.0, 0.0, 3.0, 6.0, 9.0, 10.0, 12.0, 15.0]"
OpenFOAM,0.5,pitch,-6,15,False,8,0.0013052156911174434,0.0747833504552804,-0.0599834821957291,0.07038720293792833,0.030505170935381472,0.0019364703603279164,"[-6.0, 0.0, 3.0, 6.0, 9.0, 10.0, 12.0, 15.0]"
OpenFOAM,0.5,cm,-6,15,False,8,0.0005029499381033515,0.028816908759688033,-0.023113948800092116,0.07038720293792866,0.011754818715554147,0.0007461967048772358,"[-6.0, 0.0, 3.0, 6.0, 9.0, 10.0, 12.0, 15.0]"
OpenFOAM,0.5,axial,-6,15,False,8,0.033898707684065436,1.9422528812446427,40.647807314062845,0.2588301354592403,0.36891098069076705,0.023418494563444452,"[-6.0, 0.0, 3.0, 6.0, 9.0, 10.0, 12.0, 15.0]"
OpenFOAM,0.5,ca,-6,15,False,8,0.0007551419276344108,0.04326644538682516,0.9054877211051364,0.25883013545924083,0.008218016795232515,0.0005216802744149505,"[-6.0, 0.0, 3.0, 6.0, 9.0, 10.0, 12.0, 15.0]"
OpenFOAM,0.5,side,-6,15,False,8,0.47866138809490083,27.425277353711365,0.006639534873555064,0.9971359821525085,0.1649780041833573,0.010472815113341418,"[-6.0, 0.0, 3.0, 6.0, 9.0, 10.0, 12.0, 15.0]"
OpenFOAM,0.5,cy,-6,15,False,8,0.010662863217645759,0.6109370598963869,0.0001479050826875411,0.9971359821525085,0.00367511969062054,0.00023329685208515883,"[-6.0, 0.0, 3.0, 6.0, 9.0, 10.0, 12.0, 15.0]"
OpenFOAM,0.5,normal,-6,15,False,8,-0.009787785863767409,-0.5607988207716815,0.21124844362753295,0.22872727486684574,0.1155889854608436,0.007337596789719448,"[-6.0, 0.0, 3.0, 6.0, 9.0, 10.0, 12.0, 15.0]"
OpenFOAM,0.5,cNormal,-6,15,False,8,-0.00021803685123703093,-0.012492591354203655,0.004705859539467063,0.22872727486684563,0.002574909052808452,0.00016345540472026347,"[-6.0, 0.0, 3.0, 6.0, 9.0, 10.0, 12.0, 15.0]"
SimScale,0.5,roll,-6,15,False,8,0.02119876319134696,1.214599661761461,0.006118939681968083,0.9918273381836684,0.012375456667490419,0.0007855948449815827,"[-6.0, 0.0, 3.0, 6.0, 9.0, 10.0, 12.0, 15.0]"
SimScale,0.5,cl,-6,15,False,8,0.00816870093388741,0.4680320876163227,0.002357863420772398,0.9918273381836684,0.004768740681922246,0.0003027199882339189,"[-6.0, 0.0, 3.0, 6.0, 9.0, 10.0, 12.0, 15.0]"
SimScale,0.5,yaw,-6,15,False,8,0.12263563099342173,7.026504073846816,0.026449805523789505,0.9901858761637283,0.07851833049909934,0.004984349049412594,"[-6.0, 0.0, 3.0, 6.0, 9.0, 10.0, 12.0, 15.0]"
SimScale,0.5,cn,-6,15,False,8,0.047256237752245175,2.7075829788704366,0.010192130037638802,0.9901858761637283,0.030256140600555433,0.0019206618974533867,"[-6.0, 0.0, 3.0, 6.0, 9.0, 10.0, 12.0, 15.0]"
SimScale,0.5,pitch,-6,15,False,8,-0.0016605998211547935,-0.09514536121234898,0.04639663046896277,0.09436383948692995,0.033084612035909566,0.0021002134597508017,"[-6.0, 0.0, 3.0, 6.0, 9.0, 10.0, 12.0, 15.0]"
SimScale,0.5,cm,-6,15,False,8,-0.0006398931478897525,-0.036663176713423444,0.017878410887468554,0.09436383948692995,0.012748776841158013,0.0008092932354200798,"[-6.0, 0.0, 3.0, 6.0, 9.0, 10.0, 12.0, 15.0]"
SimScale,0.5,axial,-6,15,False,8,0.02469805531847523,1.4150943319292668,41.25121815442751,0.3272507703932688,0.22773826538116476,0.014456840833880215,"[-6.0, 0.0, 3.0, 6.0, 9.0, 10.0, 12.0, 15.0]"
SimScale,0.5,ca,-6,15,False,8,0.0005501843101464801,0.031523238925710025,0.918929555802648,0.32725077039326367,0.005073193772424845,0.00032204669147113007,"[-6.0, 0.0, 3.0, 6.0, 9.0, 10.0, 12.0, 15.0]"
SimScale,0.5,side,-6,15,False,8,0.4606743711520259,26.39469719685433,0.126484964775325,0.9917905031617832,0.2695437912401331,0.017110658506146348,"[-6.0, 0.0, 3.0, 6.0, 9.0, 10.0, 12.0, 15.0]"
SimScale,0.5,cy,-6,15,False,8,0.010262176832393968,0.5879794211131063,0.0028176324893384314,0.9917905031617832,0.006004471320735347,0.0003811642546331994,"[-6.0, 0.0, 3.0, 6.0, 9.0, 10.0, 12.0, 15.0]"
SimScale,0.5,normal,-6,15,False,8,-0.0006062483771376206,-0.03473547334664109,-0.21745931159298185,0.002006746079911692,0.08694711253144297,0.0055194087156532025,"[-6.0, 0.0, 3.0, 6.0, 9.0, 10.0, 12.0, 15.0]"
SimScale,0.5,cNormal,-6,15,False,8,-1.3505044864944344e-05,-0.0007737820728961357,-0.004844215457085614,0.002006746079911692,0.0019368705961054441,0.00012295267937012636,"[-6.0, 0.0, 3.0, 6.0, 9.0, 10.0, 12.0, 15.0]"
OpenFOAM,0.5,roll,-6,15,True,6,0.022943066675233686,1.3145408895781359,-0.003320338564682501,0.9986620015963174,0.005626514338059437,0.00041989432632141594,"[-6.0, 6.0, 9.0, 10.0, 12.0, 15.0]"
OpenFOAM,0.5,cl,-6,15,True,6,0.008840848330846146,0.5065432966727627,-0.0012794544893645204,0.9986620015963174,0.0021681129466363264,0.00016180147608591827,"[-6.0, 6.0, 9.0, 10.0, 12.0, 15.0]"
OpenFOAM,0.5,yaw,-6,15,True,6,0.1305411278955038,7.479455681289865,-0.04313697581817377,0.9986845236546951,0.03174272087576483,0.0023688890842380747,"[-6.0, 6.0, 9.0, 10.0, 12.0, 15.0]"
OpenFOAM,0.5,cn,-6,15,True,6,0.0503025305639523,2.8821227001422955,-0.016622340250247725,0.9986845236546951,0.012231694430542478,0.0009128243143255619,"[-6.0, 6.0, 9.0, 10.0, 12.0, 15.0]"
OpenFOAM,0.5,pitch,-6,15,True,6,0.0014141468008716269,0.08102464330187147,-0.06097454484855249,0.06856186139489728,0.03492204210318536,0.002606154798806138,"[-6.0, 6.0, 9.0, 10.0, 12.0, 15.0]"
OpenFOAM,0.5,cm,-6,15,True,6,0.0005449252953421926,0.031221919573027532,-0.0234958434580297,0.06856186139489706,0.013456809501885846,0.0010042519436960682,"[-6.0, 6.0, 9.0, 10.0, 12.0, 15.0]"
OpenFOAM,0.5,axial,-6,15,True,6,0.04862429810502777,2.785967063204058,40.43198135065587,0.4524733274309519,0.3583677514366805,0.026744193033856976,"[-6.0, 6.0, 9.0, 10.0, 12.0, 15.0]"
OpenFOAM,0.5,ca,-6,15,True,6,0.0010831753983990622,0.062061378800667776,0.9006798908019975,0.45247332743094937,0.007983151368012578,0.0005957649379686199,"[-6.0, 6.0, 9.0, 10.0, 12.0, 15.0]"
OpenFOAM,0.5,side,-6,15,True,6,0.4885832855701962,27.993760203807295,-0.1383975077846782,0.9988527986854044,0.11093717593937749,0.008278996187741205,"[-6.0, 6.0, 9.0, 10.0, 12.0, 15.0]"
OpenFOAM,0.5,cy,-6,15,True,6,0.010883887595775889,0.623600823932747,-0.003083001328025456,0.9988527986854044,0.0024712833794710847,0.00018442641525911657,"[-6.0, 6.0, 9.0, 10.0, 12.0, 15.0]"
OpenFOAM,0.5,normal,-6,15,True,6,-0.009802399690877414,-0.5616361313876187,0.20876236800236458,0.19849437400977699,0.13197176385344375,0.009848760981884017,"[-6.0, 6.0, 9.0, 10.0, 12.0, 15.0]"
OpenFOAM,0.5,cNormal,-6,15,True,6,-0.00021836239502108365,-0.012511243639076595,0.004650478668982816,0.1984943740097771,0.0029398587426519617,0.00021939515871770095,"[-6.0, 6.0, 9.0, 10.0, 12.0, 15.0]"
SimScale,0.5,roll,-6,15,True,6,0.020976662895783968,1.201874252197093,0.009408374343073095,0.9903793932877275,0.013851801509104493,0.0010337293239724367,"[-6.0, 6.0, 9.0, 10.0, 12.0, 15.0]"
SimScale,0.5,cl,-6,15,True,6,0.008083117125275277,0.4631284965881921,0.0036254094443582754,0.9903793932877275,0.005337633280871387,0.0003983357716627193,"[-6.0, 6.0, 9.0, 10.0, 12.0, 15.0]"
SimScale,0.5,yaw,-6,15,True,6,0.1204127618075664,6.899143051087625,0.05194013019787802,0.9928590113933602,0.06841909487096387,0.005105965793783592,"[-6.0, 6.0, 9.0, 10.0, 12.0, 15.0]"
SimScale,0.5,cn,-6,15,True,6,0.04639968053565162,2.6585058654481526,0.0200145351039549,0.9928590113933602,0.02636451566175836,0.0019675255188992464,"[-6.0, 6.0, 9.0, 10.0, 12.0, 15.0]"
SimScale,0.5,pitch,-6,15,True,6,-0.0020156540385432337,-0.11548846936702706,0.04773712178813677,0.2194778560999675,0.025467286886589998,0.0019005673189428159,"[-6.0, 6.0, 9.0, 10.0, 12.0, 15.0]"
SimScale,0.5,cm,-6,15,True,6,-0.0007767092296102886,-0.04450216076552713,0.018394953885376767,0.21947785609996762,0.0098135277183993,0.0007323618785222914,"[-6.0, 6.0, 9.0, 10.0, 12.0, 15.0]"
SimScale,0.5,axial,-6,15,True,6,0.01415299902860791,0.8109071117919872,41.422655308309025,0.2935962902337864,0.14708524509148063,0.010976646674788086,"[-6.0, 6.0, 9.0, 10.0, 12.0, 15.0]"
SimScale,0.5,ca,-6,15,True,6,0.00031527818310592213,0.01806410926452211,0.9227485622396132,0.29359629023378686,0.0032765330330622195,0.0002445204167136333,"[-6.0, 6.0, 9.0, 10.0, 12.0, 15.0]"
SimScale,0.5,side,-6,15,True,6,0.4531576019986585,25.96401804879225,0.21427385415143707,0.9935200461016795,0.2451976698581978,0.018298560034630325,"[-6.0, 6.0, 9.0, 10.0, 12.0, 15.0]"
SimScale,0.5,cy,-6,15,True,6,0.010094730108437436,0.5783854305371049,0.004773254861914156,0.9935200461016795,0.005462126839579266,0.00040762645072691403,"[-6.0, 6.0, 9.0, 10.0, 12.0, 15.0]"
SimScale,0.5,normal,-6,15,True,6,0.0014394508265188827,0.08247445717615003,-0.2364053450068287,0.030143274146699373,0.054704725168873286,0.0040824927017434,"[-6.0, 6.0, 9.0, 10.0, 12.0, 15.0]"
SimScale,0.5,cNormal,-6,15,True,6,3.206581448482096e-05,0.0018372358366297032,-0.005266265298232905,0.03014327414669915,0.0012186255594089212,9.094333144142468e-05,"[-6.0, 6.0, 9.0, 10.0, 12.0, 15.0]"
OpenFOAM,0.5,roll,0,10,False,5,0.02231144440675849,1.2783515993480286,0.0017371105584162438,0.9956804751568992,0.005467058541899769,0.0008484476516813083,"[0.0, 3.0, 6.0, 9.0, 10.0]"
OpenFOAM,0.5,cl,0,10,False,5,0.008597459913900036,0.4925981675993802,0.000669375685398127,0.9956804751568992,0.0021066684793697196,0.0003269395984135853,"[0.0, 3.0, 6.0, 9.0, 10.0]"
OpenFOAM,0.5,yaw,0,10,False,5,0.11713414020680576,6.711291870743614,0.07785872656079718,0.9929700162674155,0.036665754968693155,0.00569025801752249,"[0.0, 3.0, 6.0, 9.0, 10.0]"
OpenFOAM,0.5,cn,0,10,False,5,0.04513630120119456,2.586119561659716,0.030001969767183223,0.9929700162674155,0.014128729310807494,0.002192675844445944,"[0.0, 3.0, 6.0, 9.0, 10.0]"
OpenFOAM,0.5,pitch,0,10,False,5,-0.001009704408294841,-0.05785180115104846,-0.05591981498412226,0.03881653288977205,0.018692055969695122,0.0029008708926450276,"[0.0, 3.0, 6.0, 9.0, 10.0]"
OpenFOAM,0.5,cm,0,10,False,5,-0.0003890780451925144,-0.022292529890731386,-0.02154806111849331,0.03881653288977205,0.007202769976611186,0.0011178174196270448,"[0.0, 3.0, 6.0, 9.0, 10.0]"
OpenFOAM,0.5,axial,0,10,False,5,-0.0638957168749202,-3.6609549058957613,41.11464444535784,0.6223120672747144,0.18518347756002637,0.028739126435508213,"[0.0, 3.0, 6.0, 9.0, 10.0]"
OpenFOAM,0.5,ca,0,10,False,5,-0.00142336797196522,-0.08155297748770238,0.9158871821849797,0.6223120672747189,0.004125225348235185,0.000640204916874753,"[0.0, 3.0, 6.0, 9.0, 10.0]"
OpenFOAM,0.5,side,0,10,False,5,0.44579762239412474,25.542322280150103,0.24478498060684561,0.9945934491635373,0.12227653999396944,0.018976428077089533,"[0.0, 3.0, 6.0, 9.0, 10.0]"
OpenFOAM,0.5,cy,0,10,False,5,0.009930776094682214,0.5689915575147009,0.005452933599539425,0.9945934491635372,0.002723883841711067,0.0004227269255012096,"[0.0, 3.0, 6.0, 9.0, 10.0]"
OpenFOAM,0.5,normal,0,10,False,5,-0.0008504306042032907,-0.048726084389609126,0.2077118576575476,0.002605757989610824,0.06189752943276401,0.009606045570870001,"[0.0, 3.0, 6.0, 9.0, 10.0]"
OpenFOAM,0.5,cNormal,0,10,False,5,-1.894455127206055e-05,-0.0010854428326582644,0.004627077056916115,0.002605757989610824,0.001378855504678624,0.0002139883277243809,"[0.0, 3.0, 6.0, 9.0, 10.0]"
SimScale,0.5,roll,0,10,False,5,0.022038539744557547,1.262715313994471,-0.004017735269271197,0.9793953862287165,0.011891977323665752,0.001845548233439158,"[0.0, 3.0, 6.0, 9.0, 10.0]"
SimScale,0.5,cl,0,10,False,5,0.008492299223681415,0.48657290387917057,-0.001548188332968617,0.9793953862287164,0.004582437446598222,0.0007111609032069576,"[0.0, 3.0, 6.0, 9.0, 10.0]"
SimScale,0.5,yaw,0,10,False,5,0.13150457331728324,7.53465703774903,-0.04596890170616097,0.9731883071116699,0.08120309427651415,0.01260212857062679,"[0.0, 3.0, 6.0, 9.0, 10.0]"
SimScale,0.5,cn,0,10,False,5,0.050673783237780545,2.9033939114856007,-0.01771359050089172,0.9731883071116698,0.031290683615064305,0.004856086107224792,"[0.0, 3.0, 6.0, 9.0, 10.0]"
SimScale,0.5,pitch,0,10,False,5,0.0022089432412176744,0.1265631249057213,0.038198786643827504,0.06939156050504769,0.030094197594045274,0.004670400194585864,"[0.0, 3.0, 6.0, 9.0, 10.0]"
SimScale,0.5,cm,0,10,False,5,0.000851191013106108,0.04876965261044473,0.014719465532695214,0.06939156050504758,0.01159645483899808,0.0017996852970513975,"[0.0, 3.0, 6.0, 9.0, 10.0]"
SimScale,0.5,axial,0,10,False,5,0.07031509894189744,4.028758405415524,40.978100276998916,0.6797528965386201,0.1795492969884474,0.02786474266250338,"[0.0, 3.0, 6.0, 9.0, 10.0]"
SimScale,0.5,ca,0,10,False,5,0.001566368837763935,0.08974632356468544,0.912845466628659,0.6797528965386206,0.003999715962534872,0.0006207267746991636,"[0.0, 3.0, 6.0, 9.0, 10.0]"
SimScale,0.5,side,0,10,False,5,0.49030719577799226,28.092532982973534,-0.12330615492033647,0.9773027543423793,0.2779766583286184,0.04313995198214536,"[0.0, 3.0, 6.0, 9.0, 10.0]"
SimScale,0.5,cy,0,10,False,5,0.010922290147563893,0.6258011280727322,-0.0027468199786123276,0.9773027543423793,0.006192325429158392,0.0009610037881522671,"[0.0, 3.0, 6.0, 9.0, 10.0]"
SimScale,0.5,normal,0,10,False,5,-0.012815268904418853,-0.7342608215484427,-0.16698062062923108,0.25068804573689707,0.08242525260263221,0.01279179863796382,"[0.0, 3.0, 6.0, 9.0, 10.0]"
SimScale,0.5,cNormal,0,10,False,5,-0.00028547834194237365,-0.016356704135690563,-0.0037197308202642893,0.25068804573689696,0.001836139734771162,0.0002849555083754386,"[0.0, 3.0, 6.0, 9.0, 10.0]"
OpenFOAM,0.5,roll,0,10,True,3,0.02069562195601106,1.1857717924777151,0.015599744965376888,0.9691880602803365,0.006271903880311518,0.0036900646468946236,"[6.0, 9.0, 10.0]"
OpenFOAM,0.5,cl,0,10,True,3,0.007974821213553382,0.45692359790800613,0.006011183299556563,0.9691880602803367,0.002416806425068487,0.0014219242063846886,"[6.0, 9.0, 10.0]"
OpenFOAM,0.5,yaw,0,10,True,3,0.1271319156969661,7.28412221084914,-0.00978794167025998,0.9608075111682186,0.04364185855169311,0.025676617888216076,"[6.0, 9.0, 10.0]"
OpenFOAM,0.5,cn,0,10,True,3,0.04898882963627823,2.80685318144415,-0.0037716713725695628,0.9608075111682185,0.016816891036988194,0.009894191025642278,"[6.0, 9.0, 10.0]"
OpenFOAM,0.5,pitch,0,10,True,3,0.00031311234223534677,0.017940015723541203,-0.06686094481963084,0.0005015322568816538,0.023757855537500813,0.01397789642155789,"[6.0, 9.0, 10.0]"
OpenFOAM,0.5,cm,0,10,True,3,0.00012065425984255348,0.0069129798692530876,-0.02576410036089514,0.0005015322568814318,0.009154817899733037,0.005386222513168532,"[6.0, 9.0, 10.0]"
OpenFOAM,0.5,axial,0,10,True,3,-0.11438632079686867,-6.5538534156900905,41.54297026731922,0.4635676761124299,0.20914159093749332,0.12304812153393672,"[6.0, 9.0, 10.0]"
OpenFOAM,0.5,ca,0,10,True,3,-0.002548117986874133,-0.14599640634925953,0.9254287490749632,0.4635676761124339,0.004658926399229766,0.0027410719179305943,"[6.0, 9.0, 10.0]"
OpenFOAM,0.5,side,0,10,True,3,0.4711061063473054,26.99239159654192,0.021842488423153394,0.9658778490266426,0.15050164598693153,0.08854740342867659,"[6.0, 9.0, 10.0]"
OpenFOAM,0.5,cy,0,10,True,3,0.010494558570876522,0.6012939139640695,0.000486572496093865,0.9658778490266426,0.0033526382221392577,0.0019725193519275113,"[6.0, 9.0, 10.0]"
OpenFOAM,0.5,normal,0,10,True,3,-0.011028262157988794,-0.6318728770165954,0.29391052195264383,0.05696861134931419,0.07626368007640022,0.044869614563995616,"[6.0, 9.0, 10.0]"
OpenFOAM,0.5,cNormal,0,10,True,3,-0.0002456702250143875,-0.01407586704535367,0.0065472749040425444,0.05696861134931408,0.001698881943173838,0.0009995344822539033,"[6.0, 9.0, 10.0]"
SimScale,0.5,roll,0,10,True,3,0.02883843862495523,1.6523208209569917,-0.06342823456329005,0.9667002932307103,0.009097277484975656,0.005352368701899134,"[6.0, 9.0, 10.0]"
SimScale,0.5,cl,0,10,True,3,0.011112562483064291,0.6367029298550023,-0.024441344725406863,0.9667002932307103,0.0035055318282760516,0.002062474061296174,"[6.0, 9.0, 10.0]"
SimScale,0.5,yaw,0,10,True,3,0.1563507091527115,8.95823575832782,-0.27553357433243986,0.9534278538966615,0.058733310773806904,0.03455564973848663,"[6.0, 9.0, 10.0]"
SimScale,0.5,cn,0,10,True,3,0.06024795750306041,3.4519536892089033,-0.10617371144017806,0.9534278538966615,0.022632209541551637,0.013315624394779917,"[6.0, 9.0, 10.0]"
SimScale,0.5,pitch,0,10,True,3,-0.002403794668149404,-0.13772728930101116,0.07227940103922736,0.09372390525309215,0.012704800824282129,0.007474849306075879,"[6.0, 9.0, 10.0]"
SimScale,0.5,cm,0,10,True,3,-0.0009262747818514579,-0.05307163566948956,0.02785204049125677,0.09372390525309249,0.004895649685851917,0.0028803476861392284,"[6.0, 9.0, 10.0]"
SimScale,0.5,axial,0,10,True,3,0.04726543473131091,2.7081099269551734,41.214902715409906,0.41465409910355044,0.09544922032128761,0.05615739657409183,"[6.0, 9.0, 10.0]"
SimScale,0.5,ca,0,10,True,3,0.0010529047840445557,0.060327000354886424,0.9181205777472534,0.4146540991035711,0.002126267139631959,0.0012509858810878238,"[6.0, 9.0, 10.0]"
SimScale,0.5,side,0,10,True,3,0.5819836165145802,33.34520497204564,-0.9638502644957856,0.9557257991388527,0.21290452354095982,0.12526203693086868,"[6.0, 9.0, 10.0]"
SimScale,0.5,cy,0,10,True,3,0.012964512810411668,0.7428118674798782,-0.021471135521323112,0.9557257991388526,0.004742751074973295,0.002790390032238691,"[6.0, 9.0, 10.0]"
SimScale,0.5,normal,0,10,True,3,-0.004796819420575145,-0.2748375078853448,-0.21888227191767007,0.31262921243934594,0.012089255215829202,0.007112694028882667,"[6.0, 9.0, 10.0]"
SimScale,0.5,cNormal,0,10,True,3,-0.00010685597508692062,-0.006122396388235622,-0.004875913922187794,0.31262921243934705,0.00026930535442319827,0.0001584453758444895,"[6.0, 9.0, 10.0]"
OpenFOAM,0.5,roll,0,15,False,7,0.022638042252872248,1.2970642775284098,0.00016284789105960873,0.9976939839908924,0.005249594210564485,0.00048672801753477893,"[0.0, 3.0, 6.0, 9.0, 10.0, 12.0, 15.0]"
OpenFOAM,0.5,cl,0,15,False,7,0.008723310658421019,0.4998088841090117,6.275157223904759e-05,0.9976939839908924,0.0020228710865486696,0.0001875550745813525,"[0.0, 3.0, 6.0, 9.0, 10.0, 12.0, 15.0]"
OpenFOAM,0.5,yaw,0,15,False,7,0.12142252485244434,6.95699821186741,0.05982465110931412,0.9960862249354661,0.036711582763338385,0.003403797547437912,"[0.0, 3.0, 6.0, 9.0, 10.0, 12.0, 15.0]"
OpenFOAM,0.5,cn,0,15,False,7,0.04678878117578078,2.680799689933392,0.023052745057580426,0.9960862249354661,0.014146388527316364,0.0013116144538030965,"[0.0, 3.0, 6.0, 9.0, 10.0, 12.0, 15.0]"
OpenFOAM,0.5,pitch,0,15,False,7,0.002744618518659843,0.15725505749265697,-0.07370974627280868,0.1532179835791403,0.031121986984580883,0.002885545514406417,"[0.0, 3.0, 6.0, 9.0, 10.0, 12.0, 15.0]"
OpenFOAM,0.5,cm,0,15,False,7,0.0010576073544560775,0.06059643779232972,-0.028403207667373268,0.1532179835791403,0.011992501725249197,0.0011119119604075646,"[0.0, 3.0, 6.0, 9.0, 10.0, 12.0, 15.0]"
OpenFOAM,0.5,axial,0,15,False,7,0.020045873564450267,1.1485439518958682,40.779909082729276,0.059892427783365565,0.3830735698666454,0.0355175336897352,"[0.0, 3.0, 6.0, 9.0, 10.0, 12.0, 15.0]"
OpenFOAM,0.5,ca,0,15,False,7,0.0004465503447994337,0.02558545009711924,0.908430475889903,0.0598924277833639,0.008533508612508926,0.0007912035793592909,"[0.0, 3.0, 6.0, 9.0, 10.0, 12.0, 15.0]"
OpenFOAM,0.5,side,0,15,False,7,0.4600172164956208,26.357045008554948,0.18443189290792716,0.996926162110182,0.12320758772997945,0.011423470560900149,"[0.0, 3.0, 6.0, 9.0, 10.0, 12.0, 15.0]"
OpenFOAM,0.5,cy,0,15,False,7,0.010247537777754577,0.5871406650662079,0.0041084827311344,0.996926162110182,0.0027446242542554827,0.0002544740542922832,"[0.0, 3.0, 6.0, 9.0, 10.0, 12.0, 15.0]"
OpenFOAM,0.5,normal,0,15,False,7,-0.017240988762284002,-0.9878358907113544,0.28232280116493347,0.3521196318476467,0.11280253121142488,0.010458742178386023,"[0.0, 3.0, 6.0, 9.0, 10.0, 12.0, 15.0]"
OpenFOAM,0.5,cNormal,0,15,False,7,-0.0003840675464567735,-0.022005449459917795,0.006289141942335742,0.35211963184764683,0.0025128368212419296,0.00023298335744315833,"[0.0, 3.0, 6.0, 9.0, 10.0, 12.0, 15.0]"
SimScale,0.5,roll,0,15,False,7,0.02232372106758536,1.2790550001999215,-0.004608751405872302,0.9900054285200022,0.010818929088324457,0.001003101515239457,"[0.0, 3.0, 6.0, 9.0, 10.0, 12.0, 15.0]"
SimScale,0.5,cl,0,15,False,7,0.008602190584734755,0.49286921507247516,-0.0017759296414316672,0.9900054285200022,0.0041689505821514965,0.00038653369587453654,"[0.0, 3.0, 6.0, 9.0, 10.0, 12.0, 15.0]"
SimScale,0.5,yaw,0,15,False,7,0.1295535389351958,7.422871001970505,-0.039519935158076724,0.9877239534137446,0.06966507955810129,0.006459155642255098,"[0.0, 3.0, 6.0, 9.0, 10.0, 12.0, 15.0]"
SimScale,0.5,cn,0,15,False,7,0.049921974453694985,2.8603184411566365,-0.015228555001959854,0.9877239534137446,0.02684464160993555,0.0024889617498322,"[0.0, 3.0, 6.0, 9.0, 10.0, 12.0, 15.0]"
SimScale,0.5,pitch,0,15,False,7,-0.0030622851573396744,-0.17545601518111859,0.05976321743773612,0.15819706570867453,0.03407265852160332,0.003159123709216412,"[0.0, 3.0, 6.0, 9.0, 10.0, 12.0, 15.0]"
SimScale,0.5,cm,0,15,False,7,-0.0011800165603435243,-0.06760996866322837,0.023029072294888542,0.15819706570867442,0.013129509253589758,0.0012173321887135181,"[0.0, 3.0, 6.0, 9.0, 10.0, 12.0, 15.0]"
SimScale,0.5,axial,0,15,False,7,0.043585477019685834,2.497263881292436,41.071106143359266,0.5072719123481058,0.20719508112300639,0.019210561242049704,"[0.0, 3.0, 6.0, 9.0, 10.0, 12.0, 15.0]"
SimScale,0.5,ca,0,15,False,7,0.0009709284920316377,0.055630104802414225,0.9149173045836401,0.5072719123480983,0.004615565124600425,0.00042794257475719497,"[0.0, 3.0, 6.0, 9.0, 10.0, 12.0, 15.0]"
SimScale,0.5,side,0,15,False,7,0.48493550374357786,27.784757700557545,-0.10487119653586596,0.9898564120537163,0.23678166287728558,0.021953748182844214,"[0.0, 3.0, 6.0, 9.0, 10.0, 12.0, 15.0]"
SimScale,0.5,cy,0,15,False,7,0.0108026280673651,0.6189449959095853,-0.00233615506064401,0.9898564120537163,0.005274648314032465,0.0004890509654852206,"[0.0, 3.0, 6.0, 9.0, 10.0, 12.0, 15.0]"
SimScale,0.5,normal,0,15,False,7,-0.00024046432365537203,-0.01377759086892066,-0.22094745849474556,0.00015579315930824844,0.09291739218514268,0.008615046473832688,"[0.0, 3.0, 6.0, 9.0, 10.0, 12.0, 15.0]"
SimScale,0.5,cNormal,0,15,False,7,-5.356684820695403e-06,-0.0003069154324076388,-0.004921918890497266,0.00015579315930824844,0.002069867066892163,0.00019191241334453894,"[0.0, 3.0, 6.0, 9.0, 10.0, 12.0, 15.0]"
OpenFOAM,0.5,roll,0,15,True,5,0.022733250999646723,1.3025193368913168,-0.0010226010442301314,0.9920348534418986,0.006124620484493858,0.0011760731633329046,"[6.0, 9.0, 10.0, 12.0, 15.0]"
OpenFOAM,0.5,cl,0,15,True,5,0.008759998260035833,0.501910928841998,-0.0003940476163442619,0.9920348534418986,0.0023600524530512485,0.00045318634209560164,"[6.0, 9.0, 10.0, 12.0, 15.0]"
OpenFOAM,0.5,yaw,0,15,True,5,0.12892937000418944,7.3871087565206475,-0.025486261349877415,0.9922027462529004,0.034364236344091,0.006598752730072969,"[6.0, 9.0, 10.0, 12.0, 15.0]"
OpenFOAM,0.5,cn,0,15,True,5,0.04968145809509457,2.8465378689049774,-0.009820839310805685,0.9922027462529004,0.01324186543254967,0.0025427538909742462,"[6.0, 9.0, 10.0, 12.0, 15.0]"
OpenFOAM,0.5,pitch,0,15,True,5,0.008148793135199213,0.4668914547720929,-0.1347271351927741,0.3820915050849504,0.031157019062576168,0.005982890541825263,"[6.0, 9.0, 10.0, 12.0, 15.0]"
OpenFOAM,0.5,cm,0,15,True,5,0.003140044232426165,0.17991128200241538,-0.051915560598290764,0.3820915050849505,0.012006000935823562,0.0023054384406871065,"[6.0, 9.0, 10.0, 12.0, 15.0]"
OpenFOAM,0.5,axial,0,15,True,5,0.09991892709360009,5.724932815938659,39.870242608805405,0.4182580550100251,0.3543031469536701,0.06803465192195349,"[6.0, 9.0, 10.0, 12.0, 15.0]"
OpenFOAM,0.5,ca,0,15,True,5,0.0022258362152280924,0.12753102101994243,0.8881663613689186,0.4182580550100278,0.007892606522085729,0.0015155686369256508,"[6.0, 9.0, 10.0, 12.0, 15.0]"
OpenFOAM,0.5,side,0,15,True,5,0.4833045752022504,27.69131237845205,-0.0805891918040027,0.9931959685823676,0.12027373636517247,0.023095425088130297,"[6.0, 9.0, 10.0, 12.0, 15.0]"
OpenFOAM,0.5,cy,0,15,True,5,0.010766296814445067,0.6168633684528452,-0.0017952388690610915,0.9931959685823676,0.0026792685423014683,0.0005144834423521393,"[6.0, 9.0, 10.0, 12.0, 15.0]"
OpenFOAM,0.5,normal,0,15,True,5,-0.04071420480517995,-2.332752101568067,0.5472843313272875,0.5875390952834376,0.10256594413297102,0.01969510676981281,"[6.0, 9.0, 10.0, 12.0, 15.0]"
OpenFOAM,0.5,cNormal,0,15,True,5,-0.0009069668196566078,-0.0519653709247265,0.012191536880235262,0.5875390952834374,0.0022848022846199104,0.00043873651555493046,"[6.0, 9.0, 10.0, 12.0, 15.0]"
SimScale,0.5,roll,0,15,True,5,0.024096696855773373,1.380639030041975,-0.024759802438274275,0.9768312413488257,0.0111579225279207,0.00214258716550004,"[6.0, 9.0, 10.0, 12.0, 15.0]"
SimScale,0.5,cl,0,15,True,5,0.009285386526215099,0.5320134590997657,-0.00954090667812904,0.9768312413488258,0.004299577826845744,0.0008256214582792017,"[6.0, 9.0, 10.0, 12.0, 15.0]"
SimScale,0.5,yaw,0,15,True,5,0.13582430194594694,7.782159256813294,-0.11683502887853336,0.9821136967419586,0.05511135740682345,0.01058269465105796,"[6.0, 9.0, 10.0, 12.0, 15.0]"
SimScale,0.5,cn,0,15,True,5,0.05233834125772715,2.9987660607831943,-0.045021042071945405,0.9821136967419586,0.021236531237854572,0.004077920343693864,"[6.0, 9.0, 10.0, 12.0, 15.0]"
SimScale,0.5,pitch,0,15,True,5,-0.009252056768673637,-0.5301038046604456,0.1269845565644429,0.7869886109404745,0.014472371181094122,0.0027790403338410147,"[6.0, 9.0, 10.0, 12.0, 15.0]"
SimScale,0.5,cm,0,15,True,5,-0.0035651742549533856,-0.20426943803752673,0.04893204647998776,0.7869886109404743,0.005576762706176402,0.0010708714072349356,"[6.0, 9.0, 10.0, 12.0, 15.0]"
SimScale,0.5,axial,0,15,True,5,0.00953356614282982,0.546233103692964,41.473243731863036,0.030945895639009624,0.16040285115886496,0.03080117193344971,"[6.0, 9.0, 10.0, 12.0, 15.0]"
SimScale,0.5,ca,0,15,True,5,0.00021237374537763198,0.012168119289524288,0.9238754913259547,0.03094589563900596,0.003573201649781428,0.0006861399131789767,"[6.0, 9.0, 10.0, 12.0, 15.0]"
SimScale,0.5,side,0,15,True,5,0.5083956075403684,29.12892263505248,-0.39064966995167794,0.9835824238193183,0.1974854687881106,0.03792191868507404,"[6.0, 9.0, 10.0, 12.0, 15.0]"
SimScale,0.5,cy,0,15,True,5,0.011325235246633453,0.6488881816248988,-0.008702277017354418,0.9835824238193183,0.004399269699904814,0.0008447646748758871,"[6.0, 9.0, 10.0, 12.0, 15.0]"
SimScale,0.5,normal,0,15,True,5,0.014326924227146626,0.8208722916192305,-0.37753889517467887,0.5094223409392014,0.04227192923123136,0.008117218308795734,"[6.0, 9.0, 10.0, 12.0, 15.0]"
SimScale,0.5,cNormal,0,15,True,5,0.0003191526142763615,0.01828609781860222,-0.00841021586180368,0.5094223409392011,0.0009416673467909985,0.00018082258290969268,"[6.0, 9.0, 10.0, 12.0, 15.0]"
OpenFOAM,0.6,roll,-6,15,False,8,0.03405106068289015,1.9509820650734604,-0.0029841595548961986,0.9992129389123972,0.006146003799546741,0.0003901487461747341,"[-6.0, 0.0, 3.0, 6.0, 9.0, 10.0, 12.0, 15.0]"
OpenFOAM,0.6,cl,-6,15,False,8,0.009113726391150365,0.5221780578499108,-0.0007987067993017738,0.9992129389123972,0.0016449706970856472,0.00010442285359626268,"[-6.0, 0.0, 3.0, 6.0, 9.0, 10.0, 12.0, 15.0]"
OpenFOAM,0.6,yaw,-6,15,False,8,0.19093271631353237,10.939638815734046,-0.016281030299400312,0.9971633958445596,0.06549128898460513,0.004157391553287884,"[-6.0, 0.0, 3.0, 6.0, 9.0, 10.0, 12.0, 15.0]"
OpenFOAM,0.6,cn,-6,15,False,8,0.05110291722792144,2.927981477966283,-0.0043575986339046135,0.9971633958445596,0.017528666562488703,0.0011127209654465727,"[-6.0, 0.0, 3.0, 6.0, 9.0, 10.0, 12.0, 15.0]"
OpenFOAM,0.6,pitch,-6,15,False,8,0.0021183037863446385,0.12136986668412986,-0.06292317862519367,0.09011290750588785,0.04328879302631748,0.002747975574613358,"[-6.0, 0.0, 3.0, 6.0, 9.0, 10.0, 12.0, 15.0]"
OpenFOAM,0.6,cm,-6,15,False,8,0.0005669615199911673,0.032484502241815934,-0.016841314841615152,0.09011290750588796,0.01158619460107548,0.0007354924344302293,"[-6.0, 0.0, 3.0, 6.0, 9.0, 10.0, 12.0, 15.0]"
OpenFOAM,0.6,axial,-6,15,False,8,0.049580761819994316,2.840768397329045,59.60394431775972,0.2881111043398531,0.5012175738474937,0.03181732624567582,"[-6.0, 0.0, 3.0, 6.0, 9.0, 10.0, 12.0, 15.0]"
OpenFOAM,0.6,ca,-6,15,False,8,0.0007671521499226374,0.0439545804349545,0.9222386334693032,0.28811110433985243,0.00775522854513812,0.0004923024442984049,"[-6.0, 0.0, 3.0, 6.0, 9.0, 10.0, 12.0, 15.0]"
OpenFOAM,0.6,side,-6,15,False,8,0.7152701848994993,40.98196280628334,-0.055140955559640936,0.9979956384367412,0.20614880298182497,0.013086340267917308,"[-6.0, 0.0, 3.0, 6.0, 9.0, 10.0, 12.0, 15.0]"
OpenFOAM,0.6,cy,-6,15,False,8,0.011067217202377317,0.6341048366508025,-0.0008531837965690126,0.9979956384367412,0.0031896947849580897,0.00020248204550788978,"[-6.0, 0.0, 3.0, 6.0, 9.0, 10.0, 12.0, 15.0]"
OpenFOAM,0.6,normal,-6,15,False,8,-0.014727817442563603,-0.8438417808980522,0.226630099731502,0.24034777464733503,0.16838861715651401,0.01068932106071205,"[-6.0, 0.0, 3.0, 6.0, 9.0, 10.0, 12.0, 15.0]"
OpenFOAM,0.6,cNormal,-6,15,False,8,-0.00022788025839035178,-0.013056577040117822,0.0035065973547847252,0.24034777464733525,0.00260543979019753,0.00016539349804083989,"[-6.0, 0.0, 3.0, 6.0, 9.0, 10.0, 12.0, 15.0]"
SimScale,0.6,roll,-6,15,False,8,0.03163288269236916,1.8124306721051815,0.005947605189521893,0.9953864739678394,0.013849891614486432,0.0008791920773700704,"[-6.0, 0.0, 3.0, 6.0, 9.0, 10.0, 12.0, 15.0]"
SimScale,0.6,cl,-6,15,False,8,0.008466503892681058,0.4850949402817071,0.001591869542176265,0.9953864739678394,0.0037069072208062446,0.00023531472669936892,"[-6.0, 0.0, 3.0, 6.0, 9.0, 10.0, 12.0, 15.0]"
SimScale,0.6,yaw,-6,15,False,8,0.18210574082521275,10.433890374387904,0.018748363151309677,0.9961267798053473,0.0730279999425849,0.004635822486043578,"[-6.0, 0.0, 3.0, 6.0, 9.0, 10.0, 12.0, 15.0]"
SimScale,0.6,cn,-6,15,False,8,0.048740387607739646,2.792618501755221,0.0050179773732809685,0.9961267798053473,0.019545858396830793,0.0012407724425739573,"[-6.0, 0.0, 3.0, 6.0, 9.0, 10.0, 12.0, 15.0]"
SimScale,0.6,pitch,-6,15,False,8,-0.0039418327211289015,-0.22585037846725486,0.07333098153716476,0.43062063755647695,0.029150003752412845,0.0018504442538469297,"[-6.0, 0.0, 3.0, 6.0, 9.0, 10.0, 12.0, 15.0]"
SimScale,0.6,cm,-6,15,False,8,-0.0010550268972415258,-0.06044858848472182,0.019626951064700096,0.4306206375564767,0.007801964261101196,0.0004952692307793891,"[-6.0, 0.0, 3.0, 6.0, 9.0, 10.0, 12.0, 15.0]"
SimScale,0.6,axial,-6,15,False,8,0.03694949152575503,2.117049919580164,60.77592813378317,0.6038646159621057,0.19246310016890347,0.01221757090702379,"[-6.0, 0.0, 3.0, 6.0, 9.0, 10.0, 12.0, 15.0]"
SimScale,0.6,ca,-6,15,False,8,0.0005717113013600423,0.03275664466786234,0.9403724795647126,0.6038646159620975,0.0029779389354967563,0.0001890397695417412,"[-6.0, 0.0, 3.0, 6.0, 9.0, 10.0, 12.0, 15.0]"
SimScale,0.6,side,-6,15,False,8,0.6823297001000155,39.09461205215808,0.13052323497535223,0.9964308944880154,0.262625783092384,0.016671502870565715,"[-6.0, 0.0, 3.0, 6.0, 9.0, 10.0, 12.0, 15.0]"
SimScale,0.6,cy,-6,15,False,8,0.010557536374455322,0.6049022763121387,0.002019557115514478,0.9964308944880154,0.004063550593593155,0.0002579544726648047,"[-6.0, 0.0, 3.0, 6.0, 9.0, 10.0, 12.0, 15.0]"
SimScale,0.6,normal,-6,15,False,8,0.004948650241156575,0.2835367731046688,-0.32500000250599426,0.19512789721727808,0.06463645044553565,0.004103126343717985,"[-6.0, 0.0, 3.0, 6.0, 9.0, 10.0, 12.0, 15.0]"
SimScale,0.6,cNormal,-6,15,False,8,7.656936949660775e-05,0.004387101712133369,-0.005028653080251617,0.1951278972172784,0.0010001054865329698,6.348676543969701e-05,"[-6.0, 0.0, 3.0, 6.0, 9.0, 10.0, 12.0, 15.0]"
OpenFOAM,0.6,roll,-6,15,True,4,0.03384690178813802,1.9392846220541078,-0.0020114777911321435,0.9905398725343788,0.007578985671095715,0.0023389257567295245,"[9.0, 10.0, 12.0, 15.0]"
OpenFOAM,0.6,cl,-6,15,True,4,0.009059083502800467,0.5190472509670571,-0.0005383696678636501,0.9905398725343788,0.002028506611646399,0.0006260107311945833,"[9.0, 10.0, 12.0, 15.0]"
OpenFOAM,0.6,yaw,-6,15,True,4,0.1983643998116642,11.36544291485402,-0.11826223474507636,0.9981757754235492,0.01943027836690338,0.005996314085418313,"[9.0, 10.0, 12.0, 15.0]"
OpenFOAM,0.6,cn,-6,15,True,4,0.05309199858601357,3.0419474448931125,-0.031652748203940595,0.9981757754235492,0.005200491179671962,0.0016049064209433899,"[9.0, 10.0, 12.0, 15.0]"
OpenFOAM,0.6,pitch,-6,15,True,4,0.018816297452470477,1.0780944300893212,-0.24874886776894764,0.7552297111119084,0.02454446885178989,0.007574587533742799,"[9.0, 10.0, 12.0, 15.0]"
OpenFOAM,0.6,cm,-6,15,True,4,0.005036159909182607,0.28855070774915137,-0.06657734224689682,0.7552297111119084,0.00656929825518549,0.002027329455350493,"[9.0, 10.0, 12.0, 15.0]"
OpenFOAM,0.6,axial,-6,15,True,4,0.255775719708204,14.654869241201201,57.105011634982404,0.6707304850351912,0.4106205744118055,0.12672026039020007,"[9.0, 10.0, 12.0, 15.0]"
OpenFOAM,0.6,ca,-6,15,True,4,0.003957561079528036,0.2267515470221944,0.8835732013594746,0.6707304850351921,0.006353441232027468,0.001960714531778238,"[9.0, 10.0, 12.0, 15.0]"
OpenFOAM,0.6,side,-6,15,True,4,0.7384408633133733,42.30954488785321,-0.3762417164870264,0.998331580428586,0.06916885812554432,0.0213459730436483,"[9.0, 10.0, 12.0, 15.0]"
OpenFOAM,0.6,cy,-6,15,True,4,0.011425731979235812,0.6546462202578688,-0.00582150477520918,0.998331580428586,0.0010702344270415503,0.00033028151467454255,"[9.0, 10.0, 12.0, 15.0]"
OpenFOAM,0.6,normal,-6,15,True,4,-0.08246809838572357,-4.7250739819715974,0.9781098804977446,0.860510371267288,0.07607790360983759,0.02347815077018213,"[9.0, 10.0, 12.0, 15.0]"
OpenFOAM,0.6,cNormal,-6,15,True,4,-0.0012760106269913442,-0.07311002354044599,0.015134077616811115,0.8605103712672881,0.0011771365580824542,0.00036327222854993856,"[9.0, 10.0, 12.0, 15.0]"
SimScale,0.6,roll,-6,15,True,4,0.030498138337923465,1.7474146097691459,0.025602217293457297,0.9898852135417124,0.007063808588739308,0.002179938657466944,"[9.0, 10.0, 12.0, 15.0]"
SimScale,0.6,cl,-6,15,True,4,0.008162790899225994,0.46769346757344754,0.006852403383034444,0.9898852135417123,0.0018906200707450053,0.000583458020843043,"[9.0, 10.0, 12.0, 15.0]"
SimScale,0.6,yaw,-6,15,True,4,0.17145668362265573,9.823744340887995,0.16932195158161045,0.9865479350803064,0.045874300194924916,0.014157116394487121,"[9.0, 10.0, 12.0, 15.0]"
SimScale,0.6,cn,-6,15,True,4,0.04589017995718677,2.6293136326426425,0.04531882143412358,0.9865479350803064,0.012278202557493895,0.0037891355722688646,"[9.0, 10.0, 12.0, 15.0]"
SimScale,0.6,pitch,-6,15,True,4,-0.0061330849882106605,-0.3513998852195131,0.09356355358581109,0.13205785548268212,0.0360264859532012,0.011118014939882388,"[9.0, 10.0, 12.0, 15.0]"
SimScale,0.6,cm,-6,15,True,4,-0.0016415129924075946,-0.09405176648084551,0.025042175205816287,0.13205785548268234,0.009642446644168074,0.0029757236380517304,"[9.0, 10.0, 12.0, 15.0]"
SimScale,0.6,axial,-6,15,True,4,0.0855103530963842,4.899382337096245,60.27503739969801,0.7473478915852709,0.11391958863883411,0.03515634830655114,"[9.0, 10.0, 12.0, 15.0]"
SimScale,0.6,ca,-6,15,True,4,0.0013230827605412324,0.07580705812553075,0.932622308138851,0.7473478915852896,0.00176265257197678,0.000543966393350629,"[9.0, 10.0, 12.0, 15.0]"
SimScale,0.6,side,-6,15,True,4,0.6470016490910363,37.07046383092067,0.6397694109655099,0.9873461117366993,0.16782719145006092,0.0517925957109475,"[9.0, 10.0, 12.0, 15.0]"
SimScale,0.6,cy,-6,15,True,4,0.010010913263206847,0.573583079053291,0.009899010443986458,0.9873461117366993,0.00259675297454732,0.0008013753659933564,"[9.0, 10.0, 12.0, 15.0]"
SimScale,0.6,normal,-6,15,True,4,0.0054620112845264746,0.31295019425619647,-0.3280657688601175,0.020117003259772392,0.08734493228445908,0.02695523130740822,"[9.0, 10.0, 12.0, 15.0]"
SimScale,0.6,cNormal,-6,15,True,4,8.451249125697021e-05,0.0048422090651606626,-0.005076089004255061,0.020117003259772726,0.0013514687981225875,0.00041707232583911474,"[9.0, 10.0, 12.0, 15.0]"
OpenFOAM,0.6,roll,0,10,False,5,0.033543007137615544,1.9218727411625667,0.0015671130785530618,0.9972115704998,0.00659866710947872,0.001024065056255721,"[0.0, 3.0, 6.0, 9.0, 10.0]"
OpenFOAM,0.6,cl,0,10,False,5,0.008977746456580709,0.5143869815006044,0.0004194359745481463,0.9972115704998,0.0017661255002341294,0.00027408980931223315,"[0.0, 3.0, 6.0, 9.0, 10.0]"
OpenFOAM,0.6,yaw,0,10,False,5,0.17417922393138938,9.979734410132679,0.09296345941771667,0.9976192671911844,0.03165463503622291,0.004912568715969785,"[0.0, 3.0, 6.0, 9.0, 10.0]"
OpenFOAM,0.6,cn,0,10,False,5,0.046618864672583714,2.6710641914305793,0.024881560706671357,0.9976192671911844,0.008472325881960499,0.0013148432459130493,"[0.0, 3.0, 6.0, 9.0, 10.0]"
OpenFOAM,0.6,pitch,0,10,False,5,0.002762851769654673,0.15829974582146347,-0.0887293142645346,0.21724579998481475,0.019510241221606665,0.0030278472822893583,"[0.0, 3.0, 6.0, 9.0, 10.0]"
OpenFOAM,0.6,cm,0,10,False,5,0.0007394740305576022,0.042368741010478675,-0.02374829673037742,0.21724579998481441,0.00522189314379896,0.0008103997682174772,"[0.0, 3.0, 6.0, 9.0, 10.0]"
OpenFOAM,0.6,axial,0,10,False,5,-0.0819947770534083,-4.697954667276424,60.21882681864479,0.5968585425309636,0.2506959154665926,0.03890617946260615,"[0.0, 3.0, 6.0, 9.0, 10.0]"
OpenFOAM,0.6,ca,0,10,False,5,-0.0012686870308149139,-0.07269041238867839,0.9317525742638468,0.5968585425309689,0.0038789623932212894,0.000601986700575018,"[0.0, 3.0, 6.0, 9.0, 10.0]"
OpenFOAM,0.6,side,0,10,False,5,0.6625922226073083,37.9637378935915,0.2901116049818162,0.9983837478247645,0.09917910589521982,0.015391874597232692,"[0.0, 3.0, 6.0, 9.0, 10.0]"
OpenFOAM,0.6,cy,0,10,False,5,0.010252142755302137,0.5874045108444356,0.004488832630029416,0.9983837478247645,0.001534576346187567,0.0002381550677150942,"[0.0, 3.0, 6.0, 9.0, 10.0]"
OpenFOAM,0.6,normal,0,10,False,5,-0.014993087571211872,-0.8590406397004904,0.32357973608869106,0.4073137000173881,0.06728326501377967,0.010441872491556555,"[0.0, 3.0, 6.0, 9.0, 10.0]"
OpenFOAM,0.6,cNormal,0,10,False,5,-0.00023198472435724443,-0.013291745617175854,0.005006677612439066,0.4073137000173881,0.0010410590623139721,0.00016156478111809254,"[0.0, 3.0, 6.0, 9.0, 10.0]"
SimScale,0.6,roll,0,10,False,5,0.03265954290449221,1.871253969253838,-0.005559454736322189,0.9881561350651237,0.01330185117803669,0.002064350383030229,"[0.0, 3.0, 6.0, 9.0, 10.0]"
SimScale,0.6,cl,0,10,False,5,0.008741288292412587,0.5008389266623594,-0.0014879815293473292,0.9881561350651237,0.003560224841787159,0.0005525209549744661,"[0.0, 3.0, 6.0, 9.0, 10.0]"
SimScale,0.6,yaw,0,10,False,5,0.18862743380752814,10.807555857554663,-0.037898221164460955,0.9875464995656457,0.07880247259346163,0.01222956957680022,"[0.0, 3.0, 6.0, 9.0, 10.0]"
SimScale,0.6,cn,0,10,False,5,0.05048591107326192,2.892629629370696,-0.01014341437468802,0.9875464995656457,0.02109138921842177,0.0032732299308519995,"[0.0, 3.0, 6.0, 9.0, 10.0]"
SimScale,0.6,pitch,0,10,False,5,-0.006319304119757786,-0.3620694555217549,0.09183150589591785,0.5048257142414836,0.023283357649209326,0.0036134074602140694,"[0.0, 3.0, 6.0, 9.0, 10.0]"
SimScale,0.6,cm,0,10,False,5,-0.001691354324209952,-0.09690746443843176,0.024578594676295723,0.5048257142414838,0.006231763323273398,0.0009671242619669675,"[0.0, 3.0, 6.0, 9.0, 10.0]"
SimScale,0.6,axial,0,10,False,5,0.038284462004408736,2.1935380937815805,60.6586433593104,0.5198953434458428,0.13686758014696937,0.021240851195759594,"[0.0, 3.0, 6.0, 9.0, 10.0]"
SimScale,0.6,ca,0,10,False,5,0.0005923670039993142,0.03394012925196986,0.9385577582174159,0.519895343445842,0.002117721763648136,0.00032865498759727767,"[0.0, 3.0, 6.0, 9.0, 10.0]"
SimScale,0.6,side,0,10,False,5,0.7054679790945467,40.42033778374092,-0.07697930011227205,0.9887196270168481,0.28033059790999176,0.043505266253925944,"[0.0, 3.0, 6.0, 9.0, 10.0]"
SimScale,0.6,cy,0,10,False,5,0.010915549842271909,0.6254149370268718,-0.0011910836665856642,0.9887196270168481,0.004337493273228073,0.0006731473522094398,"[0.0, 3.0, 6.0, 9.0, 10.0]"
SimScale,0.6,normal,0,10,False,5,0.011029167157578946,0.6319247296735722,-0.35526228601031884,0.4571672562565291,0.04471015995104195,0.006938691057728332,"[0.0, 3.0, 6.0, 9.0, 10.0]"
SimScale,0.6,cNormal,0,10,False,5,0.00017065186145205158,0.00977763142725382,-0.005496894692516413,0.4571672562565291,0.0006917904056083903,0.00010736083043481326,"[0.0, 3.0, 6.0, 9.0, 10.0]"
OpenFOAM,0.6,roll,0,15,False,7,0.033647370961723315,1.9278523478177878,0.0008654589201483875,0.9986463480823691,0.005975209876100687,0.000554005117480498,"[0.0, 3.0, 6.0, 9.0, 10.0, 12.0, 15.0]"
OpenFOAM,0.6,cl,0,15,False,7,0.009005679311504382,0.5159874161974821,0.00023163906330167516,0.9986463480823691,0.0015992579041111668,0.0001482788188901086,"[0.0, 3.0, 6.0, 9.0, 10.0, 12.0, 15.0]"
OpenFOAM,0.6,yaw,0,15,False,7,0.1831103278542844,10.491448971307296,0.058313911193428325,0.9973172480356781,0.045807946309953565,0.004247187496876224,"[0.0, 3.0, 6.0, 9.0, 10.0, 12.0, 15.0]"
OpenFOAM,0.6,cn,0,15,False,7,0.049009264145957375,2.808023992605184,0.015607649828123904,0.9973172480356781,0.012260443018128883,0.0011367547442624735,"[0.0, 3.0, 6.0, 9.0, 10.0, 12.0, 15.0]"
OpenFOAM,0.6,pitch,0,15,False,7,0.006853751438114464,0.3926910312356772,-0.10808079798485438,0.4951609252183894,0.03337997705871741,0.0030949001784652042,"[0.0, 3.0, 6.0, 9.0, 10.0, 12.0, 15.0]"
OpenFOAM,0.6,cm,0,15,False,7,0.001834398521139602,0.10510329320633893,-0.02892769861545332,0.4951609252183895,0.008934111647479098,0.0008283463971102426,"[0.0, 3.0, 6.0, 9.0, 10.0, 12.0, 15.0]"
OpenFOAM,0.6,axial,0,15,False,7,0.03322165691774338,1.9034607298182906,59.759946091312116,0.08544226337066885,0.5242577586119481,0.04860774553067443,"[0.0, 3.0, 6.0, 9.0, 10.0, 12.0, 15.0]"
OpenFOAM,0.6,ca,0,15,False,7,0.0005140313418532676,0.029451826425638664,0.9246524143709955,0.08544226337066507,0.00811172422265187,0.0007520968843143483,"[0.0, 3.0, 6.0, 9.0, 10.0, 12.0, 15.0]"
OpenFOAM,0.6,side,0,15,False,7,0.6904898307323033,39.56215309766358,0.18116654551929035,0.9981611869165057,0.1429486722424015,0.01325380992491825,"[0.0, 3.0, 6.0, 9.0, 10.0, 12.0, 15.0]"
OpenFOAM,0.6,cy,0,15,False,7,0.010683796268987331,0.6121364353905897,0.0028031498465829058,0.9981611869165057,0.002211813155221041,0.00020507326643106775,"[0.0, 3.0, 6.0, 9.0, 10.0, 12.0, 15.0]"
OpenFOAM,0.6,normal,0,15,False,7,-0.03381862653687561,-1.9376645694921,0.40868162975458044,0.6288071917545606,0.12532894331231142,0.011620156848574897,"[0.0, 3.0, 6.0, 9.0, 10.0, 12.0, 15.0]"
OpenFOAM,0.6,cNormal,0,15,False,7,-0.0005232681205945591,-0.02998105486381083,0.006323440370649589,0.6288071917545607,0.0019391869906847496,0.00017979611408930785,"[0.0, 3.0, 6.0, 9.0, 10.0, 12.0, 15.0]"
SimScale,0.6,roll,0,15,False,7,0.032841300322978134,1.8816679022282743,-0.005575964999274985,0.9939664266595962,0.012341733671106974,0.0011442917912762236,"[0.0, 3.0, 6.0, 9.0, 10.0, 12.0, 15.0]"
SimScale,0.6,cl,0,15,False,7,0.008789935451955399,0.5036262035894621,-0.001492400481831621,0.9939664266595961,0.00330325051893126,0.0003062683537071446,"[0.0, 3.0, 6.0, 9.0, 10.0, 12.0, 15.0]"
SimScale,0.6,yaw,0,15,False,7,0.18709732840031892,10.719887275511427,-0.02885182764222849,0.9939545754076803,0.07038046103380123,0.006525483856109765,"[0.0, 3.0, 6.0, 9.0, 10.0, 12.0, 15.0]"
SimScale,0.6,cn,0,15,False,7,0.050076380158475126,2.869165236373281,-0.007722157775485183,0.9939545754076803,0.018837247718024436,0.0017465380884401117,"[0.0, 3.0, 6.0, 9.0, 10.0, 12.0, 15.0]"
SimScale,0.6,pitch,0,15,False,7,-0.006055884705364844,-0.34697663483523156,0.09349075561364154,0.5268205238922612,0.02768302790733983,0.002566694634336435,"[0.0, 3.0, 6.0, 9.0, 10.0, 12.0, 15.0]"
SimScale,0.6,cm,0,15,False,7,-0.0016208504273929982,-0.09286788871159449,0.02502269091408269,0.5268205238922612,0.007409329899460298,0.0006869728037203256,"[0.0, 3.0, 6.0, 9.0, 10.0, 12.0, 15.0]"
SimScale,0.6,axial,0,15,False,7,0.05802311229592859,3.32447944877034,60.57496834808822,0.7808180433787619,0.14828010513880677,0.013748125801574937,"[0.0, 3.0, 6.0, 9.0, 10.0, 12.0, 15.0]"
SimScale,0.6,ca,0,15,False,7,0.0008977787696088577,0.051438934435035444,0.9372630732953295,0.7808180433787604,0.0022943052359901007,0.00021272170654368478,"[0.0, 3.0, 6.0, 9.0, 10.0, 12.0, 15.0]"
SimScale,0.6,side,0,15,False,7,0.7011938100513456,40.17544593664003,-0.04936647332341426,0.9945640151809023,0.25004329080511134,0.023183330053687605,"[0.0, 3.0, 6.0, 9.0, 10.0, 12.0, 15.0]"
SimScale,0.6,cy,0,15,False,7,0.010849416571013818,0.6216257796983894,-0.0007638365114608636,0.9945640151809023,0.0038688644763323747,0.0003587105328801216,"[0.0, 3.0, 6.0, 9.0, 10.0, 12.0, 15.0]"
SimScale,0.6,normal,0,15,False,7,0.00740170320806756,0.424086355030713,-0.3483925179121042,0.22076226237661056,0.06707468207744131,0.0062189810725995255,"[0.0, 3.0, 6.0, 9.0, 10.0, 12.0, 15.0]"
SimScale,0.6,cNormal,0,15,False,7,0.00011452491492110284,0.00656179427407402,-0.005390600291773864,0.22076226237661,0.0010378317047225324,9.62249171865078e-05,"[0.0, 3.0, 6.0, 9.0, 10.0, 12.0, 15.0]"
OpenFOAM,0.6,roll,0,15,True,4,0.03384690178813802,1.9392846220541078,-0.0020114777911321435,0.9905398725343788,0.007578985671095715,0.0023389257567295245,"[9.0, 10.0, 12.0, 15.0]"
OpenFOAM,0.6,cl,0,15,True,4,0.009059083502800467,0.5190472509670571,-0.0005383696678636501,0.9905398725343788,0.002028506611646399,0.0006260107311945833,"[9.0, 10.0, 12.0, 15.0]"
OpenFOAM,0.6,yaw,0,15,True,4,0.1983643998116642,11.36544291485402,-0.11826223474507636,0.9981757754235492,0.01943027836690338,0.005996314085418313,"[9.0, 10.0, 12.0, 15.0]"
OpenFOAM,0.6,cn,0,15,True,4,0.05309199858601357,3.0419474448931125,-0.031652748203940595,0.9981757754235492,0.005200491179671962,0.0016049064209433899,"[9.0, 10.0, 12.0, 15.0]"
OpenFOAM,0.6,pitch,0,15,True,4,0.018816297452470477,1.0780944300893212,-0.24874886776894764,0.7552297111119084,0.02454446885178989,0.007574587533742799,"[9.0, 10.0, 12.0, 15.0]"
OpenFOAM,0.6,cm,0,15,True,4,0.005036159909182607,0.28855070774915137,-0.06657734224689682,0.7552297111119084,0.00656929825518549,0.002027329455350493,"[9.0, 10.0, 12.0, 15.0]"
OpenFOAM,0.6,axial,0,15,True,4,0.255775719708204,14.654869241201201,57.105011634982404,0.6707304850351912,0.4106205744118055,0.12672026039020007,"[9.0, 10.0, 12.0, 15.0]"
OpenFOAM,0.6,ca,0,15,True,4,0.003957561079528036,0.2267515470221944,0.8835732013594746,0.6707304850351921,0.006353441232027468,0.001960714531778238,"[9.0, 10.0, 12.0, 15.0]"
OpenFOAM,0.6,side,0,15,True,4,0.7384408633133733,42.30954488785321,-0.3762417164870264,0.998331580428586,0.06916885812554432,0.0213459730436483,"[9.0, 10.0, 12.0, 15.0]"
OpenFOAM,0.6,cy,0,15,True,4,0.011425731979235812,0.6546462202578688,-0.00582150477520918,0.998331580428586,0.0010702344270415503,0.00033028151467454255,"[9.0, 10.0, 12.0, 15.0]"
OpenFOAM,0.6,normal,0,15,True,4,-0.08246809838572357,-4.7250739819715974,0.9781098804977446,0.860510371267288,0.07607790360983759,0.02347815077018213,"[9.0, 10.0, 12.0, 15.0]"
OpenFOAM,0.6,cNormal,0,15,True,4,-0.0012760106269913442,-0.07311002354044599,0.015134077616811115,0.8605103712672881,0.0011771365580824542,0.00036327222854993856,"[9.0, 10.0, 12.0, 15.0]"
SimScale,0.6,roll,0,15,True,4,0.030498138337923465,1.7474146097691459,0.025602217293457297,0.9898852135417124,0.007063808588739308,0.002179938657466944,"[9.0, 10.0, 12.0, 15.0]"
SimScale,0.6,cl,0,15,True,4,0.008162790899225994,0.46769346757344754,0.006852403383034444,0.9898852135417123,0.0018906200707450053,0.000583458020843043,"[9.0, 10.0, 12.0, 15.0]"
SimScale,0.6,yaw,0,15,True,4,0.17145668362265573,9.823744340887995,0.16932195158161045,0.9865479350803064,0.045874300194924916,0.014157116394487121,"[9.0, 10.0, 12.0, 15.0]"
SimScale,0.6,cn,0,15,True,4,0.04589017995718677,2.6293136326426425,0.04531882143412358,0.9865479350803064,0.012278202557493895,0.0037891355722688646,"[9.0, 10.0, 12.0, 15.0]"
SimScale,0.6,pitch,0,15,True,4,-0.0061330849882106605,-0.3513998852195131,0.09356355358581109,0.13205785548268212,0.0360264859532012,0.011118014939882388,"[9.0, 10.0, 12.0, 15.0]"
SimScale,0.6,cm,0,15,True,4,-0.0016415129924075946,-0.09405176648084551,0.025042175205816287,0.13205785548268234,0.009642446644168074,0.0029757236380517304,"[9.0, 10.0, 12.0, 15.0]"
SimScale,0.6,axial,0,15,True,4,0.0855103530963842,4.899382337096245,60.27503739969801,0.7473478915852709,0.11391958863883411,0.03515634830655114,"[9.0, 10.0, 12.0, 15.0]"
SimScale,0.6,ca,0,15,True,4,0.0013230827605412324,0.07580705812553075,0.932622308138851,0.7473478915852896,0.00176265257197678,0.000543966393350629,"[9.0, 10.0, 12.0, 15.0]"
SimScale,0.6,side,0,15,True,4,0.6470016490910363,37.07046383092067,0.6397694109655099,0.9873461117366993,0.16782719145006092,0.0517925957109475,"[9.0, 10.0, 12.0, 15.0]"
SimScale,0.6,cy,0,15,True,4,0.010010913263206847,0.573583079053291,0.009899010443986458,0.9873461117366993,0.00259675297454732,0.0008013753659933564,"[9.0, 10.0, 12.0, 15.0]"
SimScale,0.6,normal,0,15,True,4,0.0054620112845264746,0.31295019425619647,-0.3280657688601175,0.020117003259772392,0.08734493228445908,0.02695523130740822,"[9.0, 10.0, 12.0, 15.0]"
SimScale,0.6,cNormal,0,15,True,4,8.451249125697021e-05,0.0048422090651606626,-0.005076089004255061,0.020117003259772726,0.0013514687981225875,0.00041707232583911474,"[9.0, 10.0, 12.0, 15.0]"
OpenFOAM,0.7,roll,-6,15,False,8,0.04863682168863157,2.7866846116889348,-0.0036036570017021763,0.9994485173278801,0.007347471196496498,0.0004664179796113192,"[-6.0, 0.0, 3.0, 6.0, 9.0, 10.0, 12.0, 15.0]"
OpenFOAM,0.7,cl,-6,15,False,8,0.009565285263989533,0.5480504754652797,-0.0007087224456303678,0.9994485173278801,0.0014450092650660018,9.172928806486449e-05,"[-6.0, 0.0, 3.0, 6.0, 9.0, 10.0, 12.0, 15.0]"
OpenFOAM,0.7,yaw,-6,15,False,8,0.27479821949216743,15.744778194610827,-0.0522448532487465,0.999396030906389,0.04344496439828899,0.0027578893441049363,"[-6.0, 0.0, 3.0, 6.0, 9.0, 10.0, 12.0, 15.0]"
OpenFOAM,0.7,cn,-6,15,False,8,0.05404389654214154,3.0964871803063736,-0.010274868043368524,0.999396030906389,0.008544215335736828,0.0005423873803219092,"[-6.0, 0.0, 3.0, 6.0, 9.0, 10.0, 12.0, 15.0]"
OpenFOAM,0.7,pitch,-6,15,False,8,0.00011812464307966037,0.006768043504953767,-0.00851131500205225,0.0002621889613660944,0.04690977504318591,0.002977835763425259,"[-6.0, 0.0, 3.0, 6.0, 9.0, 10.0, 12.0, 15.0]"
OpenFOAM,0.7,cm,-6,15,False,8,2.323128585575323e-05,0.001331054632196625,-0.0016738995917024125,0.00026218896136598335,0.009225631206541834,0.0005856437069186719,"[-6.0, 0.0, 3.0, 6.0, 9.0, 10.0, 12.0, 15.0]"
OpenFOAM,0.7,axial,-6,15,False,8,0.06725463912296298,3.853406974421207,84.20708863851556,0.32078877790988025,0.6293642548287298,0.0399520864153604,"[-6.0, 0.0, 3.0, 6.0, 9.0, 10.0, 12.0, 15.0]"
OpenFOAM,0.7,ca,-6,15,False,8,0.0007646416591457406,0.0438107399089318,0.9573800232674637,0.32078877790988014,0.007155463686890151,0.00045422932962470926,"[-6.0, 0.0, 3.0, 6.0, 9.0, 10.0, 12.0, 15.0]"
OpenFOAM,0.7,side,-6,15,False,8,1.023884265223723,58.66424710717274,-0.16656369023344286,0.9995927440470707,0.13291072460325887,0.008437181988231289,"[-6.0, 0.0, 3.0, 6.0, 9.0, 10.0, 12.0, 15.0]"
OpenFOAM,0.7,cy,-6,15,False,8,0.011640900516951517,0.6669744693529801,-0.0018937212081486382,0.9995927440470707,0.0015111087993958082,9.592529107472425e-05,"[-6.0, 0.0, 3.0, 6.0, 9.0, 10.0, 12.0, 15.0]"
OpenFOAM,0.7,normal,-6,15,False,8,-0.011973925934811657,-0.6860554202669469,0.07077486607590353,0.17317509655187657,0.16826260424538714,0.010681321752400264,"[-6.0, 0.0, 3.0, 6.0, 9.0, 10.0, 12.0, 15.0]"
OpenFOAM,0.7,cNormal,-6,15,False,8,-0.00013613577758618206,-0.007800005496419901,0.0008046643581441677,0.17317509655187668,0.001913036759399506,0.00012143970576798819,"[-6.0, 0.0, 3.0, 6.0, 9.0, 10.0, 12.0, 15.0]"
SimScale,0.7,roll,-6,15,False,8,0.045276343112897945,2.5941433721552642,0.0065860025771419806,0.997459546808548,0.014694887956149288,0.0009328325035680356,"[-6.0, 0.0, 3.0, 6.0, 9.0, 10.0, 12.0, 15.0]"
SimScale,0.7,cl,-6,15,False,8,0.008904388127120681,0.5101838588304146,0.0012952530862940584,0.997459546808548,0.0028900078241705274,0.00018345789651455412,"[-6.0, 0.0, 3.0, 6.0, 9.0, 10.0, 12.0, 15.0]"
SimScale,0.7,yaw,-6,15,False,8,0.2620343826058902,15.013464210633739,0.008235544361935299,0.998532518774378,0.06460266511106177,0.004100981648349419,"[-6.0, 0.0, 3.0, 6.0, 9.0, 10.0, 12.0, 15.0]"
SimScale,0.7,cn,-6,15,False,8,0.051533663828707235,2.9526614402309157,0.0016196644515643621,0.998532518774378,0.012705248804235248,0.0008065300726263769,"[-6.0, 0.0, 3.0, 6.0, 9.0, 10.0, 12.0, 15.0]"
SimScale,0.7,pitch,-6,15,False,8,-0.0040044483930264645,-0.22943799219836114,0.04929190569357014,0.2609786061970363,0.04333668991219383,0.002751016072240729,"[-6.0, 0.0, 3.0, 6.0, 9.0, 10.0, 12.0, 15.0]"
SimScale,0.7,cm,-6,15,False,8,-0.0007875451124137857,-0.045123011117465896,0.009694119039749571,0.2609786061970363,0.008522921256264648,0.0005410356306845875,"[-6.0, 0.0, 3.0, 6.0, 9.0, 10.0, 12.0, 15.0]"
SimScale,0.7,axial,-6,15,False,8,0.05277204922827577,3.0236156970368144,85.9407966169293,0.6260518411743394,0.26229589488672583,0.01665056154445966,"[-6.0, 0.0, 3.0, 6.0, 9.0, 10.0, 12.0, 15.0]"
SimScale,0.7,ca,-6,15,False,8,0.0005999839981990526,0.0343765508721905,0.9770911593671571,0.6260518411743468,0.002982134331084727,0.00018930609354376578,"[-6.0, 0.0, 3.0, 6.0, 9.0, 10.0, 12.0, 15.0]"
SimScale,0.7,side,-6,15,False,8,0.9773382665402215,55.99735782938661,0.1446586917691377,0.9986163850353122,0.2339592220204167,0.01485174759150222,"[-6.0, 0.0, 3.0, 6.0, 9.0, 10.0, 12.0, 15.0]"
SimScale,0.7,cy,-6,15,False,8,0.01111170267834775,0.636653666673539,0.0016446755722229478,0.9986163850353122,0.002659964725571742,0.00016885474470864641,"[-6.0, 0.0, 3.0, 6.0, 9.0, 10.0, 12.0, 15.0]"
SimScale,0.7,normal,-6,15,False,8,0.002835778819735035,0.16247815800340737,-0.33796779042939146,0.0336164293154021,0.09778186501003158,0.00620719955218778,"[-6.0, 0.0, 3.0, 6.0, 9.0, 10.0, 12.0, 15.0]"
SimScale,0.7,cNormal,-6,15,False,8,3.2240967314211705e-05,0.0018472713545235678,-0.003842474740504792,0.033616429315401986,0.0011117164328089792,7.057183602689254e-05,"[-6.0, 0.0, 3.0, 6.0, 9.0, 10.0, 12.0, 15.0]"
OpenFOAM,0.7,roll,-6,15,True,5,0.048871486491013416,2.8001299144656864,-0.004974314459847473,0.9995390105887062,0.0076090217899283715,0.0006059552075810985,"[-6.0, 6.0, 9.0, 12.0, 15.0]"
OpenFOAM,0.7,cl,-6,15,True,5,0.009611436219135615,0.5506947304156478,-0.0009782863096161193,0.9995390105887062,0.0014964477832561432,0.00011917173483949074,"[-6.0, 6.0, 9.0, 12.0, 15.0]"
OpenFOAM,0.7,yaw,-6,15,True,5,0.2766746622270977,15.852290443820314,-0.06548054833725092,0.9998716916266117,0.022722307348817066,0.0018095230696406747,"[-6.0, 6.0, 9.0, 12.0, 15.0]"
OpenFOAM,0.7,cn,-6,15,True,5,0.05441293196464621,3.1176313525067183,-0.012877899960199501,0.9998716916266117,0.004468740844928284,0.00035587449491850424,"[-6.0, 6.0, 9.0, 12.0, 15.0]"
OpenFOAM,0.7,pitch,-6,15,True,5,0.00043079210032629143,0.024682569196272833,-0.0033547578901021984,0.0060415738660341,0.040059403123366824,0.0031901872021611283,"[-6.0, 6.0, 9.0, 12.0, 15.0]"
OpenFOAM,0.7,cm,-6,15,True,5,8.472283315456325e-05,0.004854260768147517,-0.0006597720635587451,0.006041573866033989,0.007878385245508792,0.0006274063471818609,"[-6.0, 6.0, 9.0, 12.0, 15.0]"
OpenFOAM,0.7,axial,-6,15,True,5,0.10542646138453711,6.040491286332926,83.98019519483772,0.8579471514873664,0.31100832417732444,0.024767587587378206,"[-6.0, 6.0, 9.0, 12.0, 15.0]"
OpenFOAM,0.7,ca,-6,15,True,5,0.0011986305391297936,0.06867647108762764,0.9548003918623212,0.8579471514873654,0.0035359630816291223,0.0002815914190131194,"[-6.0, 6.0, 9.0, 12.0, 15.0]"
OpenFOAM,0.7,side,-6,15,True,5,1.030076909077097,59.01905946399869,-0.20811601700380056,0.9999069722022194,0.07203173935748933,0.005736349399415495,"[-6.0, 6.0, 9.0, 12.0, 15.0]"
OpenFOAM,0.7,cy,-6,15,True,5,0.011711306864116434,0.6710084558964627,-0.002366144233495057,0.9999069722022192,0.0008189541927771524,6.521857494751135e-05,"[-6.0, 6.0, 9.0, 12.0, 15.0]"
OpenFOAM,0.7,normal,-6,15,True,5,-0.012431030428690325,-0.7122455785626581,0.03739464284732125,0.2243578416314279,0.16756946543596374,0.013344631283209793,"[-6.0, 6.0, 9.0, 12.0, 15.0]"
OpenFOAM,0.7,cNormal,-6,15,True,5,-0.0001413327594324949,-0.008097770622419733,0.0004251528537334079,0.2243578416314279,0.0019051562203591167,0.0001517198090443367,"[-6.0, 6.0, 9.0, 12.0, 15.0]"
SimScale,0.7,roll,-6,15,True,5,0.04506732030565836,2.582167247478459,0.01057589310624818,0.9969685693382234,0.01801658604336681,0.0014347763007147114,"[-6.0, 6.0, 9.0, 12.0, 15.0]"
SimScale,0.7,cl,-6,15,True,5,0.008863280120706812,0.5078285435587032,0.0020799351390670823,0.9969685693382234,0.003543278096814818,0.00028217396058911724,"[-6.0, 6.0, 9.0, 12.0, 15.0]"
SimScale,0.7,yaw,-6,15,True,5,0.2616227552781849,14.989879702023979,0.016568761080941297,0.9982944719978011,0.07839769380670855,0.006243311181918784,"[-6.0, 6.0, 9.0, 12.0, 15.0]"
SimScale,0.7,cn,-6,15,True,5,0.05145271008470724,2.948023132363933,0.0032585378877077464,0.9982944719978011,0.015418283499296874,0.001227856804238251,"[-6.0, 6.0, 9.0, 12.0, 15.0]"
SimScale,0.7,pitch,-6,15,True,5,-0.003366189788743316,-0.1928684679350262,0.03675153685835553,0.21739578246683366,0.046303285859477496,0.00368742763121076,"[-6.0, 6.0, 9.0, 12.0, 15.0]"
SimScale,0.7,cm,-6,15,True,5,-0.0006620203472215085,-0.03793097184757775,0.007227835243649675,0.21739578246683378,0.00910635445591791,0.000725197411308076,"[-6.0, 6.0, 9.0, 12.0, 15.0]"
SimScale,0.7,axial,-6,15,True,5,0.04833804215477533,2.769565805394086,86.08437101492068,0.6569254384249643,0.25325204042288224,0.020168084276997317,"[-6.0, 6.0, 9.0, 12.0, 15.0]"
SimScale,0.7,ca,-6,15,True,5,0.0005495722114500891,0.03148816825376136,0.978723507221857,0.6569254384249572,0.0028793115671463393,0.0002292980473088174,"[-6.0, 6.0, 9.0, 12.0, 15.0]"
SimScale,0.7,side,-6,15,True,5,0.9756437866704113,55.900271284376615,0.18551235786289055,0.9984045619558266,0.282751980095341,0.02251735367868514,"[-6.0, 6.0, 9.0, 12.0, 15.0]"
SimScale,0.7,cy,-6,15,True,5,0.011092437540419171,0.6355498555784941,0.0021091552784778395,0.9984045619558266,0.003214706762332865,0.00025600771784622657,"[-6.0, 6.0, 9.0, 12.0, 15.0]"
SimScale,0.7,normal,-6,15,True,5,0.002295853146580727,0.13154269568090562,-0.3363473483983866,0.02513537584242964,0.10365762334889483,0.00825492138252034,"[-6.0, 6.0, 9.0, 12.0, 15.0]"
SimScale,0.7,cNormal,-6,15,True,5,2.6102362335880465e-05,0.0014955551971671916,-0.00382405136481956,0.02513537584242964,0.0011785199970471792,9.385310611075562e-05,"[-6.0, 6.0, 9.0, 12.0, 15.0]"
OpenFOAM,0.7,roll,0,10,False,5,0.04836227736284638,2.7709543805321784,0.0013906739410718405,0.9983955733014628,0.007212459795196701,0.0011193212088696674,"[0.0, 3.0, 6.0, 9.0, 10.0]"
OpenFOAM,0.7,cl,0,10,False,5,0.009511291300104368,0.5449568492154779,0.00027350045693176617,0.9983955733014628,0.001418456901599677,0.0002201341759832677,"[0.0, 3.0, 6.0, 9.0, 10.0]"
OpenFOAM,0.7,yaw,0,10,False,5,0.26821853910461096,15.367790277858838,-0.017034155768591352,0.9981495408512054,0.042963413872075994,0.0066676087933947945,"[0.0, 3.0, 6.0, 9.0, 10.0]"
OpenFOAM,0.7,cn,0,10,False,5,0.05274988682547526,3.0223458848924767,-0.00335006592743492,0.9981495408512054,0.008449509966587913,0.0013113023820882945,"[0.0, 3.0, 6.0, 9.0, 10.0]"
OpenFOAM,0.7,pitch,0,10,False,5,2.574916521224089e-06,0.0001475318492646484,-0.01591637864084251,3.452689478766757e-08,0.051552820591596354,0.00800062213222403,"[0.0, 3.0, 6.0, 9.0, 10.0]"
OpenFOAM,0.7,cm,0,10,False,5,5.064025608855354e-07,2.9014729473357882e-05,-0.0031302354221249295,3.4526894454600665e-08,0.01013876766616834,0.0015734628688123926,"[0.0, 3.0, 6.0, 9.0, 10.0]"
OpenFOAM,0.7,axial,0,10,False,5,-0.10011947030044027,-5.736423095300619,84.98655638214554,0.644907053915051,0.27638154945333177,0.04289240270696554,"[0.0, 3.0, 6.0, 9.0, 10.0]"
OpenFOAM,0.7,ca,0,10,False,5,-0.001138293489960649,-0.06521941282196234,0.9662420663400628,0.6449070539150521,0.003142279094604643,0.00048765882024342437,"[0.0, 3.0, 6.0, 9.0, 10.0]"
OpenFOAM,0.7,side,0,10,False,5,1.0033780458091732,57.48932728094981,-0.048657505297223125,0.9988049793420788,0.12911598014692816,0.020037859355375463,"[0.0, 3.0, 6.0, 9.0, 10.0]"
OpenFOAM,0.7,cy,0,10,False,5,0.011407758092273864,0.6536163923935039,-0.0005532043003358827,0.9988049793420788,0.0014679650142984267,0.00022781747434864996,"[0.0, 3.0, 6.0, 9.0, 10.0]"
OpenFOAM,0.7,normal,0,10,False,5,-0.009690381834361113,-0.5552179809791326,0.11983018848317552,0.05052164785644497,0.156283351145825,0.024254037387805887,"[0.0, 3.0, 6.0, 9.0, 10.0]"
OpenFOAM,0.7,cNormal,0,10,False,5,-0.00011017336112731797,-0.006312468607366005,0.0013623915811963347,0.050521647856445084,0.0017768404154026426,0.0002757526860754899,"[0.0, 3.0, 6.0, 9.0, 10.0]"
SimScale,0.7,roll,0,10,False,5,0.046179413950571235,2.645885519755287,-0.00445638111377894,0.9946190802131171,0.012636195257227482,0.0019610454342154546,"[0.0, 3.0, 6.0, 9.0, 10.0]"
SimScale,0.7,cl,0,10,False,5,0.009081992869289804,0.5203598609782145,-0.000876425619898473,0.9946190802131171,0.002485129745126919,0.00038567402931881004,"[0.0, 3.0, 6.0, 9.0, 10.0]"
SimScale,0.7,yaw,0,10,False,5,0.2655121439874259,15.21272525994932,-0.029047992676538126,0.9956859892880854,0.06501773652371583,0.010090278976967298,"[0.0, 3.0, 6.0, 9.0, 10.0]"
SimScale,0.7,cn,0,10,False,5,0.05221762668934481,2.991849625489143,-0.0057127979717949695,0.9956859892880854,0.012786879888033866,0.0019844305909999136,"[0.0, 3.0, 6.0, 9.0, 10.0]"
SimScale,0.7,pitch,0,10,False,5,-0.007130408364945033,-0.4085423055161284,0.08150540485981793,0.26799288317475345,0.04384079987613322,0.0068037727084242685,"[0.0, 3.0, 6.0, 9.0, 10.0]"
SimScale,0.7,cm,0,10,False,5,-0.0014023200466526083,-0.08034702019978317,0.01602946946311969,0.26799288317475367,0.00862206333508652,0.0013380814076228314,"[0.0, 3.0, 6.0, 9.0, 10.0]"
SimScale,0.7,axial,0,10,False,5,0.05887553614453671,3.373319737651884,85.75019800700943,0.6381979949349463,0.16491520047339922,0.02559363751016022,"[0.0, 3.0, 6.0, 9.0, 10.0]"
SimScale,0.7,ca,0,10,False,5,0.0006693766887715404,0.03835245917105131,0.9749241766991878,0.6381979949349481,0.001874978947961937,0.0002909830712728009,"[0.0, 3.0, 6.0, 9.0, 10.0]"
SimScale,0.7,side,0,10,False,5,0.990054764991154,56.725959520809695,0.0027132977047052975,0.9960259943115021,0.23265166726407868,0.03610584361537784,"[0.0, 3.0, 6.0, 9.0, 10.0]"
SimScale,0.7,cy,0,10,False,5,0.011256281024181523,0.6449373956987969,3.0848436416264224e-05,0.9960259943115021,0.0026450986754174557,0.0004105000417360492,"[0.0, 3.0, 6.0, 9.0, 10.0]"
SimScale,0.7,normal,0,10,False,5,0.008945268185771085,0.51252611365733,-0.38757549971056166,0.07964625906629841,0.11312435357776916,0.01755607542985478,"[0.0, 3.0, 6.0, 9.0, 10.0]"
SimScale,0.7,cNormal,0,10,False,5,0.00010170190185045917,0.005827089744485048,-0.004406482244311653,0.07964625906629819,0.001286150584368554,0.000199601199557824,"[0.0, 3.0, 6.0, 9.0, 10.0]"
OpenFOAM,0.7,roll,0,15,False,7,0.047961864098139385,2.748012390403413,0.002832794247836723,0.9992377515483735,0.006389462101371611,0.0005924134508255255,"[0.0, 3.0, 6.0, 9.0, 10.0, 12.0, 15.0]"
OpenFOAM,0.7,cl,0,15,False,7,0.009432542998561819,0.5404449038932664,0.000557118745304036,0.9992377515483735,0.0012565999496088629,0.00011650851052002697,"[0.0, 3.0, 6.0, 9.0, 10.0, 12.0, 15.0]"
OpenFOAM,0.7,yaw,0,15,False,7,0.2727091578577804,15.625083779817746,-0.03232338920948852,0.9988701372060713,0.044239727889515815,0.004101786574019157,"[0.0, 3.0, 6.0, 9.0, 10.0, 12.0, 15.0]"
OpenFOAM,0.7,cn,0,15,False,7,0.05363304587852511,3.0729471712710033,-0.006356962230531393,0.9988701372060713,0.008700519535868506,0.0008066883753974062,"[0.0, 3.0, 6.0, 9.0, 10.0, 12.0, 15.0]"
OpenFOAM,0.7,pitch,0,15,False,7,0.0020056382426670554,0.1149146065348575,-0.026510800358942356,0.03827291034775926,0.048493906216237496,0.004496222353271896,"[0.0, 3.0, 6.0, 9.0, 10.0, 12.0, 15.0]"
OpenFOAM,0.7,cm,0,15,False,7,0.00039444398834887807,0.02259997578669813,-0.005213814538157469,0.03827291034775948,0.00953717842611187,0.0008842610994341489,"[0.0, 3.0, 6.0, 9.0, 10.0, 12.0, 15.0]"
OpenFOAM,0.7,axial,0,15,False,7,0.04747842195608764,2.720313196025084,84.39567627644712,0.10764259932907105,0.6593681847982851,0.06113481471892003,"[0.0, 3.0, 6.0, 9.0, 10.0, 12.0, 15.0]"
OpenFOAM,0.7,ca,0,15,False,7,0.0005397988869102282,0.030928198005815692,0.9595241424872354,0.10764259932906994,0.00749658892511897,0.0006950632219254872,"[0.0, 3.0, 6.0, 9.0, 10.0, 12.0, 15.0]"
OpenFOAM,0.7,side,0,15,False,7,1.0159525553953066,58.209793609682045,-0.09092625114802821,0.9992798208810096,0.1315541389941206,0.012197339966248145,"[0.0, 3.0, 6.0, 9.0, 10.0, 12.0, 15.0]"
OpenFOAM,0.7,cy,0,15,False,7,0.01155072211673775,0.6618076276174897,-0.0010337725463163278,0.9992798208810096,0.001495685300222043,0.00013867585032914482,"[0.0, 3.0, 6.0, 9.0, 10.0, 12.0, 15.0]"
OpenFOAM,0.7,normal,0,15,False,7,-0.024029469232971543,-1.376787170988733,0.1857375212387684,0.34329360595316305,0.16030657262928205,0.014863186974837713,"[0.0, 3.0, 6.0, 9.0, 10.0, 12.0, 15.0]"
OpenFOAM,0.7,cNormal,0,15,False,7,-0.00027319949169748005,-0.015653177839384982,0.0021117152401333495,0.34329360595316283,0.0018225818362226534,0.00016898480308331486,"[0.0, 3.0, 6.0, 9.0, 10.0, 12.0, 15.0]"
SimScale,0.7,roll,0,15,False,7,0.046400323006072795,2.658542676291748,-0.004132362383545973,0.9962428062774282,0.013744361973428093,0.0012743396512713908,"[0.0, 3.0, 6.0, 9.0, 10.0, 12.0, 15.0]"
SimScale,0.7,cl,0,15,False,7,0.00912543851519978,0.5228491131270759,-0.0008127016453880614,0.9962428062774282,0.002703070194204309,0.00025062127549491895,"[0.0, 3.0, 6.0, 9.0, 10.0, 12.0, 15.0]"
SimScale,0.7,yaw,0,15,False,7,0.2653767655227551,15.204968645286721,-0.023637694793734898,0.99740801683932,0.06525246805440173,0.006050030372148574,"[0.0, 3.0, 6.0, 9.0, 10.0, 12.0, 15.0]"
SimScale,0.7,cn,0,15,False,7,0.05219100213641929,2.990324150975088,-0.00464876786424645,0.99740801683932,0.01283304396647302,0.0011898447381262294,"[0.0, 3.0, 6.0, 9.0, 10.0, 12.0, 15.0]"
SimScale,0.7,pitch,0,15,False,7,-0.007809531243912428,-0.447453180251734,0.08557748958088474,0.4889578120627157,0.038509868416581064,0.003570529674885516,"[0.0, 3.0, 6.0, 9.0, 10.0, 12.0, 15.0]"
SimScale,0.7,cm,0,15,False,7,-0.0015358814892199655,-0.08799952716457167,0.016830316447437366,0.4889578120627158,0.007573642028697757,0.0007022073749486545,"[0.0, 3.0, 6.0, 9.0, 10.0, 12.0, 15.0]"
SimScale,0.7,axial,0,15,False,7,0.08400023629411559,4.812859017754462,85.64300204954887,0.8286404556962353,0.18424935509518583,0.017083096281435853,"[0.0, 3.0, 6.0, 9.0, 10.0, 12.0, 15.0]"
SimScale,0.7,ca,0,15,False,7,0.0009550282461724902,0.0547190878214647,0.9737054281364826,0.8286404556962368,0.0020947957555601977,0.00019422373317773986,"[0.0, 3.0, 6.0, 9.0, 10.0, 12.0, 15.0]"
SimScale,0.7,side,0,15,False,7,0.9906368071188758,56.759308078226965,0.017842712024238594,0.9976206604458911,0.2333535115694239,0.021635899369591784,"[0.0, 3.0, 6.0, 9.0, 10.0, 12.0, 15.0]"
SimScale,0.7,cy,0,15,False,7,0.011262898465952645,0.6453165471834559,0.00020286007186699762,0.9976206604458911,0.0026530781903044503,0.000245986153621727,"[0.0, 3.0, 6.0, 9.0, 10.0, 12.0, 15.0]"
SimScale,0.7,normal,0,15,False,7,0.007984486513369584,0.45747737879520306,-0.3870662916315766,0.13247850169327757,0.09855276116357167,0.009137542472747772,"[0.0, 3.0, 6.0, 9.0, 10.0, 12.0, 15.0]"
SimScale,0.7,cNormal,0,15,False,7,9.07784369171521e-05,0.0052012213061474,-0.004400692878470976,0.13247850169327757,0.0011204810224574974,0.00010388793588055955,"[0.0, 3.0, 6.0, 9.0, 10.0, 12.0, 15.0]"
OpenFOAM,0.7,roll,0,15,True,4,0.046981743325349296,2.6918556067094404,0.01615645002894217,0.9990386304755342,0.004888317699638146,0.0010305478571580927,"[6.0, 9.0, 12.0, 15.0]"
OpenFOAM,0.7,cl,0,15,True,4,0.009239785033312407,0.5294006860169457,0.003177449677316105,0.9990386304755342,0.0009613735362353538,0.00020267533711427568,"[6.0, 9.0, 12.0, 15.0]"
OpenFOAM,0.7,yaw,0,15,True,4,0.2766535763691058,15.85108231314997,-0.06524477010697805,0.999251037076359,0.02540419313255629,0.005355674161179048,"[6.0, 9.0, 12.0, 15.0]"
OpenFOAM,0.7,cn,0,15,True,4,0.05440878506031065,3.1173937523902464,-0.012831530029901894,0.999251037076359,0.004996180790143721,0.0010532873932555926,"[6.0, 9.0, 12.0, 15.0]"
OpenFOAM,0.7,pitch,0,15,True,4,0.007361744389559336,0.4217968833758626,-0.08085540621516261,0.310506786454366,0.0367947998551222,0.0077570249061479765,"[6.0, 9.0, 12.0, 15.0]"
OpenFOAM,0.7,cm,0,15,True,4,0.001447816339182561,0.08295376574524202,-0.015901635812780902,0.310506786454366,0.007236343671854496,0.0015255551956537528,"[6.0, 9.0, 12.0, 15.0]"
OpenFOAM,0.7,axial,0,15,True,4,0.187377508549568,10.735940415566747,83.06383348562875,0.9299736937953977,0.1724602449667718,0.036357811995039235,"[6.0, 9.0, 12.0, 15.0]"
OpenFOAM,0.7,ca,0,15,True,4,0.0021303608329825657,0.12206068456987547,0.9443819531219675,0.9299736937953937,0.0019607612139138277,0.00041336475891228864,"[6.0, 9.0, 12.0, 15.0]"
OpenFOAM,0.7,side,0,15,True,4,1.0247566332574851,58.71423011368943,-0.1486256601117777,0.9994838006553981,0.0781120155183873,0.016467458777634794,"[6.0, 9.0, 12.0, 15.0]"
OpenFOAM,0.7,cy,0,15,True,4,0.011650818776114309,0.667542743743125,-0.0016897774312894798,0.9994838006553981,0.0008880829921040265,0.00018722433375373696,"[6.0, 9.0, 12.0, 15.0]"
OpenFOAM,0.7,normal,0,15,True,4,-0.05314793686987205,-3.0451524724714076,0.49268368759871695,0.7161573063862829,0.11222699075602312,0.023659527049046343,"[6.0, 9.0, 12.0, 15.0]"
OpenFOAM,0.7,cNormal,0,15,True,4,-0.000604257597071495,-0.034621410050913314,0.005601494220060409,0.7161573063862829,0.0012759481506654893,0.0002689934888255089,"[6.0, 9.0, 12.0, 15.0]"
SimScale,0.7,roll,0,15,True,4,0.04798805248913204,2.7495128746795308,-0.022083203127139295,0.9889320320282782,0.01702786158368276,0.00358978841910129,"[6.0, 9.0, 12.0, 15.0]"
SimScale,0.7,cl,0,15,True,4,0.009437693405635151,0.5407400004813426,-0.004343049774222521,0.9889320320282782,0.0033488280654186955,0.0007059949452678955,"[6.0, 9.0, 12.0, 15.0]"
SimScale,0.7,yaw,0,15,True,4,0.2720649207030426,15.588171709845755,-0.10019363412428639,0.992606429941394,0.07875667345780554,0.016603364604319628,"[6.0, 9.0, 12.0, 15.0]"
SimScale,0.7,cn,0,15,True,4,0.05350634532637599,3.0656877643708818,-0.019704837996406432,0.9926064299413939,0.015488883152964494,0.003265343278371866,"[6.0, 9.0, 12.0, 15.0]"
SimScale,0.7,pitch,0,15,True,4,-0.013761046770982237,-0.7884499016594116,0.15298493765975438,0.6371469705482345,0.03483158983150694,0.007343143892821498,"[6.0, 9.0, 12.0, 15.0]"
SimScale,0.7,cm,0,15,True,4,-0.0027063515527025917,-0.1550625218485357,0.030087175086756332,0.6371469705482345,0.006850243938010396,0.0014441582247916092,"[6.0, 9.0, 12.0, 15.0]"
SimScale,0.7,axial,0,15,True,4,0.12051023111157283,6.90472763083927,85.27735472022194,0.9452446355466498,0.09728399727071914,0.020509267417405115,"[6.0, 9.0, 12.0, 15.0]"
SimScale,0.7,ca,0,15,True,4,0.001370123225146084,0.07850227821372328,0.9695482549778017,0.945244635546646,0.0011060559992807553,0.00023317707849471636,"[6.0, 9.0, 12.0, 15.0]"
SimScale,0.7,side,0,15,True,4,1.014243366398166,58.11186429375569,-0.24610112454745803,0.9931593030449535,0.28233138287714776,0.059520681655789984,"[6.0, 9.0, 12.0, 15.0]"
SimScale,0.7,cy,0,15,True,4,0.0115312897455644,0.660694234763325,-0.00279801028814608,0.9931593030449535,0.0032099248445507577,0.0006767115751161547,"[6.0, 9.0, 12.0, 15.0]"
SimScale,0.7,normal,0,15,True,4,0.02270106918491791,1.3006754547302841,-0.5645147640997933,0.427023168416947,0.08819935008795297,0.018594055628300243,"[6.0, 9.0, 12.0, 15.0]"
SimScale,0.7,cNormal,0,15,True,4,0.00025809644408620816,0.014787836953473962,-0.006418167006209587,0.4270231684169473,0.0010027694485658459,0.00021140236169994261,"[6.0, 9.0, 12.0, 15.0]"
OpenFOAM,0.8,roll,-6,15,False,8,0.06856687213644773,3.928592387831617,-0.0017516533092328812,0.9996496659690054,0.008255028415645172,0.0005240297746379992,"[-6.0, 0.0, 3.0, 6.0, 9.0, 10.0, 12.0, 15.0]"
OpenFOAM,0.8,cl,-6,15,False,8,0.010325448373184042,0.5916046133636674,-0.000263780529119198,0.9996496659690054,0.0012431202863576781,7.891336173638433e-05,"[-6.0, 0.0, 3.0, 6.0, 9.0, 10.0, 12.0, 15.0]"
OpenFOAM,0.8,yaw,-6,15,False,8,0.38869290636305687,22.27046306127686,-0.01367211577209737,0.9999072025553919,0.024081401505557213,0.0015286890327364249,"[-6.0, 0.0, 3.0, 6.0, 9.0, 10.0, 12.0, 15.0]"
OpenFOAM,0.8,cn,-6,15,False,8,0.058533055579491816,3.353697046709556,-0.002058876555956435,0.9999072025553919,0.003626405292409007,0.0002302044587182221,"[-6.0, 0.0, 3.0, 6.0, 9.0, 10.0, 12.0, 15.0]"
OpenFOAM,0.8,pitch,-6,15,False,8,-0.00734085555882301,-0.42060004153570785,0.03969428239877431,0.5497730135590252,0.04272260392761016,0.0027120338514769753,"[-6.0, 0.0, 3.0, 6.0, 9.0, 10.0, 12.0, 15.0]"
OpenFOAM,0.8,cm,-6,15,False,8,-0.0011054554878453722,-0.0633379338931153,0.005977540623458954,0.5497730135590252,0.006433573932681105,0.00040840371811079885,"[-6.0, 0.0, 3.0, 6.0, 9.0, 10.0, 12.0, 15.0]"
OpenFOAM,0.8,axial,-6,15,False,8,0.09650207237432991,5.529161461315119,119.82902119268527,0.41282624315836614,0.7401560499092947,0.04698515722802704,"[-6.0, 0.0, 3.0, 6.0, 9.0, 10.0, 12.0, 15.0]"
OpenFOAM,0.8,ca,-6,15,False,8,0.0008401062011952724,0.04813453967125751,1.043180745348559,0.4128262431583596,0.006443485327123442,0.00040903289411534446,"[-6.0, 0.0, 3.0, 6.0, 9.0, 10.0, 12.0, 15.0]"
OpenFOAM,0.8,side,-6,15,False,8,1.4317346848119432,82.0323548222175,-0.04102616047759433,0.9999019539379491,0.09117712605833718,0.005787930266834419,"[-6.0, 0.0, 3.0, 6.0, 9.0, 10.0, 12.0, 15.0]"
OpenFOAM,0.8,cy,-6,15,False,8,0.01246407623777435,0.7141389639537677,-0.0003571563903287528,0.9999019539379491,0.0007937494721527617,5.038727137788223e-05,"[-6.0, 0.0, 3.0, 6.0, 9.0, 10.0, 12.0, 15.0]"
OpenFOAM,0.8,normal,-6,15,False,8,0.006339843285592924,0.36324626303882757,-0.04388539354447687,0.12397461236138652,0.10838207790156072,0.006880101799518044,"[-6.0, 0.0, 3.0, 6.0, 9.0, 10.0, 12.0, 15.0]"
OpenFOAM,0.8,cNormal,-6,15,False,8,5.5191992542634555e-05,0.0031622682356104736,-0.00038204766334548677,0.12397461236138652,0.0009435285015469807,5.989525452064124e-05,"[-6.0, 0.0, 3.0, 6.0, 9.0, 10.0, 12.0, 15.0]"
SimScale,0.8,roll,-6,15,False,8,0.06574842171178977,3.7671070737318613,0.005044077644909495,0.9992616519179417,0.011493790601981512,0.0007296266221782581,"[-6.0, 0.0, 3.0, 6.0, 9.0, 10.0, 12.0, 15.0]"
SimScale,0.8,cl,-6,15,False,8,0.009901019440590004,0.5672866268227865,0.0007595849378866371,0.9992616519179417,0.00173084374093627,0.00010987408035778848,"[-6.0, 0.0, 3.0, 6.0, 9.0, 10.0, 12.0, 15.0]"
SimScale,0.8,yaw,-6,15,False,8,0.3866477147809955,22.153282215329064,-0.03642675004501861,0.9993220355603498,0.0647669069181814,0.004111407729622249,"[-6.0, 0.0, 3.0, 6.0, 9.0, 10.0, 12.0, 15.0]"
SimScale,0.8,cn,-6,15,False,8,0.05822507127984604,3.3360508461835607,-0.005485484684852493,0.9993220355603498,0.00975321365605968,0.0006191346772949615,"[-6.0, 0.0, 3.0, 6.0, 9.0, 10.0, 12.0, 15.0]"
SimScale,0.8,pitch,-6,15,False,8,-0.01166608013847629,-0.6684171553960865,0.019181832660300303,0.5318725236795672,0.07038663894701194,0.004468148707401652,"[-6.0, 0.0, 3.0, 6.0, 9.0, 10.0, 12.0, 15.0]"
SimScale,0.8,cm,-6,15,False,8,-0.0017567887295129178,-0.10065657969724016,0.0028885818568892257,0.5318725236795672,0.010599486077810888,0.0006728561091451726,"[-6.0, 0.0, 3.0, 6.0, 9.0, 10.0, 12.0, 15.0]"
SimScale,0.8,axial,-6,15,False,8,0.07519282954134944,4.308231782365941,124.51723776932148,0.6244542077420183,0.3750114806716463,0.023805754724063707,"[-6.0, 0.0, 3.0, 6.0, 9.0, 10.0, 12.0, 15.0]"
SimScale,0.8,ca,-6,15,False,8,0.0006545969514319947,0.03750564259918343,1.0839943747522964,0.6244542077420102,0.003264691241133147,0.00020724282573168412,"[-6.0, 0.0, 3.0, 6.0, 9.0, 10.0, 12.0, 15.0]"
SimScale,0.8,side,-6,15,False,8,1.4209669286051394,81.41540783674186,0.04126816776869191,0.9994233294738881,0.21951292160127575,0.013934695441972629,"[-6.0, 0.0, 3.0, 6.0, 9.0, 10.0, 12.0, 15.0]"
SimScale,0.8,cy,-6,15,False,8,0.012370336709288316,0.7087680845979718,0.00035926320338450224,0.9994233294738881,0.0019109865948202958,0.0001213095611787366,"[-6.0, 0.0, 3.0, 6.0, 9.0, 10.0, 12.0, 15.0]"
SimScale,0.8,normal,-6,15,False,8,0.02556735417424926,1.4649014875006705,-0.29503060208240417,0.46330259601635004,0.1769722415336711,0.011234210129708344,"[-6.0, 0.0, 3.0, 6.0, 9.0, 10.0, 12.0, 15.0]"
SimScale,0.8,cNormal,-6,15,False,8,0.00022257856501386525,0.012752812385372682,-0.00256841156105299,0.46330259601635015,0.001540645437904734,9.780027892964938e-05,"[-6.0, 0.0, 3.0, 6.0, 9.0, 10.0, 12.0, 15.0]"
OpenFOAM,0.8,roll,-6,15,True,7,0.06858187613452954,3.9294520535975273,-0.0019448680600415713,0.9995980772743227,0.008820945947776788,0.0006150110725602145,"[-6.0, 3.0, 6.0, 9.0, 10.0, 12.0, 15.0]"
OpenFOAM,0.8,cl,-6,15,True,7,0.010327707817180216,0.5917340699686944,-0.0002928766344576922,0.9995980772743227,0.0013283415029515654,9.261418642548088e-05,"[-6.0, 3.0, 6.0, 9.0, 10.0, 12.0, 15.0]"
OpenFOAM,0.8,yaw,-6,15,True,7,0.3888375505941306,22.278750565248302,-0.015534779237556862,0.999894536085819,0.025614758629389493,0.0017859037195440796,"[-6.0, 3.0, 6.0, 9.0, 10.0, 12.0, 15.0]"
OpenFOAM,0.8,cn,-6,15,True,7,0.05855483747640346,3.3549450574723823,-0.002339374044757425,0.999894536085819,0.0038573127164530916,0.00026893827997482255,"[-6.0, 3.0, 6.0, 9.0, 10.0, 12.0, 15.0]"
OpenFOAM,0.8,pitch,-6,15,True,7,-0.00730839669865832,-0.4187402858404659,0.03927629177093923,0.513064741737471,0.04566872242855513,0.003184099543237689,"[-6.0, 3.0, 6.0, 9.0, 10.0, 12.0, 15.0]"
OpenFOAM,0.8,cm,-6,15,True,7,-0.0011005675255621294,-0.06305787428386636,0.0059145956397706635,0.513064741737471,0.006877228332173823,0.0004794918365731206,"[-6.0, 3.0, 6.0, 9.0, 10.0, 12.0, 15.0]"
OpenFOAM,0.8,axial,-6,15,True,7,0.11372012382873173,6.515683141091432,119.6072948566092,0.5000500899977391,0.729358485807526,0.05085209084071483,"[-6.0, 3.0, 6.0, 9.0, 10.0, 12.0, 15.0]"
OpenFOAM,0.8,ca,-6,15,True,7,0.000989999270260492,0.056722779906957545,1.0412504897040662,0.5000500899977447,0.006349486303718849,0.0004426967816122635,"[-6.0, 3.0, 6.0, 9.0, 10.0, 12.0, 15.0]"
OpenFOAM,0.8,side,-6,15,True,7,1.4318966175171879,82.04163288279318,-0.04311145715125342,0.9998874834628814,0.09742973018977125,0.006792963387148486,"[-6.0, 3.0, 6.0, 9.0, 10.0, 12.0, 15.0]"
OpenFOAM,0.8,cy,-6,15,True,7,0.012465485955374243,0.714219734822547,-0.00037531010064573156,0.9998874834628814,0.0008481819975400025,5.913666438062864e-05,"[-6.0, 3.0, 6.0, 9.0, 10.0, 12.0, 15.0]"
OpenFOAM,0.8,normal,-6,15,True,7,0.006087565259531403,0.34879179688161105,-0.04063667039254178,0.10212770998942844,0.11577807947563586,0.008072240920512484,"[-6.0, 3.0, 6.0, 9.0, 10.0, 12.0, 15.0]"
OpenFOAM,0.8,cNormal,-6,15,True,7,5.299576681498934e-05,0.0030364337705583544,-0.00035376565448540237,0.10212770998942844,0.0010079149611696167,7.02735131796886e-05,"[-6.0, 3.0, 6.0, 9.0, 10.0, 12.0, 15.0]"
SimScale,0.8,roll,-6,15,True,7,0.06571702758958077,3.7653083230277677,0.005448357055396702,0.9991527744438611,0.012274638489078869,0.0008558082803307426,"[-6.0, 3.0, 6.0, 9.0, 10.0, 12.0, 15.0]"
SimScale,0.8,cl,-6,15,True,7,0.009896291816622481,0.5670157539223226,0.0008204651567337157,0.9991527744438611,0.001848431204011572,0.00012887570834956125,"[-6.0, 3.0, 6.0, 9.0, 10.0, 12.0, 15.0]"
SimScale,0.8,yaw,-6,15,True,7,0.38534221651851935,22.078482674727514,-0.01961512956292788,0.9993043483065178,0.06521400159895757,0.004546829025681424,"[-6.0, 3.0, 6.0, 9.0, 10.0, 12.0, 15.0]"
SimScale,0.8,cn,-6,15,True,7,0.05802847699910279,3.3247868236205624,-0.002953831804260898,0.9993043483065178,0.009820541403416906,0.0006847045359301481,"[-6.0, 3.0, 6.0, 9.0, 10.0, 12.0, 15.0]"
SimScale,0.8,pitch,-6,15,True,7,-0.013007255502163008,-0.7452608433222586,0.03645288683349049,0.5775812435573422,0.07135065284693685,0.004974686592011817,"[-6.0, 3.0, 6.0, 9.0, 10.0, 12.0, 15.0]"
SimScale,0.8,cm,-6,15,True,7,-0.0019587556057264867,-0.1122284293057188,0.005489420609761918,0.5775812435573422,0.010744656412180208,0.0007491353765761848,"[-6.0, 3.0, 6.0, 9.0, 10.0, 12.0, 15.0]"
SimScale,0.8,axial,-6,15,True,7,0.07466183882125223,4.277808255143758,124.52407562941089,0.588096271176834,0.4007924709618045,0.027943919949130088,"[-6.0, 3.0, 6.0, 9.0, 10.0, 12.0, 15.0]"
SimScale,0.8,ca,-6,15,True,7,0.0006499743709448057,0.03724078824680797,1.0840539022683662,0.588096271176841,0.003489129631758546,0.0002432679408573279,"[-6.0, 3.0, 6.0, 9.0, 10.0, 12.0, 15.0]"
SimScale,0.8,side,-6,15,True,7,1.416647390276487,81.16791652106507,0.09689324298052426,0.9994051509097338,0.22168770065958415,0.015456436459677156,"[-6.0, 3.0, 6.0, 9.0, 10.0, 12.0, 15.0]"
SimScale,0.8,cy,-6,15,True,7,0.012332732636682235,0.7066135299451397,0.0008435115669444548,0.9994051509097338,0.0019299193009079663,0.00013455719445885697,"[-6.0, 3.0, 6.0, 9.0, 10.0, 12.0, 15.0]"
SimScale,0.8,normal,-6,15,True,7,0.030789586784779974,1.7641133757196668,-0.36228016896495285,0.5897294875266736,0.1647251130768432,0.011484909789808354,"[-6.0, 3.0, 6.0, 9.0, 10.0, 12.0, 15.0]"
SimScale,0.8,cNormal,-6,15,True,7,0.00026804111200635905,0.01535762445395775,-0.0031538578294665323,0.5897294875266736,0.001434027120699009,9.998276407121807e-05,"[-6.0, 3.0, 6.0, 9.0, 10.0, 12.0, 15.0]"
OpenFOAM,0.8,roll,0,10,False,5,0.06869192796777542,3.9357575591701934,0.0023885371837511493,0.9994345556325623,0.006078431284598567,0.0009433282467708398,"[0.0, 3.0, 6.0, 9.0, 10.0]"
OpenFOAM,0.8,cl,0,10,False,5,0.010344280463520174,0.592683612659337,0.00035968852901988035,0.9994345556325622,0.0009153476958110705,0.00014205529299361172,"[0.0, 3.0, 6.0, 9.0, 10.0]"
OpenFOAM,0.8,yaw,0,10,False,5,0.38977612069024414,22.332526670532793,-0.00466804151603073,0.9999438420837918,0.010866782160093584,0.0016864454138184298,"[0.0, 3.0, 6.0, 9.0, 10.0]"
OpenFOAM,0.8,cn,0,10,False,5,0.05869617624205036,3.3630431722255385,-0.0007029578596167707,0.9999438420837918,0.001636422877120569,0.00025396090724282786,"[0.0, 3.0, 6.0, 9.0, 10.0]"
OpenFOAM,0.8,pitch,0,10,False,5,-0.0008478485513189714,-0.04857814365685805,0.029772417917243693,0.057274988946940386,0.012796651278195544,0.001985947039556811,"[0.0, 3.0, 6.0, 9.0, 10.0]"
OpenFOAM,0.8,cm,0,10,False,5,-0.0001276770570415065,-0.007315356509129392,0.0044834123910101635,0.0572749889469405,0.0019270408289838177,0.00029906269587469457,"[0.0, 3.0, 6.0, 9.0, 10.0]"
OpenFOAM,0.8,axial,0,10,False,5,-0.09351028421192349,-5.357744626412032,120.65540479278437,0.5772340941040062,0.2977154772939379,0.04620327286479832,"[0.0, 3.0, 6.0, 9.0, 10.0]"
OpenFOAM,0.8,ca,0,10,False,5,-0.0008140609596158901,-0.04664225725236025,1.050374891235047,0.5772340941039938,0.002591784948371562,0.00040222613975241536,"[0.0, 3.0, 6.0, 9.0, 10.0]"
OpenFOAM,0.8,side,0,10,False,5,1.4361927929979483,82.28778560588833,-0.0077652056091874755,0.9999660520910489,0.03113111489443933,0.004831322204431645,"[0.0, 3.0, 6.0, 9.0, 10.0]"
OpenFOAM,0.8,cy,0,10,False,5,0.01250288664091403,0.7163626362548727,-6.76005937005203e-05,0.9999660520910489,0.00027101431119004436,4.205944643521545e-05,"[0.0, 3.0, 6.0, 9.0, 10.0]"
OpenFOAM,0.8,normal,0,10,False,5,-0.010937548996739625,-0.6266753957307283,0.02147914720116864,0.23114933913445923,0.07421005005806781,0.011516859060565428,"[0.0, 3.0, 6.0, 9.0, 10.0]"
OpenFOAM,0.8,cNormal,0,10,False,5,-9.521767265676137e-05,-0.005455570778290647,0.0001869883652870419,0.23114933913445912,0.0006460412891752359,0.00010026090090109433,"[0.0, 3.0, 6.0, 9.0, 10.0]"
SimScale,0.8,roll,0,10,False,5,0.06620233583948523,3.7931144375101735,-0.0025981543819240116,0.9987403181685647,0.008746725551354901,0.0013574280752752215,"[0.0, 3.0, 6.0, 9.0, 10.0]"
SimScale,0.8,cl,0,10,False,5,0.009969374124788688,0.5712030617373207,-0.0003912546700793468,0.9987403181685647,0.0013171646933988832,0.0002044143633046726,"[0.0, 3.0, 6.0, 9.0, 10.0]"
SimScale,0.8,yaw,0,10,False,5,0.39350359534933166,22.546095236740474,-0.09208848275256099,0.9987949260585,0.05084935328037783,0.007891449131118665,"[0.0, 3.0, 6.0, 9.0, 10.0]"
SimScale,0.8,cn,0,10,False,5,0.05925749464488153,3.395204347670789,-0.013867555056824188,0.9987949260585,0.00765737674399827,0.001188369077574715,"[0.0, 3.0, 6.0, 9.0, 10.0]"
SimScale,0.8,pitch,0,10,False,5,-0.011656007599875838,-0.6678400414452978,0.05072686339693128,0.27295203958201086,0.07077114552554119,0.010983166133625502,"[0.0, 3.0, 6.0, 9.0, 10.0]"
SimScale,0.8,cm,0,10,False,5,-0.0017552719113459916,-0.1005696724179865,0.007638931058372598,0.27295203958201086,0.010657388716534917,0.0016539490770583192,"[0.0, 3.0, 6.0, 9.0, 10.0]"
SimScale,0.8,axial,0,10,False,5,0.07477060375658248,4.284040026897195,124.27425373210686,0.666072808903913,0.1969536221658456,0.030565767118833794,"[0.0, 3.0, 6.0, 9.0, 10.0]"
SimScale,0.8,ca,0,10,False,5,0.0006509212324411028,0.03729503941432923,1.081879058558219,0.6660728089039168,0.0017145948813158287,0.000266092632717939,"[0.0, 3.0, 6.0, 9.0, 10.0]"
SimScale,0.8,side,0,10,False,5,1.4429080660230214,82.67254240850306,-0.13824940466222468,0.9989266785414657,0.175956293999916,0.02730713477798197,"[0.0, 3.0, 6.0, 9.0, 10.0]"
SimScale,0.8,cy,0,10,False,5,0.012561346965881971,0.7197121661444991,-0.0012035408080954824,0.9989266785414657,0.0015318010286376844,0.00023772435865284048,"[0.0, 3.0, 6.0, 9.0, 10.0]"
SimScale,0.8,normal,0,10,False,5,0.020665798433032824,1.1840630304808508,-0.3296124366532256,0.13304411725973175,0.19625507448535986,0.030457357608572797,"[0.0, 3.0, 6.0, 9.0, 10.0]"
SimScale,0.8,cNormal,0,10,False,5,0.00017990769513112105,0.010307951632939545,-0.002869466377357474,0.13304411725973164,0.0017085136208437296,0.0002651488654018821,"[0.0, 3.0, 6.0, 9.0, 10.0]"
OpenFOAM,0.8,roll,0,10,True,4,0.067869921900998,3.8886600808096983,0.009023300437025983,0.9989232775169448,0.00610230352287981,0.0015756079945077569,"[3.0, 6.0, 9.0, 10.0]"
OpenFOAM,0.8,cl,0,10,True,4,0.010220495012317676,0.5855912287403112,0.0013588139565828966,0.9989232775169448,0.0009189426033260944,0.00023726995992016348,"[3.0, 6.0, 9.0, 10.0]"
OpenFOAM,0.8,yaw,0,10,True,4,0.3890637546488031,22.29171110288978,0.0010817701041716532,0.9998759138451794,0.01186970745707595,0.00306474528704061,"[3.0, 6.0, 9.0, 10.0]"
OpenFOAM,0.8,cn,0,10,True,4,0.05858890142325636,3.3568967778606114,0.00016290317779188435,0.9998759138451794,0.0017874528578311467,0.00046151834336739236,"[3.0, 6.0, 9.0, 10.0]"
OpenFOAM,0.8,pitch,0,10,True,4,0.0017788582186191839,0.10192106827903916,0.008571141845600008,0.17313376042186057,0.010646300383306521,0.0027488629388845195,"[3.0, 6.0, 9.0, 10.0]"
OpenFOAM,0.8,cm,0,10,True,4,0.0002678773017823428,0.015348238819480527,0.0012907236376462376,0.17313376042186046,0.0016032206450147697,0.00041394979056254104,"[3.0, 6.0, 9.0, 10.0]"
OpenFOAM,0.8,axial,0,10,True,4,-0.12103983027278957,-6.935071427610659,120.87760755741851,0.5216503175667606,0.3174255967063124,0.08195893664689999,"[3.0, 6.0, 9.0, 10.0]"
OpenFOAM,0.8,ca,0,10,True,4,-0.0010537215367702579,-0.060373796838974966,1.052309294464936,0.5216503175667601,0.002763372906404229,0.0007134998163909578,"[3.0, 6.0, 9.0, 10.0]"
OpenFOAM,0.8,side,0,10,True,4,1.429986457499002,81.93218877555648,0.04232878806087825,0.9999542643852242,0.02648498604573817,0.006838393991978651,"[3.0, 6.0, 9.0, 10.0]"
OpenFOAM,0.8,cy,0,10,True,4,0.012448856910659759,0.7132669607430727,0.0003684965147803809,0.9999542643852242,0.00023056707973365259,5.953216399947427e-05,"[3.0, 6.0, 9.0, 10.0]"
OpenFOAM,0.8,normal,0,10,True,4,-0.02861114422091417,-1.639297810898498,0.16413030865343461,0.6907711200256247,0.052425043060192605,0.013536087913088846,"[3.0, 6.0, 9.0, 10.0]"
OpenFOAM,0.8,cNormal,0,10,True,4,-0.00024907651298974556,-0.014271032970147847,0.0014288490051175573,0.6907711200256246,0.00045639023794179516,0.0001178394527280142,"[3.0, 6.0, 9.0, 10.0]"
SimScale,0.8,roll,0,10,True,4,0.06768413973920671,3.8780155470302415,-0.01455842871539026,0.9980665193956316,0.008158451036431983,0.002106502999663314,"[3.0, 6.0, 9.0, 10.0]"
SimScale,0.8,cl,0,10,True,4,0.01019251817655919,0.5839882741272193,-0.0021923459450841204,0.9980665193956316,0.0012285767507987213,0.0003172171530254045,"[3.0, 6.0, 9.0, 10.0]"
SimScale,0.8,yaw,0,10,True,4,0.3939585496613206,22.572162198688716,-0.09576061398504354,0.997233396103903,0.056827198531795936,0.014672719568351216,"[3.0, 6.0, 9.0, 10.0]"
SimScale,0.8,cn,0,10,True,4,0.05932600596987316,3.399129757441658,-0.014420539322828108,0.997233396103903,0.008557577243206835,0.0022095569431215766,"[3.0, 6.0, 9.0, 10.0]"
SimScale,0.8,pitch,0,10,True,4,-0.03189179826314888,-1.8272654415610798,0.2140586023219208,0.9008934618255068,0.02896837111199139,0.0074796012588999134,"[3.0, 6.0, 9.0, 10.0]"
SimScale,0.8,cm,0,10,True,4,-0.004802568736675703,-0.27516691943299343,0.03223496971996242,0.9008934618255067,0.0043623314153352815,0.0011263491281487317,"[3.0, 6.0, 9.0, 10.0]"
SimScale,0.8,axial,0,10,True,4,0.12636936819372646,7.240431457235269,123.85777799057848,0.9004691391736085,0.11505802350212087,0.02970785392475038,"[3.0, 6.0, 9.0, 10.0]"
SimScale,0.8,ca,0,10,True,4,0.0011001182383821861,0.06303213202466627,1.0782533970102657,0.9004691391736128,0.001001646458600954,0.00025862400352994207,"[3.0, 6.0, 9.0, 10.0]"
SimScale,0.8,side,0,10,True,4,1.4433279316351706,82.6965989360419,-0.14163831996028797,0.9975292558338175,0.19671918498732333,0.05079267515569329,"[3.0, 6.0, 9.0, 10.0]"
SimScale,0.8,cy,0,10,True,4,0.012565002138208914,0.7199215920922258,-0.0012330432704486666,0.9975292558338175,0.001712553970456402,0.00044217953380393563,"[3.0, 6.0, 9.0, 10.0]"
SimScale,0.8,normal,0,10,True,4,0.07886832622731939,4.518822230086339,-0.7993899824213957,0.9340331707309472,0.05740039895950685,0.014820719282388772,"[3.0, 6.0, 9.0, 10.0]"
SimScale,0.8,cNormal,0,10,True,4,0.0006865942700634411,0.03933895391250063,-0.006959150875025487,0.934033170730947,0.0004997035807677802,0.0001290229097569217,"[3.0, 6.0, 9.0, 10.0]"
OpenFOAM,0.8,roll,0,15,False,7,0.06771107073645909,3.8795585795108805,0.006409339422617677,0.9995846242404727,0.006657709751286637,0.000617284639266863,"[0.0, 3.0, 6.0, 9.0, 10.0, 12.0, 15.0]"
OpenFOAM,0.8,cl,0,15,False,7,0.010196573700941495,0.5842206385580377,0.0009651789742246841,0.9995846242404727,0.0010025809283491034,9.295656161222885e-05,"[0.0, 3.0, 6.0, 9.0, 10.0, 12.0, 15.0]"
OpenFOAM,0.8,yaw,0,15,False,7,0.38614416938478846,22.12443118933315,0.010632850257782156,0.9998947553030499,0.01910851039688007,0.0017716888221187017,"[0.0, 3.0, 6.0, 9.0, 10.0, 12.0, 15.0]"
OpenFOAM,0.8,cn,0,15,False,7,0.05814924264963312,3.331706185706102,0.0016011951978507355,0.9998947553030499,0.0028775402967018966,0.00026679766622181463,"[0.0, 3.0, 6.0, 9.0, 10.0, 12.0, 15.0]"
OpenFOAM,0.8,pitch,0,15,False,7,-0.009629753269955018,-0.5517442201207262,0.06152139974719809,0.5389056117218793,0.04296433665603946,0.0039835357870532,"[0.0, 3.0, 6.0, 9.0, 10.0, 12.0, 15.0]"
OpenFOAM,0.8,cm,0,15,False,7,-0.0014501393623082663,-0.08308686516605623,0.009264474477873149,0.5389056117218796,0.006469976334157704,0.0005998785102825869,"[0.0, 3.0, 6.0, 9.0, 10.0, 12.0, 15.0]"
OpenFOAM,0.8,axial,0,15,False,7,0.08482306908463837,4.86000386389639,119.94039313127253,0.21263353141018215,0.7873012656606808,0.07299642007880837,"[0.0, 3.0, 6.0, 9.0, 10.0, 12.0, 15.0]"
OpenFOAM,0.8,ca,0,15,False,7,0.0007384337412568891,0.0423091368240752,1.044150302311889,0.21263353141017893,0.006853911623004331,0.0006354759401993399,"[0.0, 3.0, 6.0, 9.0, 10.0, 12.0, 15.0]"
OpenFOAM,0.8,side,0,15,False,7,1.4219272912492014,81.47043256304863,0.05249795339391561,0.9998917185600739,0.07137272870332527,0.006617484200570553,"[0.0, 3.0, 6.0, 9.0, 10.0, 12.0, 15.0]"
OpenFOAM,0.8,cy,0,15,False,7,0.012378697220029922,0.7092471065780396,0.00045702496445060303,0.9998917185600739,0.0006213407702510735,5.760901684728849e-05,"[0.0, 3.0, 6.0, 9.0, 10.0, 12.0, 15.0]"
OpenFOAM,0.8,normal,0,15,False,7,0.005046039826461672,0.2891167853111802,-0.03154757705276132,0.04249449246989512,0.1155338847882176,0.010711985811759335,"[0.0, 3.0, 6.0, 9.0, 10.0, 12.0, 15.0]"
OpenFOAM,0.8,cNormal,0,15,False,7,4.392868718139983e-05,0.00251692837504465,-0.0002746398544883514,0.04249449246989523,0.0010057891055672283,9.325401502951123e-05,"[0.0, 3.0, 6.0, 9.0, 10.0, 12.0, 15.0]"
SimScale,0.8,roll,0,15,False,7,0.06660165344644017,3.815993651073956,-0.0030924105463443485,0.9988615140082415,0.01084552556222107,0.0010055674675576501,"[0.0, 3.0, 6.0, 9.0, 10.0, 12.0, 15.0]"
SimScale,0.8,cl,0,15,False,7,0.010029507148312229,0.5746484301945805,-0.00046568443987685115,0.9988615140082415,0.0016332218574869842,0.0001514278637555169,"[0.0, 3.0, 6.0, 9.0, 10.0, 12.0, 15.0]"
SimScale,0.8,yaw,0,15,False,7,0.3906427158835593,22.382178917656077,-0.07452341004369423,0.9988569687485421,0.06373992037675734,0.005909791088303523,"[0.0, 3.0, 6.0, 9.0, 10.0, 12.0, 15.0]"
SimScale,0.8,cn,0,15,False,7,0.05882667634582087,3.370520277397608,-0.011222440210901186,0.9988569687485421,0.009598560305498086,0.0008899522594110643,"[0.0, 3.0, 6.0, 9.0, 10.0, 12.0, 15.0]"
SimScale,0.8,pitch,0,15,False,7,-0.017395583375938026,-0.9966935096091853,0.07381884806908491,0.6286900779658606,0.06448272133106232,0.005978661561222024,"[0.0, 3.0, 6.0, 9.0, 10.0, 12.0, 15.0]"
SimScale,0.8,cm,0,15,False,7,-0.002619591538494411,-0.15009153920391188,0.0111163406023313,0.6286900779658607,0.009710418301440567,0.000900323426862623,"[0.0, 3.0, 6.0, 9.0, 10.0, 12.0, 15.0]"
SimScale,0.8,axial,0,15,False,7,0.12036879511622485,6.896623945234599,124.08643603574663,0.8337390959867899,0.2592676219043022,0.024038584804608777,"[0.0, 3.0, 6.0, 9.0, 10.0, 12.0, 15.0]"
SimScale,0.8,ca,0,15,False,7,0.0010478797886877534,0.06003908932886882,1.0802439971805278,0.8337390959868002,0.0022570741909671826,0.0002092697458762707,"[0.0, 3.0, 6.0, 9.0, 10.0, 12.0, 15.0]"
SimScale,0.8,side,0,15,False,7,1.4337722892919256,82.14910095923746,-0.08084480785272063,0.9990066272583288,0.21807531216922327,0.020219346507163755,"[0.0, 3.0, 6.0, 9.0, 10.0, 12.0, 15.0]"
SimScale,0.8,cy,0,15,False,7,0.012481814760037131,0.715155306414224,-0.0007038006826222271,0.9990066272583288,0.0018984713755193117,0.00017602107360859768,"[0.0, 3.0, 6.0, 9.0, 10.0, 12.0, 15.0]"
SimScale,0.8,normal,0,15,False,7,0.03541844649405272,2.0293275010191483,-0.3889714309052723,0.4821449581684437,0.1770513260171207,0.016415714711966387,"[0.0, 3.0, 6.0, 9.0, 10.0, 12.0, 15.0]"
SimScale,0.8,cNormal,0,15,False,7,0.0003083380056434058,0.01766646638684811,-0.003386220659839845,0.4821449581684438,0.001541333913948094,0.00014290826494461708,"[0.0, 3.0, 6.0, 9.0, 10.0, 12.0, 15.0]"
OpenFOAM,0.8,roll,0,15,True,6,0.06694978138596201,3.8359399127391423,0.014645106032540545,0.9995305035829358,0.005645654266698944,0.0007254997757216934,"[3.0, 6.0, 9.0, 10.0, 12.0, 15.0]"
OpenFOAM,0.8,cl,0,15,True,6,0.010081931547366665,0.5776521270039093,0.0022053986356251054,0.9995305035829358,0.0008501760376008045,0.00010925262077091212,"[3.0, 6.0, 9.0, 10.0, 12.0, 15.0]"
OpenFOAM,0.8,yaw,0,15,True,6,0.38429194204499934,22.018306380064494,0.030670582388228063,0.9998620087485083,0.017565641790181497,0.002257288274691981,"[3.0, 6.0, 9.0, 10.0, 12.0, 15.0]"
OpenFOAM,0.8,cn,0,15,True,6,0.057870316731380156,3.3157249077933963,0.004618666495314616,0.9998620087485083,0.0026452005435720098,0.0003399238264412004,"[3.0, 6.0, 9.0, 10.0, 12.0, 15.0]"
OpenFOAM,0.8,pitch,0,15,True,6,-0.011697719674708488,-0.6702299672879426,0.0838930363077129,0.5078890424749898,0.04480178385684469,0.005757292707737442,"[3.0, 6.0, 9.0, 10.0, 12.0, 15.0]"
OpenFOAM,0.8,cm,0,15,True,6,-0.0017615533102461167,-0.1009295700644018,0.012633407187382623,0.5078890424749897,0.006746676519235579,0.0008669876103543624,"[3.0, 6.0, 9.0, 10.0, 12.0, 15.0]"
OpenFOAM,0.8,axial,0,15,True,6,0.14507359036422626,8.312104446679932,119.28859203742972,0.3472661981749484,0.7738773850160681,0.09944779519655755,"[3.0, 6.0, 9.0, 10.0, 12.0, 15.0]"
OpenFOAM,0.8,ca,0,15,True,6,0.0012629492807355394,0.07236166352522937,1.0384759978393474,0.34726619817495097,0.006737048999268109,0.0008657504174184868,"[3.0, 6.0, 9.0, 10.0, 12.0, 15.0]"
OpenFOAM,0.8,side,0,15,True,6,1.413161427608453,80.96818557264656,0.14732866005292067,0.9998904379643807,0.05755626643172647,0.007396318728530865,"[3.0, 6.0, 9.0, 10.0, 12.0, 15.0]"
OpenFOAM,0.8,cy,0,15,True,6,0.012302385320997752,0.7048747568368676,0.0012825809630713503,0.9998904379643807,0.0005010604970158449,6.438922063510419e-05,"[3.0, 6.0, 9.0, 10.0, 12.0, 15.0]"
OpenFOAM,0.8,normal,0,15,True,6,0.0027534727800331105,0.15776236930005091,-0.006746169914125067,0.007401341267255335,0.12406789549489614,0.015943454222257906,"[3.0, 6.0, 9.0, 10.0, 12.0, 15.0]"
OpenFOAM,0.8,cNormal,0,15,True,6,2.397056871851714e-05,0.0013734124200993462,-5.87293002080751e-05,0.007401341267255446,0.0010800825910784741,0.00013879696498781796,"[3.0, 6.0, 9.0, 10.0, 12.0, 15.0]"
SimScale,0.8,roll,0,15,True,6,0.06729241755072388,3.855571518888546,-0.010565222219958925,0.9982395635378958,0.010995270551745026,0.0014129569297828446,"[3.0, 6.0, 9.0, 10.0, 12.0, 15.0]"
SimScale,0.8,cl,0,15,True,6,0.010133528943015602,0.5806084400084601,-0.0015910111280315192,0.9982395635378958,0.0016557718748684896,0.00021277642362003222,"[3.0, 6.0, 9.0, 10.0, 12.0, 15.0]"
SimScale,0.8,yaw,0,15,True,6,0.38906686309767946,22.291889203891227,-0.057475548087357,0.9979728468042907,0.06822682585148743,0.008767548368206991,"[3.0, 6.0, 9.0, 10.0, 12.0, 15.0]"
SimScale,0.8,cn,0,15,True,6,0.058589369522899726,3.356923597994568,-0.008655211853845102,0.9979728468042907,0.010274240986140574,0.001320300390182058,"[3.0, 6.0, 9.0, 10.0, 12.0, 15.0]"
SimScale,0.8,pitch,0,15,True,6,-0.028478012915434666,-1.6316699489734554,0.19371058581454853,0.9499613307735643,0.02543059932648723,0.003267981572421459,"[3.0, 6.0, 9.0, 10.0, 12.0, 15.0]"
SimScale,0.8,cm,0,15,True,6,-0.004288488638420526,-0.24571229947130108,0.029170772865168358,0.9499613307735643,0.0038295802661412817,0.0004921235862036324,"[3.0, 6.0, 9.0, 10.0, 12.0, 15.0]"
SimScale,0.8,axial,0,15,True,6,0.16163950924990103,9.26126168258516,123.63996194648232,0.9516004157375998,0.14183650721202426,0.018226825326241543,"[3.0, 6.0, 9.0, 10.0, 12.0, 15.0]"
SimScale,0.8,ca,0,15,True,6,0.0014071651596481538,0.0806246247256919,1.076357182712865,0.9516004157376037,0.00123476860478688,0.0001586750274676074,"[3.0, 6.0, 9.0, 10.0, 12.0, 15.0]"
SimScale,0.8,side,0,15,True,6,1.4281607580962214,81.8275839051176,-0.02013824309919343,0.9982411590404847,0.23324892217897228,0.029973858251705607,"[3.0, 6.0, 9.0, 10.0, 12.0, 15.0]"
SimScale,0.8,cy,0,15,True,6,0.012432963144318195,0.7123563150111341,-0.00017531502166280577,0.9982411590404847,0.002030566402600823,0.00026093972462403007,"[3.0, 6.0, 9.0, 10.0, 12.0, 15.0]"
SimScale,0.8,normal,0,15,True,6,0.06658158768608702,3.814843967692999,-0.7260999583463705,0.9527520739961699,0.05769026993938521,0.007413538967348142,"[3.0, 6.0, 9.0, 10.0, 12.0, 15.0]"
SimScale,0.8,cNormal,0,15,True,6,0.0005796311242263786,0.03321041709259462,-0.006321118942692006,0.9527520739961699,0.0005022270748415419,6.453913274642445e-05,"[3.0, 6.0, 9.0, 10.0, 12.0, 15.0]"
OpenFOAM,0.85,roll,-6,15,False,8,0.08178195584476702,4.685760910230405,0.0020216391899449127,0.9997940318942731,0.007548995973757026,0.0004792107864067096,"[-6.0, 0.0, 3.0, 6.0, 9.0, 10.0, 12.0, 15.0]"
OpenFOAM,0.85,cl,-6,15,False,8,0.010913491345950757,0.6252969938755266,0.0002697800703859027,0.9997940318942731,0.001007384836657532,6.394885908895155e-05,"[-6.0, 0.0, 3.0, 6.0, 9.0, 10.0, 12.0, 15.0]"
OpenFOAM,0.85,yaw,-6,15,False,8,0.4529842082361623,25.954083318007324,0.05326411597487235,0.9996804833970314,0.05208182021846243,0.0033061575487847205,"[-6.0, 0.0, 3.0, 6.0, 9.0, 10.0, 12.0, 15.0]"
OpenFOAM,0.85,cn,-6,15,False,8,0.06044902185784593,3.4634738281486346,0.007107893944782451,0.9996804833970314,0.006950121067224678,0.00044119416592945936,"[-6.0, 0.0, 3.0, 6.0, 9.0, 10.0, 12.0, 15.0]"
OpenFOAM,0.85,pitch,-6,15,False,8,-0.01543070314695744,-0.884114165239899,0.0019624637553155577,0.7048056564778128,0.06422321246917444,0.00407689396840429,"[-6.0, 0.0, 3.0, 6.0, 9.0, 10.0, 12.0, 15.0]"
OpenFOAM,0.85,cm,-6,15,False,8,-0.002059168719025331,-0.11798167690551153,0.0002618833334217547,0.7048056564778127,0.008570343742107269,0.0005440460133650135,"[-6.0, 0.0, 3.0, 6.0, 9.0, 10.0, 12.0, 15.0]"
OpenFOAM,0.85,axial,-6,15,False,8,0.11877280362810547,6.805180368826555,147.50983160247844,0.49691179193782653,0.7685752753045791,0.04878921162123212,"[-6.0, 0.0, 3.0, 6.0, 9.0, 10.0, 12.0, 15.0]"
OpenFOAM,0.85,ca,-6,15,False,8,0.0009162757509944396,0.05249873340216134,1.1379682688456954,0.49691179193782065,0.0059291930986196065,0.0003763855878880072,"[-6.0, 0.0, 3.0, 6.0, 9.0, 10.0, 12.0, 15.0]"
OpenFOAM,0.85,side,-6,15,False,8,1.651876889452056,94.64557404080126,0.1680354545273559,0.9997773361889516,0.15853962847811406,0.010064106578376345,"[-6.0, 0.0, 3.0, 6.0, 9.0, 10.0, 12.0, 15.0]"
OpenFOAM,0.85,cy,-6,15,False,8,0.012743445394892472,0.7301456375827634,0.0012963136979812218,0.9997773361889516,0.0012230579114812562,7.763980079197022e-05,"[-6.0, 0.0, 3.0, 6.0, 9.0, 10.0, 12.0, 15.0]"
OpenFOAM,0.85,normal,-6,15,False,8,0.0287571683577235,1.6476643776447133,0.11426542354475222,0.683345581795027,0.12589418893027068,0.007991771818535573,"[-6.0, 0.0, 3.0, 6.0, 9.0, 10.0, 12.0, 15.0]"
OpenFOAM,0.85,cNormal,-6,15,False,8,0.00022184789134009814,0.01271094786766451,0.0008815034551090701,0.6833455817950271,0.0009712138552282497,6.165272268669537e-05,"[-6.0, 0.0, 3.0, 6.0, 9.0, 10.0, 12.0, 15.0]"
SimScale,0.85,roll,-6,15,False,8,0.08034245869217432,4.6032837987657445,0.00429421883676423,0.9995930887186552,0.010424862721650717,0.0006617710064213932,"[-6.0, 0.0, 3.0, 6.0, 9.0, 10.0, 12.0, 15.0]"
SimScale,0.85,cl,-6,15,False,8,0.01072139591909204,0.6142907366527581,0.0005730471915051938,0.9995930887186552,0.0013911583297349006,8.831082696639993e-05,"[-6.0, 0.0, 3.0, 6.0, 9.0, 10.0, 12.0, 15.0]"
SimScale,0.85,yaw,-6,15,False,8,0.4648234539634042,26.632422130796577,-0.05988477521299407,0.9995767739535089,0.06151104889196946,0.003904725636984556,"[-6.0, 0.0, 3.0, 6.0, 9.0, 10.0, 12.0, 15.0]"
SimScale,0.85,cn,-6,15,False,8,0.0620289242269222,3.5539955659394247,-0.007991395770501508,0.9995767739535089,0.008208415815306264,0.0005210708035453503,"[-6.0, 0.0, 3.0, 6.0, 9.0, 10.0, 12.0, 15.0]"
SimScale,0.85,pitch,-6,15,False,8,-0.02059874758690673,-1.1802212999850445,-0.06828973105172706,0.7109892527009567,0.08446042802812169,0.005361553811434873,"[-6.0, 0.0, 3.0, 6.0, 9.0, 10.0, 12.0, 15.0]"
SimScale,0.85,cm,-6,15,False,8,-0.002748824617912524,-0.15749604922804875,-0.0091130051996429,0.7109892527009567,0.011270923284224478,0.0007154789894363705,"[-6.0, 0.0, 3.0, 6.0, 9.0, 10.0, 12.0, 15.0]"
SimScale,0.85,axial,-6,15,False,8,0.08785102116359382,5.0334927385884,158.37468489486204,0.5728687656245093,0.4878506534971438,0.030968793217549292,"[-6.0, 0.0, 3.0, 6.0, 9.0, 10.0, 12.0, 15.0]"
SimScale,0.85,ca,-6,15,False,8,0.000677728890229315,0.03883100506422481,1.2217854501012153,0.572868765624482,0.003763536013731554,0.00023890952638999514,"[-6.0, 0.0, 3.0, 6.0, 9.0, 10.0, 12.0, 15.0]"
SimScale,0.85,side,-6,15,False,8,1.6847068906994485,96.52659455368608,-0.08748765047765339,0.9996404585779801,0.20547731835890634,0.01304371437762309,"[-6.0, 0.0, 3.0, 6.0, 9.0, 10.0, 12.0, 15.0]"
SimScale,0.85,cy,-6,15,False,8,0.01299671325697218,0.744656817166232,-0.000674925658024822,0.9996404585779801,0.0015851598888003257,0.00010062605935055517,"[-6.0, 0.0, 3.0, 6.0, 9.0, 10.0, 12.0, 15.0]"
SimScale,0.85,normal,-6,15,False,8,0.05462285651867032,3.129659143468466,0.13218196598156923,0.7372180516941214,0.20973029865309356,0.013313693860780157,"[-6.0, 0.0, 3.0, 6.0, 9.0, 10.0, 12.0, 15.0]"
SimScale,0.85,cNormal,-6,15,False,8,0.00042138938670521585,0.02414383338981503,0.0010197210678541614,0.7372180516941212,0.0016179696111777101,0.00010270882279577492,"[-6.0, 0.0, 3.0, 6.0, 9.0, 10.0, 12.0, 15.0]"
OpenFOAM,0.85,roll,-6,15,True,7,0.08180169294218508,4.686891762612299,0.0017674737109492078,0.9997639395593877,0.008062549393946773,0.0005621343991559835,"[-6.0, 3.0, 6.0, 9.0, 10.0, 12.0, 15.0]"
OpenFOAM,0.85,cl,-6,15,True,7,0.010916125186626748,0.6254479018301707,0.0002358626527011881,0.9997639395593877,0.001075916589768972,7.501470021204668e-05,"[-6.0, 3.0, 6.0, 9.0, 10.0, 12.0, 15.0]"
OpenFOAM,0.85,yaw,-6,15,True,7,0.4529510498232262,25.952183480890735,0.053691115129212985,0.9996329215340433,0.05567467277955048,0.0038817311004178904,"[-6.0, 3.0, 6.0, 9.0, 10.0, 12.0, 15.0]"
OpenFOAM,0.85,cn,-6,15,True,7,0.060444596993597006,3.4632203021022527,0.007164875359906342,0.9996329215340433,0.00742957359349022,0.0005180022699888662,"[-6.0, 3.0, 6.0, 9.0, 10.0, 12.0, 15.0]"
OpenFOAM,0.85,pitch,-6,15,True,7,-0.014722728372744076,-0.8435501986757458,-0.007154517520778975,0.6619325786088146,0.06748858238923212,0.004705416594376841,"[-6.0, 3.0, 6.0, 9.0, 10.0, 12.0, 15.0]"
OpenFOAM,0.85,cm,-6,15,True,7,-0.0019646921747593217,-0.1125685696560883,-0.0009547431855956336,0.6619325786088145,0.009006094953921283,0.0006279199702596821,"[-6.0, 3.0, 6.0, 9.0, 10.0, 12.0, 15.0]"
OpenFOAM,0.85,axial,-6,15,True,7,0.13501498250027844,7.735788668298621,147.30067211536942,0.5591433742648719,0.7689821927516076,0.05361472181598263,"[-6.0, 3.0, 6.0, 9.0, 10.0, 12.0, 15.0]"
OpenFOAM,0.85,ca,-6,15,True,7,0.0010415764443289603,0.059677934300292376,1.1363547027743872,0.5591433742648697,0.005932332273396805,0.0004136121064390937,"[-6.0, 3.0, 6.0, 9.0, 10.0, 12.0, 15.0]"
OpenFOAM,0.85,side,-6,15,True,7,1.6513440149156546,94.61504257885548,0.17489757355733992,0.9997448344705632,0.16921980822816873,0.011798287436855903,"[-6.0, 3.0, 6.0, 9.0, 10.0, 12.0, 15.0]"
OpenFOAM,0.85,cy,-6,15,True,7,0.012739334521012996,0.7299101018593588,0.0013492516861026288,0.9997448344705632,0.0013054504240961671,9.101818220526829e-05,"[-6.0, 3.0, 6.0, 9.0, 10.0, 12.0, 15.0]"
OpenFOAM,0.85,normal,-6,15,True,7,0.02631782280543761,1.507900172724723,0.14567822035071942,0.6372114629510859,0.12737440568659789,0.00888075613679259,"[-6.0, 3.0, 6.0, 9.0, 10.0, 12.0, 15.0]"
OpenFOAM,0.85,cNormal,-6,15,True,7,0.00020302949933805227,0.011632733428724536,0.0011238382582374564,0.6372114629510859,0.0009826330242518673,6.851081434531885e-05,"[-6.0, 3.0, 6.0, 9.0, 10.0, 12.0, 15.0]"
SimScale,0.85,roll,-6,15,True,7,0.0804395003112442,4.608843873975564,0.0030445604360889167,0.9995448873454807,0.01100968497776946,0.0007676136104693674,"[-6.0, 3.0, 6.0, 9.0, 10.0, 12.0, 15.0]"
SimScale,0.85,cl,-6,15,True,7,0.010734345754529166,0.6150327075686944,0.0004062850249577088,0.9995448873454807,0.001469200638275259,0.00010243512041693825,"[-6.0, 3.0, 6.0, 9.0, 10.0, 12.0, 15.0]"
SimScale,0.85,yaw,-6,15,True,7,0.46473363639863624,26.62727596340923,-0.05872814494016598,0.9995138983920999,0.0657385984796225,0.004583404795689492,"[-6.0, 3.0, 6.0, 9.0, 10.0, 12.0, 15.0]"
SimScale,0.85,cn,-6,15,True,7,0.06201693841408998,3.5533088294501045,-0.007837047854233448,0.9995138983920999,0.008772566248771105,0.0006116379592057307,"[-6.0, 3.0, 6.0, 9.0, 10.0, 12.0, 15.0]"
SimScale,0.85,pitch,-6,15,True,7,-0.020593445712294375,-1.179917524946249,-0.06835800621255148,0.6815489953457008,0.09029194612544053,0.0062953051700937,"[-6.0, 3.0, 6.0, 9.0, 10.0, 12.0, 15.0]"
SimScale,0.85,cm,-6,15,True,7,-0.0027481171028855044,-0.15745551160305843,-0.00912211626050105,0.6815489953457007,0.01204911722237932,0.0008400845612490057,"[-6.0, 3.0, 6.0, 9.0, 10.0, 12.0, 15.0]"
SimScale,0.85,axial,-6,15,True,7,0.09379221524220988,5.373898084561216,158.2981768649925,0.5812095362158392,0.5106767002628402,0.0356052317993535,"[-6.0, 3.0, 6.0, 9.0, 10.0, 12.0, 15.0]"
SimScale,0.85,ca,-6,15,True,7,0.0007235623798826601,0.04145707058171801,1.221195226999761,0.5812095362158187,0.003939628119866875,0.00027467744727518415,"[-6.0, 3.0, 6.0, 9.0, 10.0, 12.0, 15.0]"
SimScale,0.85,side,-6,15,True,7,1.6843832891070092,96.5080535481956,-0.08332045446073089,0.999587081152275,0.21958879931671899,0.015310097555242657,"[-6.0, 3.0, 6.0, 9.0, 10.0, 12.0, 15.0]"
SimScale,0.85,cy,-6,15,True,7,0.012994216824429727,0.7445137821177104,-0.0006427777205903901,0.999587081152275,0.0016940232600208152,0.0001181101288065297,"[-6.0, 3.0, 6.0, 9.0, 10.0, 12.0, 15.0]"
SimScale,0.85,normal,-6,15,True,7,0.05394497152940444,3.09081919458826,0.14091146451680947,0.7048933419074965,0.22388551267157156,0.01560967158103268,"[-6.0, 3.0, 6.0, 9.0, 10.0, 12.0, 15.0]"
SimScale,0.85,cNormal,-6,15,True,7,0.00041615982607640133,0.02384420163707618,0.0010870650016660383,0.7048933419074965,0.001727170362183632,0.00012042120008778552,"[-6.0, 3.0, 6.0, 9.0, 10.0, 12.0, 15.0]"
OpenFOAM,0.85,roll,0,10,False,5,0.08209098729432715,4.70346710802701,0.004896719133198946,0.9997847281219194,0.004481299028596884,0.0006954649576467735,"[0.0, 3.0, 6.0, 9.0, 10.0]"
OpenFOAM,0.85,cl,0,10,False,5,0.010954730418990324,0.6276598187117255,0.0006534485673729135,0.9997847281219194,0.0005980123324519263,9.280715676569042e-05,"[0.0, 3.0, 6.0, 9.0, 10.0]"
OpenFOAM,0.85,yaw,0,10,False,5,0.45234873552726823,25.91767341379195,0.08240551571712107,0.9994316936879287,0.04012879389003093,0.00622769642575819,"[0.0, 3.0, 6.0, 9.0, 10.0]"
OpenFOAM,0.85,cn,0,10,False,5,0.06036422043878637,3.4586150647398015,0.010996703042226774,0.9994316936879287,0.0053550351091330144,0.000831062431139806,"[0.0, 3.0, 6.0, 9.0, 10.0]"
OpenFOAM,0.85,pitch,0,10,False,5,-0.009352302563698085,-0.53584746562928,0.01218011166223796,0.6703593197122186,0.024397940549613428,0.0037863826052951734,"[0.0, 3.0, 6.0, 9.0, 10.0]"
OpenFOAM,0.85,cm,0,10,False,5,-0.001248029250943416,-0.07150680878793125,0.0016253896332690046,0.6703593197122188,0.0032558124869578394,0.0005052783755108917,"[0.0, 3.0, 6.0, 9.0, 10.0]"
OpenFOAM,0.85,axial,0,10,False,5,-0.06885718958037669,-3.945226352087772,148.25911810995348,0.47628035226309096,0.2686182023835258,0.04168758780694528,"[0.0, 3.0, 6.0, 9.0, 10.0]"
OpenFOAM,0.85,ca,0,10,False,5,-0.000531200503540155,-0.030435546928075027,1.1437486582646097,0.47628035226312937,0.002072261810796297,0.00032159993414447835,"[0.0, 3.0, 6.0, 9.0, 10.0]"
OpenFOAM,0.85,side,0,10,False,5,1.6525271450089603,94.6828309398168,0.2514959040672551,0.9995896463005146,0.12456182114346825,0.019331087060501493,"[0.0, 3.0, 6.0, 9.0, 10.0]"
OpenFOAM,0.85,cy,0,10,False,5,0.012748461807577369,0.7304330568579038,0.0019401714140956927,0.9995896463005146,0.000960935270761427,0.0001491301524662222,"[0.0, 3.0, 6.0, 9.0, 10.0]"
OpenFOAM,0.85,normal,0,10,False,5,0.01560449734807662,0.8940718394678758,0.10747611465556815,0.3820641704076979,0.07382804386851015,0.011457574483315356,"[0.0, 3.0, 6.0, 9.0, 10.0]"
OpenFOAM,0.85,cNormal,0,10,False,5,0.00012038128333880923,0.006897339467682304,0.000829127162631805,0.3820641704076978,0.0005695482827186751,8.838974364153446e-05,"[0.0, 3.0, 6.0, 9.0, 10.0]"
SimScale,0.85,roll,0,10,False,5,0.08018399288863358,4.594204377025711,0.00030316349343306737,0.9992976138721882,0.00790853901587181,0.0012273476321537184,"[0.0, 3.0, 6.0, 9.0, 10.0]"
SimScale,0.85,cl,0,10,False,5,0.010700249259566634,0.6130791223111522,4.0456016584762555e-05,0.9992976138721882,0.0010553644898473487,0.00016378487923922457,"[0.0, 3.0, 6.0, 9.0, 10.0]"
SimScale,0.85,yaw,0,10,False,5,0.4690560890711019,26.874934258686558,-0.08885981103688012,0.9996963238906117,0.03041333803435236,0.004719928465603974,"[0.0, 3.0, 6.0, 9.0, 10.0]"
SimScale,0.85,cn,0,10,False,5,0.06259375330371889,3.586357888186145,-0.01185800423499972,0.9996963238906117,0.004058544430869315,0.0006298565243493333,"[0.0, 3.0, 6.0, 9.0, 10.0]"
SimScale,0.85,pitch,0,10,False,5,-0.02343655310152128,-1.3428155790514091,0.0007546926416796274,0.7262481243854004,0.05353007152444882,0.008307477070378835,"[0.0, 3.0, 6.0, 9.0, 10.0]"
SimScale,0.85,cm,0,10,False,5,-0.003127518983990331,-0.17919363812968928,0.00010071086621427083,0.7262481243854004,0.0071433847025997544,0.0011086012577927976,"[0.0, 3.0, 6.0, 9.0, 10.0]"
SimScale,0.85,axial,0,10,False,5,0.05363017664472409,3.0727827762837685,158.2694008098428,0.3225305845368234,0.28915896891987336,0.04487536510948026,"[0.0, 3.0, 6.0, 9.0, 10.0]"
SimScale,0.85,ca,0,10,False,5,0.0004137313331002427,0.023705059238965123,1.220973233405794,0.32253058453681793,0.0022307240656997056,0.0003461921215195568,"[0.0, 3.0, 6.0, 9.0, 10.0]"
SimScale,0.85,side,0,10,False,5,1.6950088439782802,97.11685299730411,-0.1558538278567898,0.9997827238080276,0.09295939107257595,0.014426620174775775,"[0.0, 3.0, 6.0, 9.0, 10.0]"
SimScale,0.85,cy,0,10,False,5,0.013076187932057119,0.7492103806267725,-0.0012023382357124607,0.9997827238080276,0.0007171375370889646,0.00011129452055660908,"[0.0, 3.0, 6.0, 9.0, 10.0]"
SimScale,0.85,normal,0,10,False,5,0.06597820208264889,3.780272519197039,-0.0588273027674735,0.7626178954075281,0.13694274018698288,0.02125251548633944,"[0.0, 3.0, 6.0, 9.0, 10.0]"
SimScale,0.85,cNormal,0,10,False,5,0.0005089904828030588,0.029163006476941377,-0.0004538246919809962,0.7626178954075282,0.0010564481790036045,0.00016395305990031154,"[0.0, 3.0, 6.0, 9.0, 10.0]"
OpenFOAM,0.85,roll,0,10,True,4,0.08160961144278112,4.675886303373907,0.008782109934963311,0.9995590700984355,0.004694101600263673,0.0012120118215484526,"[3.0, 6.0, 9.0, 10.0]"
OpenFOAM,0.85,cl,0,10,True,4,0.010890492640182865,0.6239792651007632,0.0011719392106045445,0.9995590700984355,0.0006264100272770537,0.00016173837356942418,"[3.0, 6.0, 9.0, 10.0]"
OpenFOAM,0.85,yaw,0,10,True,4,0.44523075482322294,25.509843160794595,0.13985778854262954,0.9990980955130578,0.03663464571945926,0.00945902485104497,"[3.0, 6.0, 9.0, 10.0]"
OpenFOAM,0.85,cn,0,10,True,4,0.059414352952593036,3.404191666684222,0.018663490609358624,0.9990980955130578,0.004888754308837845,0.0012622709347885818,"[3.0, 6.0, 9.0, 10.0]"
OpenFOAM,0.85,pitch,0,10,True,4,-0.004939862576198373,-0.2830332769907888,-0.023434582522581134,0.2734380444363045,0.022052222007411602,0.005693859238771588,"[3.0, 6.0, 9.0, 10.0]"
OpenFOAM,0.85,cm,0,10,True,4,-0.0006592058959540835,-0.03776971566830906,-0.0031272560177163207,0.27343804443630426,0.002942785258079284,0.0007598238864003842,"[3.0, 6.0, 9.0, 10.0]"
OpenFOAM,0.85,axial,0,10,True,4,-0.08776579081836075,-5.028609399520103,148.41173753423152,0.4033397585402023,0.2923371003187412,0.07548111473420345,"[3.0, 6.0, 9.0, 10.0]"
OpenFOAM,0.85,ca,0,10,True,4,-0.0006770713786087808,-0.03879333242338739,1.1449260446133778,0.4033397585401308,0.0022552418395108027,0.0005823009390730346,"[3.0, 6.0, 9.0, 10.0]"
OpenFOAM,0.85,side,0,10,True,4,1.6279374445668664,93.27394488499385,0.44996991477844084,0.9994273320619058,0.10671959481170128,0.02755488089464817,"[3.0, 6.0, 9.0, 10.0]"
OpenFOAM,0.85,cy,0,10,True,4,0.012558763951241034,0.7195641703071529,0.003471304111667517,0.9994273320619058,0.0008232909714591942,0.00021257281476962564,"[3.0, 6.0, 9.0, 10.0]"
OpenFOAM,0.85,normal,0,10,True,4,-0.006229047879724941,-0.35689815389315316,0.2837040154228236,0.3670757079207658,0.022400120806878344,0.005783686322538272,"[3.0, 6.0, 9.0, 10.0]"
OpenFOAM,0.85,cNormal,0,10,True,4,-4.805414496946953e-05,-0.0027532996948604204,0.002188641691120055,0.3670757079207655,0.0001728062897206202,4.46183921471904e-05,"[3.0, 6.0, 9.0, 10.0]"
SimScale,0.85,roll,0,10,True,4,0.08204683867848174,4.700937578667724,-0.014732663238912869,0.999361903068761,0.0056777258270604624,0.0014659825048357936,"[3.0, 6.0, 9.0, 10.0]"
SimScale,0.85,cl,0,10,True,4,0.010948838953911166,0.6273222626275411,-0.0019660179449104004,0.999361903068761,0.000757670943892817,0.00019562979650680895,"[3.0, 6.0, 9.0, 10.0]"
SimScale,0.85,yaw,0,10,True,4,0.4749546821415702,27.212898746689508,-0.1364698836770888,0.9995890507160311,0.02637340317233116,0.0068095834179501625,"[3.0, 6.0, 9.0, 10.0]"
SimScale,0.85,cn,0,10,True,4,0.06338089814224576,3.631457965299242,-0.01821138757453805,0.9995890507160311,0.003519430469856192,0.0009087130398591985,"[3.0, 6.0, 9.0, 10.0]"
SimScale,0.85,pitch,0,10,True,4,-0.03949602063370424,-2.262955289872868,0.1303775377228707,0.9859096487047457,0.012930827697428517,0.0033387253549878827,"[3.0, 6.0, 9.0, 10.0]"
SimScale,0.85,cm,0,10,True,4,-0.005270593921764279,-0.301982787244398,0.01739838714967542,0.9859096487047457,0.0017255698364530652,0.00044554021595337185,"[3.0, 6.0, 9.0, 10.0]"
SimScale,0.85,axial,0,10,True,4,0.13523192630392772,7.748218632639241,157.61075811616496,0.8934650874995886,0.12788424661945672,0.03301957049329586,"[3.0, 6.0, 9.0, 10.0]"
SimScale,0.85,ca,0,10,True,4,0.001043250062704056,0.0597738255697009,1.21589211794542,0.893465087499584,0.0009865662048233182,0.0002547302987474511,"[3.0, 6.0, 9.0, 10.0]"
SimScale,0.85,side,0,10,True,4,1.7078543767459924,97.85284781049101,-0.2595356280533263,0.9996062421053403,0.09282856269893364,0.0239682318256894,"[3.0, 6.0, 9.0, 10.0]"
SimScale,0.85,cy,0,10,True,4,0.013175285114443356,0.7548882309391421,-0.0020021940649728176,0.9996062421053403,0.0007161282583429186,0.00018490352122070976,"[3.0, 6.0, 9.0, 10.0]"
SimScale,0.85,normal,0,10,True,4,0.10403933556047304,5.9610148309604485,-0.36603502298133983,0.9501210818859522,0.06528256905657606,0.016855886850250315,"[3.0, 6.0, 9.0, 10.0]"
SimScale,0.85,cNormal,0,10,True,4,0.0008026140447279763,0.04598639734083733,-0.002823786298946402,0.9501210818859521,0.0005036240045023769,0.000130035158812533,"[3.0, 6.0, 9.0, 10.0]"
OpenFOAM,0.85,roll,0,15,False,7,0.08100796550396112,4.641414530318335,0.009402474914124936,0.9997532482451308,0.00613855037041892,0.0005691496013765429,"[0.0, 3.0, 6.0, 9.0, 10.0, 12.0, 15.0]"
OpenFOAM,0.85,cl,0,15,False,7,0.010810205275093413,0.6193791379329117,0.001254724560520365,0.9997532482451308,0.0008191662286899964,7.595085230003905e-05,"[0.0, 3.0, 6.0, 9.0, 10.0, 12.0, 15.0]"
OpenFOAM,0.85,yaw,0,15,False,7,0.44902904611965266,25.727469221441293,0.09098086811684558,0.9994921899815224,0.048819097944510066,0.0045263732409161804,"[0.0, 3.0, 6.0, 9.0, 10.0, 12.0, 15.0]"
OpenFOAM,0.85,cn,0,15,False,7,0.05992122049769881,3.43323303779094,0.012141051245154522,0.9994921899815224,0.006514723173725898,0.0006040273148645,"[0.0, 3.0, 6.0, 9.0, 10.0, 12.0, 15.0]"
OpenFOAM,0.85,pitch,0,15,False,7,-0.021562646451222193,-1.2354486367877737,0.06043718083206706,0.7833810314040055,0.05469128958498426,0.005070826789344825,"[0.0, 3.0, 6.0, 9.0, 10.0, 12.0, 15.0]"
OpenFOAM,0.85,cm,0,15,False,7,-0.0028774532598350275,-0.16486592753470772,0.008065112201967829,0.7833810314040053,0.007298344841710027,0.000676682572710458,"[0.0, 3.0, 6.0, 9.0, 10.0, 12.0, 15.0]"
OpenFOAM,0.85,axial,0,15,False,7,0.11956867099310224,6.850780209893069,147.50224214564727,0.3300806171467201,0.821623870313494,0.07617871810970653,"[0.0, 3.0, 6.0, 9.0, 10.0, 12.0, 15.0]"
OpenFOAM,0.85,ca,0,15,False,7,0.0009224154895985557,0.05285051451149073,1.137909719791996,0.3300806171467169,0.006338437805709178,0.0005876826176834313,"[0.0, 3.0, 6.0, 9.0, 10.0, 12.0, 15.0]"
OpenFOAM,0.85,side,0,15,False,7,1.6384356809570342,93.87544952248112,0.29621192728916235,0.9996727020625442,0.14299685983819496,0.013258277747006884,"[0.0, 3.0, 6.0, 9.0, 10.0, 12.0, 15.0]"
OpenFOAM,0.85,cy,0,15,False,7,0.012639752857275767,0.7242044928103246,0.0022851342886559822,0.9996727020625442,0.0011031528357985537,0.00010228131380622718,"[0.0, 3.0, 6.0, 9.0, 10.0, 12.0, 15.0]"
OpenFOAM,0.85,normal,0,15,False,7,0.038940018605591965,2.2310987202613206,0.017160923758377633,0.7252737340157824,0.11559782350639958,0.010717914034836426,"[0.0, 3.0, 6.0, 9.0, 10.0, 12.0, 15.0]"
OpenFOAM,0.85,cNormal,0,15,False,7,0.0003004037431270454,0.01721186663111181,0.000132388373635604,0.7252737340157823,0.0008917822877895383,8.26836146944314e-05,"[0.0, 3.0, 6.0, 9.0, 10.0, 12.0, 15.0]"
SimScale,0.85,roll,0,15,False,7,0.08099286483375541,4.640549325647729,-0.0019081077710966232,0.9993136420001969,0.010238246660646521,0.0009492622287147616,"[0.0, 3.0, 6.0, 9.0, 10.0, 12.0, 15.0]"
SimScale,0.85,cl,0,15,False,7,0.010808190148016717,0.6192636796562344,-0.0002546297338074377,0.9993136420001969,0.0013662551252841505,0.00012667543850113688,"[0.0, 3.0, 6.0, 9.0, 10.0, 12.0, 15.0]"
SimScale,0.85,yaw,0,15,False,7,0.465575234487132,26.675495981926318,-0.0670538162897798,0.9991484087094264,0.06556089314415815,0.006078626702926489,"[0.0, 3.0, 6.0, 9.0, 10.0, 12.0, 15.0]"
SimScale,0.85,cn,0,15,False,7,0.06212924648205794,3.559743607749937,-0.008948077069476312,0.9991484087094263,0.00874885214679488,0.0008111696428925454,"[0.0, 3.0, 6.0, 9.0, 10.0, 12.0, 15.0]"
SimScale,0.85,pitch,0,15,False,7,-0.031097650166658625,-1.7817641073238404,0.031828669837659584,0.8788163834768731,0.05569995464178161,0.005164347454706652,"[0.0, 3.0, 6.0, 9.0, 10.0, 12.0, 15.0]"
SimScale,0.85,cm,0,15,False,7,-0.0041498632854590645,-0.23776965181309795,0.004247415083661735,0.8788163834768731,0.0074329473619678624,0.0006891625502501385,"[0.0, 3.0, 6.0, 9.0, 10.0, 12.0, 15.0]"
SimScale,0.85,axial,0,15,False,7,0.13310778005270246,7.626514017375497,157.9431127095793,0.6982231310730349,0.4220886596846931,0.03913490611118142,"[0.0, 3.0, 6.0, 9.0, 10.0, 12.0, 15.0]"
SimScale,0.85,ca,0,15,False,7,0.0010268632835584023,0.05883493228484195,1.2184560757318401,0.6982231310730365,0.0032562134750123363,0.0003019072076415533,"[0.0, 3.0, 6.0, 9.0, 10.0, 12.0, 15.0]"
SimScale,0.85,side,0,15,False,7,1.6847140586921525,96.5270052494156,-0.08755600504725436,0.9992698008961708,0.2196644877994996,0.02036669052519897,"[0.0, 3.0, 6.0, 9.0, 10.0, 12.0, 15.0]"
SimScale,0.85,cy,0,15,False,7,0.012996768554630375,0.7446599854886635,-0.0006754529810540227,0.9992698008961708,0.001694607160705829,0.00015711934118082952,"[0.0, 3.0, 6.0, 9.0, 10.0, 12.0, 15.0]"
SimScale,0.85,normal,0,15,False,7,0.08124088248380609,4.654759690240386,-0.12164972492307602,0.8960732413399815,0.13345073033554405,0.012373186728237279,"[0.0, 3.0, 6.0, 9.0, 10.0, 12.0, 15.0]"
SimScale,0.85,cNormal,0,15,False,7,0.0006267348107937237,0.03590925953241056,-0.0009384698319589288,0.8960732413399813,0.001029508982054734,9.545325710344134e-05,"[0.0, 3.0, 6.0, 9.0, 10.0, 12.0, 15.0]"
OpenFOAM,0.85,roll,0,15,True,6,0.08034505957192771,4.603432818198635,0.016573911815213616,0.9997041667322922,0.005377667322700902,0.0006910618773697273,"[3.0, 6.0, 9.0, 10.0, 12.0, 15.0]"
OpenFOAM,0.85,cl,0,15,True,6,0.010721742996615283,0.6143106227300038,0.002211725573147416,0.9997041667322922,0.0007176292763051345,9.221958242850712e-05,"[3.0, 6.0, 9.0, 10.0, 12.0, 15.0]"
OpenFOAM,0.85,yaw,0,15,True,6,0.44508509360705284,25.501497387869303,0.13364726348042666,0.9992509644227386,0.04741371504331182,0.006092941226131466,"[3.0, 6.0, 9.0, 10.0, 12.0, 15.0]"
OpenFOAM,0.85,cn,0,15,True,6,0.059394915016612,3.4030779549900636,0.01783471963145722,0.9992509644227386,0.006327180164127487,0.000813079861638297,"[3.0, 6.0, 9.0, 10.0, 12.0, 15.0]"
OpenFOAM,0.85,pitch,0,15,True,6,-0.024524231156598252,-1.4051349410763174,0.09247614264477169,0.7405822058343341,0.05647492285798695,0.007257359719855184,"[3.0, 6.0, 9.0, 10.0, 12.0, 15.0]"
OpenFOAM,0.85,cm,0,15,True,6,-0.0032726654887253685,-0.18750992026208252,0.012340589950872421,0.7405822058343341,0.007536363926582648,0.0009684670864001979,"[3.0, 6.0, 9.0, 10.0, 12.0, 15.0]"
OpenFOAM,0.85,axial,0,15,True,6,0.1877726170521362,10.758578465213636,146.7643994564632,0.4593136353382844,0.7926789028259636,0.10186390080804808,"[3.0, 6.0, 9.0, 10.0, 12.0, 15.0]"
OpenFOAM,0.85,ca,0,15,True,6,0.0014485765297277665,0.08299732145510805,1.1322176139942348,0.4593136353382893,0.006115141133306006,0.0007858315991627456,"[3.0, 6.0, 9.0, 10.0, 12.0, 15.0]"
OpenFOAM,0.85,side,0,15,True,6,1.6232879287499862,93.0075472519073,0.46008306480177374,0.9995990378536854,0.12649732222509957,0.01625564984470176,"[3.0, 6.0, 9.0, 10.0, 12.0, 15.0]"
OpenFOAM,0.85,cy,0,15,True,6,0.012522895145700234,0.7175090391334895,0.003549322259336754,0.9995990378536854,0.0009758667420490443,0.00012540461548751707,"[3.0, 6.0, 9.0, 10.0, 12.0, 15.0]"
OpenFOAM,0.85,normal,0,15,True,6,0.03861131581910331,2.212265437881331,0.02071689026675494,0.591509712528411,0.124845108231389,0.016043330629734644,"[3.0, 6.0, 9.0, 10.0, 12.0, 15.0]"
OpenFOAM,0.85,cNormal,0,15,True,6,0.0002978679572960828,0.01706657680524858,0.0001598209658069268,0.591509712528411,0.0009631206960549479,0.00012376667361697064,"[3.0, 6.0, 9.0, 10.0, 12.0, 15.0]"
SimScale,0.85,roll,0,15,True,6,0.08202170755723992,4.699497671486137,-0.013038315416065371,0.9991557520652656,0.009276714993971497,0.0011921124336746929,"[3.0, 6.0, 9.0, 10.0, 12.0, 15.0]"
SimScale,0.85,cl,0,15,True,6,0.010945485301245936,0.6271301124838706,-0.0017399136641962631,0.9991557520652656,0.001237942376894589,0.00015908287584860307,"[3.0, 6.0, 9.0, 10.0, 12.0, 15.0]"
SimScale,0.85,yaw,0,15,True,6,0.4659257903426077,26.695581352928677,-0.0708461932717439,0.9984777607011077,0.07078414948102817,0.009096179494385466,"[3.0, 6.0, 9.0, 10.0, 12.0, 15.0]"
SimScale,0.85,cn,0,15,True,6,0.062176026829329996,3.5624239242127826,-0.009454155371782957,0.9984777607011077,0.009445875863595113,0.0012138506002671325,"[3.0, 6.0, 9.0, 10.0, 12.0, 15.0]"
SimScale,0.85,pitch,0,15,True,6,-0.0411793284493727,-2.3594017233320566,0.14089409853247548,0.9945653782195566,0.011843886984494786,0.0015220091321582624,"[3.0, 6.0, 9.0, 10.0, 12.0, 15.0]"
SimScale,0.85,cm,0,15,True,6,-0.005495224955457569,-0.3148531974226845,0.01880178224091828,0.9945653782195566,0.001580521727226135,0.00020310633709709787,"[3.0, 6.0, 9.0, 10.0, 12.0, 15.0]"
SimScale,0.85,axial,0,15,True,6,0.20132896105902812,11.535299762436013,157.20508356960175,0.9267031303116341,0.22030565841931174,0.02831057273843399,"[3.0, 6.0, 9.0, 10.0, 12.0, 15.0]"
SimScale,0.85,ca,0,15,True,6,0.001553157283117638,0.08898935724264617,1.21276253155479,0.9267031303116369,0.0016995534874173043,0.00021840261831499564,"[3.0, 6.0, 9.0, 10.0, 12.0, 15.0]"
SimScale,0.85,side,0,15,True,6,1.6833773528690998,96.45041764730412,-0.0730952784160479,0.9986909129923066,0.23713583517971312,0.030473349431482732,"[3.0, 6.0, 9.0, 10.0, 12.0, 15.0]"
SimScale,0.85,cy,0,15,True,6,0.012986456504274881,0.7440691485251675,-0.000563895345390017,0.9986909129923066,0.0018293903051015503,0.00023508741296598238,"[3.0, 6.0, 9.0, 10.0, 12.0, 15.0]"
SimScale,0.85,normal,0,15,True,6,0.10404232488703462,5.961186106756013,-0.36831987455800275,0.9821392067012387,0.05459098079689541,0.007015262085422149,"[3.0, 6.0, 9.0, 10.0, 12.0, 15.0]"
SimScale,0.85,cNormal,0,15,True,6,0.0008026371059621689,0.04598771865222692,-0.002841412843326653,0.9821392067012386,0.0004211434806558881,5.4119414035806936e-05,"[3.0, 6.0, 9.0, 10.0, 12.0, 15.0]"
OpenFOAM,0.9,roll,-6,15,False,8,0.09580724481456958,5.489350774651478,0.009054797289762995,0.9995788683792104,0.01264694784184834,0.0008028291235027024,"[-6.0, 0.0, 3.0, 6.0, 9.0, 10.0, 12.0, 15.0]"
OpenFOAM,0.9,cl,-6,15,False,8,0.011415444872559811,0.654056812461933,0.001078880198397844,0.9995788683792103,0.0015068853735871592,9.565718771235276e-05,"[-6.0, 0.0, 3.0, 6.0, 9.0, 10.0, 12.0, 15.0]"
OpenFOAM,0.9,yaw,-6,15,False,8,0.49766428367631727,28.51406306905433,0.09387463879210456,0.9995612686540567,0.06705297935378646,0.004256527765910172,"[-6.0, 0.0, 3.0, 6.0, 9.0, 10.0, 12.0, 15.0]"
OpenFOAM,0.9,cn,-6,15,False,8,0.05929675993025777,3.397454082804224,0.011185174629922912,0.9995612686540567,0.007989370645565588,0.0005071658010238323,"[-6.0, 0.0, 3.0, 6.0, 9.0, 10.0, 12.0, 15.0]"
OpenFOAM,0.9,pitch,-6,15,False,8,-0.006085269837387909,-0.3486602788805879,-0.15284467520034636,0.07701777801926424,0.13547775767988404,0.008600137425438836,"[-6.0, 0.0, 3.0, 6.0, 9.0, 10.0, 12.0, 15.0]"
OpenFOAM,0.9,cm,-6,15,False,8,-0.0007250606412677974,-0.041542914635693796,-0.018211461640409578,0.07701777801926424,0.016142191305532128,0.0010247074202639624,"[-6.0, 0.0, 3.0, 6.0, 9.0, 10.0, 12.0, 15.0]"
OpenFOAM,0.9,axial,-6,15,False,8,0.1664349880173845,9.53602237670656,188.34680247982507,0.38626920820507427,1.3491974900282733,0.08564714996034488,"[-6.0, 0.0, 3.0, 6.0, 9.0, 10.0, 12.0, 15.0]"
OpenFOAM,0.9,ca,-6,15,False,8,0.0011464156034783422,0.06568477564725231,1.2973456831418748,0.3862692082050724,0.00929336477364162,0.0005899434384417589,"[-6.0, 0.0, 3.0, 6.0, 9.0, 10.0, 12.0, 15.0]"
OpenFOAM,0.9,side,-6,15,False,8,1.790657056588656,102.5970918978486,0.3002494726998979,0.9996036910242607,0.2292991426367133,0.014555925429992869,"[-6.0, 0.0, 3.0, 6.0, 9.0, 10.0, 12.0, 15.0]"
OpenFOAM,0.9,cy,-6,15,False,8,0.012334168521930018,0.7066958001097028,0.002068138944458897,0.9996036910242607,0.001579428208661722,0.00010026221189902647,"[-6.0, 0.0, 3.0, 6.0, 9.0, 10.0, 12.0, 15.0]"
OpenFOAM,0.9,normal,-6,15,False,8,-0.0006743569961676898,-0.038637809765528455,0.6495168276813703,0.00011648988569024077,0.4017976983941722,0.025506145677284014,"[-6.0, 0.0, 3.0, 6.0, 9.0, 10.0, 12.0, 15.0]"
OpenFOAM,0.9,cNormal,-6,15,False,8,-4.645017204199054e-06,-0.0002661398815662631,0.004473916421335009,0.00011648988569024077,0.0027676100822781775,0.0001756880793957556,"[-6.0, 0.0, 3.0, 6.0, 9.0, 10.0, 12.0, 15.0]"
OpenFOAM,0.9,roll,-6,15,True,6,0.0959488579849991,5.497464611640557,0.010156088231920712,0.9995133980032843,0.013904869612831295,0.0010585282370751765,"[-6.0, 3.0, 6.0, 9.0, 10.0, 15.0]"
OpenFOAM,0.9,cl,-6,15,True,6,0.011432318099040705,0.6550235771260567,0.0012100991481044238,0.9995133980032843,0.00165676690559908,0.00012612376819484583,"[-6.0, 3.0, 6.0, 9.0, 10.0, 15.0]"
OpenFOAM,0.9,yaw,-6,15,True,6,0.4987640854629025,28.577077069726613,0.09929076521739333,0.9995209444297897,0.07171774881357194,0.005459616978254631,"[-6.0, 3.0, 6.0, 9.0, 10.0, 15.0]"
OpenFOAM,0.9,cn,-6,15,True,6,0.0594278014468968,3.4049622086486337,0.011830506752252057,0.9995209444297898,0.008545178494068559,0.0006505140270047673,"[-6.0, 3.0, 6.0, 9.0, 10.0, 15.0]"
OpenFOAM,0.9,pitch,-6,15,True,6,0.0014605018491328206,0.08368059192636312,-0.21918336228199112,0.0077410796259616,0.10860462671979851,0.008267683715195059,"[-6.0, 3.0, 6.0, 9.0, 10.0, 15.0]"
OpenFOAM,0.9,cm,-6,15,True,6,0.00017401897296301315,0.009970552705981834,-0.02611572427487112,0.007741079625961489,0.012940254483095855,0.0009850955202525275,"[-6.0, 3.0, 6.0, 9.0, 10.0, 15.0]"
OpenFOAM,0.9,axial,-6,15,True,6,0.18228122413219114,10.443944827252764,187.78163594485667,0.48670200400920727,1.229503108474935,0.09359769592455888,"[-6.0, 3.0, 6.0, 9.0, 10.0, 15.0]"
OpenFOAM,0.9,ca,-6,15,True,6,0.0012555655638011,0.07193860770776672,1.2934527773173865,0.4867020040092114,0.008468901670684493,0.0006447073439049183,"[-6.0, 3.0, 6.0, 9.0, 10.0, 15.0]"
OpenFOAM,0.9,side,-6,15,True,6,1.7941288564511526,102.79601137728378,0.32396927472572834,0.9995725867027861,0.2436716224410952,0.01854985340458007,"[-6.0, 3.0, 6.0, 9.0, 10.0, 15.0]"
OpenFOAM,0.9,cy,-6,15,True,6,0.012358082517310028,0.7080659711162727,0.0022315225663629007,0.9995725867027861,0.0016784268345197658,0.0001277726614972634,"[-6.0, 3.0, 6.0, 9.0, 10.0, 15.0]"
OpenFOAM,0.9,normal,-6,15,True,6,-0.024643620685179595,-1.4119754571820848,0.8674444539045901,0.2383669630438735,0.28932692298895224,0.02202542895096738,"[-6.0, 3.0, 6.0, 9.0, 10.0, 15.0]"
OpenFOAM,0.9,cNormal,-6,15,True,6,-0.00016974694814013736,-0.00972578371365593,0.005975016845635202,0.23836696304387361,0.0019929036735128304,0.00015171266404666678,"[-6.0, 3.0, 6.0, 9.0, 10.0, 15.0]"
OpenFOAM,0.9,roll,0,10,False,5,0.09752060504658662,5.5875190847316105,0.00781022106452689,0.9998924087572484,0.0037633642804656238,0.0005840467157450304,"[0.0, 3.0, 6.0, 9.0, 10.0]"
OpenFOAM,0.9,cl,0,10,False,5,0.011619591952598297,0.6657535785480578,0.0009305887897848447,0.9998924087572484,0.00044840531175032247,6.958923721782253e-05,"[0.0, 3.0, 6.0, 9.0, 10.0]"
OpenFOAM,0.9,yaw,0,10,False,5,0.4986402690709116,28.569982913030994,0.11645918097345742,0.9985586417920016,0.07047816187697897,0.010937697206102867,"[0.0, 3.0, 6.0, 9.0, 10.0]"
OpenFOAM,0.9,cn,0,10,False,5,0.05941304870873147,3.404116939015499,0.013876125577757858,0.9985586417920016,0.008397481559804281,0.0013032279524442772,"[0.0, 3.0, 6.0, 9.0, 10.0]"
OpenFOAM,0.9,pitch,0,10,False,5,-0.03134392609908161,-1.7958746788473265,0.06580985390813346,0.9661518855242619,0.02182558923802872,0.0033871724243749284,"[0.0, 3.0, 6.0, 9.0, 10.0]"
OpenFOAM,0.9,cm,0,10,False,5,-0.0037346326070243365,-0.2139786864144342,0.007841252097516415,0.9661518855242618,0.002600521612327622,0.0004035820063414115,"[0.0, 3.0, 6.0, 9.0, 10.0]"
OpenFOAM,0.9,axial,0,10,False,5,-0.013376892896288009,-0.766439505955835,189.97869033355255,0.04925546806756653,0.21863917897158064,0.0339312075300195,"[0.0, 3.0, 6.0, 9.0, 10.0]"
OpenFOAM,0.9,ca,0,10,False,5,-9.214095500616248e-05,-0.005279287842157925,1.308586238513829,0.04925546806750203,0.0015060016483946063,0.000233720482818274,"[0.0, 3.0, 6.0, 9.0, 10.0]"
OpenFOAM,0.9,side,0,10,False,5,1.7954201191585886,102.86999528066248,0.374847933835877,0.9987602350880023,0.2353277711278186,0.036521155436431876,"[0.0, 3.0, 6.0, 9.0, 10.0]"
OpenFOAM,0.9,cy,0,10,False,5,0.012366976823330825,0.7085755773129623,0.0025819782570968564,0.9987602350880023,0.0016209538148585047,0.000251560221490266,"[0.0, 3.0, 6.0, 9.0, 10.0]"
OpenFOAM,0.9,normal,0,10,False,5,0.08806826069491333,5.045939646876408,-0.029782746535742144,0.9066126078656915,0.10515276842541871,0.016318943496685643,"[0.0, 3.0, 6.0, 9.0, 10.0]"
OpenFOAM,0.9,cNormal,0,10,False,5,0.000606620215103453,0.034756778092746014,-0.00020514559919005077,0.9066126078656916,0.0007242994751755705,0.00011240600116441617,"[0.0, 3.0, 6.0, 9.0, 10.0]"
OpenFOAM,0.9,roll,0,10,True,4,0.09717992084211577,5.567999317668658,0.010560029286327266,0.9997718005032903,0.004020814823319969,0.0010381699232601437,"[3.0, 6.0, 9.0, 10.0]"
OpenFOAM,0.9,cl,0,10,True,4,0.011578999388198643,0.6634277959283446,0.0012582287738677755,0.9997718005032903,0.00047908057524476935,0.0001236980726276307,"[3.0, 6.0, 9.0, 10.0]"
OpenFOAM,0.9,yaw,0,10,True,4,0.4906041241273918,28.109545724211912,0.18132235087472415,0.997042914055318,0.07317064345854388,0.01889257890308141,"[3.0, 6.0, 9.0, 10.0]"
OpenFOAM,0.9,cn,0,10,True,4,0.05845554106128578,3.3492557919653603,0.021604580160712372,0.997042914055318,0.008718291067730541,0.0022510530741806176,"[3.0, 6.0, 9.0, 10.0]"
OpenFOAM,0.9,pitch,0,10,True,4,-0.03090705063371108,-1.7708435585087812,0.0622836447947856,0.9235660087643035,0.02434991749995277,0.006287121663922774,"[3.0, 6.0, 9.0, 10.0]"
OpenFOAM,0.9,cm,0,10,True,4,-0.0036825788421888735,-0.21099622538159568,0.0074211038527730346,0.9235660087643035,0.002901295631766457,0.0007491113109503877,"[3.0, 6.0, 9.0, 10.0]"
OpenFOAM,0.9,axial,0,10,True,4,0.0037257138389909035,0.2134676786476623,189.8406478649035,0.0018595417108270285,0.2363921193268951,0.061036182755182744,"[3.0, 6.0, 9.0, 10.0]"
OpenFOAM,0.9,ca,0,10,True,4,2.5662972251187337e-05,0.0014703799997543795,1.3076353925295374,0.0018595417107989398,0.001628285118194979,0.00042042140970976864,"[3.0, 6.0, 9.0, 10.0]"
OpenFOAM,0.9,side,0,10,True,4,1.7647739789554227,101.11410078865488,0.6222060654757158,0.9975746599905991,0.2383050986881216,0.061530111902360664,"[3.0, 6.0, 9.0, 10.0]"
OpenFOAM,0.9,cy,0,10,True,4,0.012155884109390025,0.6964808557181921,0.004285798019619022,0.9975746599905991,0.0016414618511341544,0.0004238236275251585,"[3.0, 6.0, 9.0, 10.0]"
OpenFOAM,0.9,normal,0,10,True,4,0.07821867024812452,4.481599684343036,0.04971751921333889,0.7854115470220847,0.11196843128310764,0.028910124644029696,"[3.0, 6.0, 9.0, 10.0]"
OpenFOAM,0.9,cNormal,0,10,True,4,0.0005387755611002311,0.03086956575583605,0.0003424576795502403,0.7854115470220847,0.0007712462280259161,0.0001991349197979774,"[3.0, 6.0, 9.0, 10.0]"
OpenFOAM,0.9,roll,0,15,False,7,0.09480860486478204,5.432132920275496,0.01857791021299482,0.9993448232178834,0.01170910518347824,0.0010856362081456468,"[0.0, 3.0, 6.0, 9.0, 10.0, 12.0, 15.0]"
OpenFOAM,0.9,cl,0,15,False,7,0.011296456801079418,0.6472392981537055,0.002213560261484074,0.9993448232178834,0.0013951413067738434,0.00012935368624499748,"[0.0, 3.0, 6.0, 9.0, 10.0, 12.0, 15.0]"
OpenFOAM,0.9,yaw,0,15,False,7,0.4933417683306177,28.266401182865213,0.13509450162480618,0.9992442967642362,0.06543981661441411,0.00606740081823359,"[0.0, 3.0, 6.0, 9.0, 10.0, 12.0, 15.0]"
OpenFOAM,0.9,cn,0,15,False,7,0.05878173170107607,3.3679451389420163,0.016096526299954617,0.9992442967642362,0.007797162108962604,0.000722931545462174,"[0.0, 3.0, 6.0, 9.0, 10.0, 12.0, 15.0]"
OpenFOAM,0.9,pitch,0,15,False,7,-0.02663402984081836,-1.526017501304384,0.0431099949354595,0.9100936139154668,0.040377879221307915,0.003743726527680064,"[0.0, 3.0, 6.0, 9.0, 10.0, 12.0, 15.0]"
OpenFOAM,0.9,cm,0,15,False,7,-0.0031734478949940444,-0.181825170887834,0.005136561139969579,0.9100936139154668,0.004811029220324932,0.0004460654711174048,"[0.0, 3.0, 6.0, 9.0, 10.0, 12.0, 15.0]"
OpenFOAM,0.9,axial,0,15,False,7,-0.016356671826127076,-0.9371682625176225,190.08991882369358,0.011199724569371905,0.7413101458594125,0.06873224923679792,"[0.0, 3.0, 6.0, 9.0, 10.0, 12.0, 15.0]"
OpenFOAM,0.9,ca,0,15,False,7,-0.00011266587648317615,-0.0064552792176282275,1.3093523879765592,0.01119972456935292,0.005106195087665541,0.000473432443056971,"[0.0, 3.0, 6.0, 9.0, 10.0, 12.0, 15.0]"
OpenFOAM,0.9,side,0,15,False,7,1.7753086014939978,101.71769019887863,0.44661360633452496,0.9993281619726464,0.22202734761278123,0.020585768424651988,"[0.0, 3.0, 6.0, 9.0, 10.0, 12.0, 15.0]"
OpenFOAM,0.9,cy,0,15,False,7,0.012228447311387645,0.7006384209406109,0.003076305127466067,0.9993281619726464,0.0015293395861909402,0.00014179618367952552,"[0.0, 3.0, 6.0, 9.0, 10.0, 12.0, 15.0]"
OpenFOAM,0.9,normal,0,15,False,7,0.055275214011456755,3.167036474538865,0.11597710415505474,0.6337263007342693,0.20269209896543158,0.018793057052080096,"[0.0, 3.0, 6.0, 9.0, 10.0, 12.0, 15.0]"
OpenFOAM,0.9,cNormal,0,15,False,7,0.0003807394621960099,0.021814764277912124,0.0007988582414876553,0.6337263007342693,0.0013961570684372818,0.00012944786488831782,"[0.0, 3.0, 6.0, 9.0, 10.0, 12.0, 15.0]"
OpenFOAM,0.9,roll,0,15,True,5,0.0937933432670094,5.373962715621415,0.031091155835409667,0.9991463129829028,0.011048411018927014,0.0015828734059540055,"[3.0, 6.0, 9.0, 10.0, 15.0]"
OpenFOAM,0.9,cl,0,15,True,5,0.011175488258219932,0.6403083111940097,0.003704514999363709,0.9991463129829028,0.001316419516708245,0.00018859955884214293,"[3.0, 6.0, 9.0, 10.0, 15.0]"
OpenFOAM,0.9,yaw,0,15,True,5,0.4898426203371669,28.065914770948808,0.18593896760296236,0.9989006246416244,0.06548795651319578,0.009382267241636077,"[3.0, 6.0, 9.0, 10.0, 15.0]"
OpenFOAM,0.9,cn,0,15,True,5,0.05836480779205981,3.344057158577288,0.0221546506053949,0.9989006246416244,0.007802897983757664,0.001117898282993243,"[3.0, 6.0, 9.0, 10.0, 15.0]"
OpenFOAM,0.9,pitch,0,15,True,5,-0.021893667781328712,-1.254414761931684,0.007640011252217499,0.8618879674155968,0.03531847033414216,0.005059973541454868,"[3.0, 6.0, 9.0, 10.0, 15.0]"
OpenFOAM,0.9,cm,0,15,True,5,-0.0026086331790421144,-0.149463671456908,0.0009103082699458073,0.8618879674155968,0.0042082000360501685,0.0006028964629019928,"[3.0, 6.0, 9.0, 10.0, 15.0]"
OpenFOAM,0.9,axial,0,15,True,5,-0.08527081767605307,-4.88565796846738,190.38018933721347,0.49582307404045745,0.3465146146248135,0.04964413138906608,"[3.0, 6.0, 9.0, 10.0, 15.0]"
OpenFOAM,0.9,ca,0,15,True,5,-0.000587351235876991,-0.03365274690754448,1.3113517911663146,0.4958230740404497,0.0023868164126504368,0.00034195217918728623,"[3.0, 6.0, 9.0, 10.0, 15.0]"
OpenFOAM,0.9,side,0,15,True,5,1.7611758458837772,100.90794294952315,0.6440197472225666,0.9990964573162546,0.21343535478884867,0.03057825658430623,"[3.0, 6.0, 9.0, 10.0, 15.0]"
OpenFOAM,0.9,cy,0,15,True,5,0.012131099922207608,0.6950608263939771,0.004436052154412437,0.9990964573162546,0.0014701573507988103,0.00021062512692193708,"[3.0, 6.0, 9.0, 10.0, 15.0]"
OpenFOAM,0.9,normal,0,15,True,5,0.028543613098694427,1.6354285626095244,0.35087255318175886,0.2830733256875193,0.1830584810556401,0.026226251078179767,"[3.0, 6.0, 9.0, 10.0, 15.0]"
OpenFOAM,0.9,cNormal,0,15,True,5,0.00019661036315617674,0.011264944017383345,0.00241683419208607,0.28307332568751975,0.001260919362756276,0.0001806482147469215,"[3.0, 6.0, 9.0, 10.0, 15.0]"
