# Force and moment coefficients
# dragDir       : (0.00000000e+00 0.00000000e+00 -1.00000000e+00)
# sideDir       : (-0.00000000e+00 1.00000000e+00 0.00000000e+00)
# liftDir       : (1.00000000e+00 0.00000000e+00 0.00000000e+00)
# rollAxis      : (0.00000000e+00 0.00000000e+00 -1.00000000e+00)
# pitchAxis     : (-0.00000000e+00 1.00000000e+00 0.00000000e+00)
# yawAxis       : (1.00000000e+00 0.00000000e+00 0.00000000e+00)
# magUInf       : 2.88200000e+02
# lRef          : 5.78100000e-02
# Aref          : 2.62480000e-03
# CofR          : (0.00000000e+00 0.00000000e+00 3.99000000e-01)
#
# Time          	Cd              	Cl              	CmPitch         	CmRoll          	CmYaw           
4001            	1.11663844e+00	-4.47532965e-03	3.28460228e-02	9.47858010e-02	6.92397854e-01
4002            	1.11591891e+00	-6.49014784e-03	4.59090273e-02	9.28145741e-02	6.91115132e-01
4003            	1.11579097e+00	-8.14951940e-03	5.55574893e-02	9.04721316e-02	6.86333987e-01
4004            	1.11624582e+00	-9.33711894e-03	6.11691398e-02	8.80334626e-02	6.79075034e-01
4005            	1.11679423e+00	-1.00353851e-02	6.33055276e-02	8.58087142e-02	6.69878268e-01
4006            	1.11693638e+00	-1.03195046e-02	6.31965046e-02	8.39895330e-02	6.58461396e-01
4007            	1.11662905e+00	-1.03143469e-02	6.18062952e-02	8.26428308e-02	6.45773456e-01
4008            	1.11620545e+00	-1.01095968e-02	5.93145087e-02	8.17847354e-02	6.32560137e-01
4009            	1.11605948e+00	-9.68662767e-03	5.51308561e-02	8.14437339e-02	6.21001355e-01
4010            	1.11637559e+00	-9.15071676e-03	4.98497607e-02	8.16752363e-02	6.11769253e-01
4011            	1.11698122e+00	-8.27999424e-03	4.23103235e-02	8.25438340e-02	6.05611903e-01
4012            	1.11760183e+00	-6.98803275e-03	3.23557263e-02	8.40817289e-02	6.03105447e-01
4013            	1.11803687e+00	-5.27136731e-03	2.01481254e-02	8.61210609e-02	6.05134324e-01
4014            	1.11819982e+00	-3.54074112e-03	8.26745739e-03	8.83728282e-02	6.09758961e-01
4015            	1.11811085e+00	-1.86997075e-03	-2.87048589e-03	9.04856527e-02	6.15202041e-01
4016            	1.11789232e+00	-2.88390805e-04	-1.30319410e-02	9.21667775e-02	6.19142003e-01
4017            	1.11764019e+00	1.19173500e-03	-2.20262430e-02	9.31937630e-02	6.21015572e-01
4018            	1.11737435e+00	2.42665333e-03	-2.89540727e-02	9.34727335e-02	6.20957110e-01
4019            	1.11704140e+00	3.06223267e-03	-3.14479827e-02	9.30291709e-02	6.19945674e-01
4020            	1.11654476e+00	3.15701351e-03	-2.99431168e-02	9.19461224e-02	6.17891818e-01
4021            	1.11591016e+00	3.09650230e-03	-2.71847538e-02	9.03620316e-02	6.15337252e-01
4022            	1.11552767e+00	3.05400106e-03	-2.49653863e-02	8.84533134e-02	6.12971943e-01
4023            	1.11564044e+00	3.04035865e-03	-2.36456320e-02	8.64759359e-02	6.10371654e-01
4024            	1.11612192e+00	2.97432593e-03	-2.23210698e-02	8.47430164e-02	6.08138274e-01
4025            	1.11658060e+00	2.75856883e-03	-1.96456464e-02	8.34750343e-02	6.07127194e-01
4026            	1.11681725e+00	2.26019534e-03	-1.45784389e-02	8.27247968e-02	6.07039464e-01
4027            	1.11689168e+00	1.39975031e-03	-7.05226804e-03	8.24694787e-02	6.07945512e-01
4028            	1.11696992e+00	9.28144087e-05	2.81281348e-03	8.26706913e-02	6.11675306e-01
4029            	1.11707501e+00	-1.64116968e-03	1.44258725e-02	8.33805753e-02	6.18383596e-01
4030            	1.11717366e+00	-3.52682051e-03	2.60490071e-02	8.46272077e-02	6.28943859e-01
4031            	1.11724446e+00	-5.42772472e-03	3.72376063e-02	8.64279345e-02	6.41389282e-01
4032            	1.11732303e+00	-7.12496277e-03	4.69213843e-02	8.86577950e-02	6.55506676e-01
4033            	1.11748298e+00	-8.44973217e-03	5.40053932e-02	9.10447388e-02	6.70497344e-01
4034            	1.11769146e+00	-9.39555368e-03	5.84649874e-02	9.32663118e-02	6.85364903e-01
4035            	1.11783725e+00	-9.95820974e-03	6.03368406e-02	9.50031208e-02	6.96250075e-01
4036            	1.11780407e+00	-1.00685465e-02	5.93761784e-02	9.60214582e-02	7.01037867e-01
4037            	1.11754184e+00	-9.83588070e-03	5.64067500e-02	9.61808284e-02	6.99708780e-01
4038            	1.11707237e+00	-9.44912914e-03	5.28045351e-02	9.54763909e-02	6.93251450e-01
4039            	1.11652032e+00	-9.06549914e-03	4.96923852e-02	9.39910840e-02	6.82633069e-01
4040            	1.11604913e+00	-8.61076902e-03	4.64229272e-02	9.18605020e-02	6.68203031e-01
4041            	1.11598145e+00	-7.84829915e-03	4.08645480e-02	8.92845042e-02	6.50678061e-01
4042            	1.11642759e+00	-6.55615537e-03	3.12551087e-02	8.65621529e-02	6.31946782e-01
4043            	1.11705565e+00	-4.91291957e-03	1.91097522e-02	8.40050009e-02	6.13903960e-01
4044            	1.11733761e+00	-3.23373865e-03	7.22847622e-03	8.18711674e-02	5.96816227e-01
4045            	1.11708664e+00	-1.64684298e-03	-3.07275806e-03	8.03177689e-02	5.81898090e-01
4046            	1.11656693e+00	-2.19782639e-04	-1.14870868e-02	7.94079517e-02	5.68756869e-01
4047            	1.11619330e+00	1.08925304e-03	-1.89149838e-02	7.91010718e-02	5.58888263e-01
4048            	1.11620559e+00	2.03875907e-03	-2.42610844e-02	7.94506207e-02	5.53269241e-01
4049            	1.11653437e+00	2.59974088e-03	-2.73493913e-02	8.04818838e-02	5.53910874e-01
4050            	1.11686754e+00	2.88161836e-03	-2.85287083e-02	8.22186993e-02	5.60708822e-01
4051            	1.11701358e+00	3.16312184e-03	-2.92711041e-02	8.46103054e-02	5.73935551e-01
4052            	1.11701426e+00	3.40723436e-03	-2.94274220e-02	8.74294847e-02	5.91673992e-01
4053            	1.11703247e+00	3.49214129e-03	-2.84061513e-02	9.03395796e-02	6.11612745e-01
4054            	1.11718660e+00	3.40771454e-03	-2.62408225e-02	9.29907872e-02	6.31994042e-01
4055            	1.11750531e+00	3.13828492e-03	-2.28511164e-02	9.50773201e-02	6.50454275e-01
4056            	1.11783573e+00	2.58934299e-03	-1.76226026e-02	9.63729090e-02	6.64634935e-01
4057            	1.11794957e+00	1.63037869e-03	-9.70498094e-03	9.67729244e-02	6.74799438e-01
4058            	1.11760686e+00	1.42108127e-04	1.60511718e-03	9.63006784e-02	6.81439305e-01
4059            	1.11682975e+00	-1.78128225e-03	1.54091697e-02	9.50612587e-02	6.84710567e-01
4060            	1.11605514e+00	-3.91932826e-03	2.98298626e-02	9.31785713e-02	6.84997467e-01
4061            	1.11582807e+00	-6.02272101e-03	4.27659462e-02	9.08710397e-02	6.80703660e-01
4062            	1.11619951e+00	-7.73551997e-03	5.20606829e-02	8.84526557e-02	6.73950494e-01
4063            	1.11673779e+00	-8.98182987e-03	5.79829046e-02	8.62241105e-02	6.66277544e-01
4064            	1.11694226e+00	-9.75899094e-03	6.12527711e-02	8.43935870e-02	6.58054577e-01
4065            	1.11670946e+00	-1.01775038e-02	6.27165779e-02	8.30465892e-02	6.48147546e-01
4066            	1.11629561e+00	-1.02299520e-02	6.19284134e-02	8.21721733e-02	6.37158682e-01
4067            	1.11603278e+00	-1.00160175e-02	5.90763149e-02	8.18085386e-02	6.26273625e-01
4068            	1.11611415e+00	-9.67765452e-03	5.49808007e-02	8.20008365e-02	6.17477703e-01
4069            	1.11651076e+00	-9.10474090e-03	4.92108424e-02	8.27889622e-02	6.11855490e-01
4070            	1.11707205e+00	-8.23326970e-03	4.17055668e-02	8.42059906e-02	6.10128446e-01
4071            	1.11764311e+00	-6.96355268e-03	3.19655696e-02	8.61182151e-02	6.11299107e-01
4072            	1.11809044e+00	-5.39568932e-03	2.06693287e-02	8.82633266e-02	6.15858685e-01
4073            	1.11824699e+00	-3.75012767e-03	9.29888237e-03	9.03004290e-02	6.21283483e-01
4074            	1.11812078e+00	-2.10297003e-03	-1.69021737e-03	9.19164161e-02	6.25627635e-01
4075            	1.11783510e+00	-4.86725113e-04	-1.19705160e-02	9.29394433e-02	6.28061517e-01
4076            	1.11749463e+00	1.04199374e-03	-2.11335570e-02	9.32356662e-02	6.27212743e-01
4077            	1.11710260e+00	2.31999614e-03	-2.81068960e-02	9.28012467e-02	6.24171656e-01
4078            	1.11660975e+00	3.03158451e-03	-3.08892031e-02	9.17326974e-02	6.19834844e-01
4079            	1.11604801e+00	3.31624936e-03	-3.06184584e-02	9.01484769e-02	6.14979881e-01
4080            	1.11571216e+00	3.40223013e-03	-2.94214935e-02	8.82156005e-02	6.09927443e-01
4081            	1.11578737e+00	3.55233989e-03	-2.92576985e-02	8.62168692e-02	6.06008928e-01
4082            	1.11610530e+00	3.64393853e-03	-2.89593005e-02	8.44479262e-02	6.02744645e-01
4083            	1.11634619e+00	3.58157540e-03	-2.72256440e-02	8.31528875e-02	6.01141191e-01
4084            	1.11640999e+00	3.33588046e-03	-2.36745225e-02	8.24236300e-02	6.01311930e-01
4085            	1.11646611e+00	2.86778100e-03	-1.84724228e-02	8.22348884e-02	6.02880120e-01
4086            	1.11668648e+00	2.08089288e-03	-1.16139588e-02	8.25229047e-02	6.05130976e-01
4087            	1.11704723e+00	8.60935442e-04	-2.72223927e-03	8.33167403e-02	6.10381125e-01
4088            	1.11735464e+00	-7.66815379e-04	7.93326488e-03	8.46329273e-02	6.19130109e-01
4089            	1.11749453e+00	-2.62336817e-03	1.94394535e-02	8.64929248e-02	6.31766604e-01
4090            	1.11751755e+00	-4.54176170e-03	3.09801756e-02	8.87471098e-02	6.46476455e-01
4091            	1.11757798e+00	-6.38790617e-03	4.17662519e-02	9.11795958e-02	6.62135744e-01
4092            	1.11773614e+00	-7.85703925e-03	4.98650356e-02	9.34529082e-02	6.77714571e-01
4093            	1.11791900e+00	-8.90578485e-03	5.50994033e-02	9.52508713e-02	6.91474130e-01
4094            	1.11797456e+00	-9.46855472e-03	5.72032776e-02	9.63371708e-02	6.99874618e-01
4095            	1.11778315e+00	-9.60968983e-03	5.67265823e-02	9.65701229e-02	7.01238895e-01
4096            	1.11728870e+00	-9.45222525e-03	5.45940223e-02	9.59286193e-02	6.96804649e-01
4097            	1.11656616e+00	-9.19400121e-03	5.21924705e-02	9.44956077e-02	6.87410073e-01
4098            	1.11586002e+00	-8.87540172e-03	4.96583941e-02	9.23828214e-02	6.74098552e-01
4099            	1.11559659e+00	-8.44136130e-03	4.60775024e-02	8.97550759e-02	6.57553318e-01
4100            	1.11602271e+00	-7.64349800e-03	3.93889337e-02	8.69289492e-02	6.39129460e-01
4101            	1.11686177e+00	-6.41875309e-03	2.95161512e-02	8.42356715e-02	6.20475309e-01
4102            	1.11745833e+00	-4.80072544e-03	1.75731426e-02	8.19684985e-02	6.03834934e-01
4103            	1.11740157e+00	-3.13917638e-03	6.37014121e-03	8.02760255e-02	5.88814578e-01
4104            	1.11690191e+00	-1.62386173e-03	-3.03668264e-03	7.92410136e-02	5.76651182e-01
4105            	1.11642741e+00	-1.75975702e-04	-1.16935662e-02	7.88652752e-02	5.66323844e-01
4106            	1.11633106e+00	1.17066961e-03	-1.98642375e-02	7.91341892e-02	5.59452862e-01
4107            	1.11660876e+00	2.28163994e-03	-2.67840217e-02	8.00908742e-02	5.57030639e-01
4108            	1.11698522e+00	3.09609974e-03	-3.17033326e-02	8.17623379e-02	5.61439122e-01
4109            	1.11721452e+00	3.59650472e-03	-3.41556831e-02	8.40879671e-02	5.71943700e-01
4110            	1.11726024e+00	3.94068563e-03	-3.51569416e-02	8.68637747e-02	5.87844232e-01
4111            	1.11719653e+00	4.15824750e-03	-3.50741848e-02	8.97679154e-02	6.06903944e-01
4112            	1.11713997e+00	4.11979101e-03	-3.31659593e-02	9.24461583e-02	6.26532582e-01
4113            	1.11719858e+00	4.01246270e-03	-3.07382170e-02	9.46084064e-02	6.44954895e-01
4114            	1.11738699e+00	3.73650645e-03	-2.71269254e-02	9.60402391e-02	6.60267237e-01
4115            	1.11755307e+00	3.26194396e-03	-2.21189379e-02	9.66068187e-02	6.70744094e-01
4116            	1.11746481e+00	2.30662184e-03	-1.38521140e-02	9.63054159e-02	6.76283201e-01
4117            	1.11697564e+00	8.16463707e-04	-2.20689195e-03	9.52128308e-02	6.78422526e-01
4118            	1.11630203e+00	-1.16976145e-03	1.19719132e-02	9.34726227e-02	6.77560807e-01
4119            	1.11599046e+00	-3.33040921e-03	2.58965249e-02	9.12566644e-02	6.74582325e-01
4120            	1.11623812e+00	-5.43124868e-03	3.81251695e-02	8.88660404e-02	6.68432229e-01
4121            	1.11673387e+00	-7.14839552e-03	4.73325732e-02	8.66480361e-02	6.61283637e-01
4122            	1.11695946e+00	-8.46922020e-03	5.43161257e-02	8.48066786e-02	6.54193781e-01
4123            	1.11679555e+00	-9.32901529e-03	5.88048579e-02	8.34402775e-02	6.47208378e-01
4124            	1.11643939e+00	-9.84948036e-03	6.12106504e-02	8.25568658e-02	6.38907785e-01
4125            	1.11616269e+00	-9.92476967e-03	6.03462140e-02	8.21664455e-02	6.30120305e-01
4126            	1.11611403e+00	-9.72761698e-03	5.71600752e-02	8.23232756e-02	6.22136306e-01
4127            	1.11629685e+00	-9.37941666e-03	5.27400354e-02	8.30647586e-02	6.16746085e-01
4128            	1.11663817e+00	-8.77467733e-03	4.67761487e-02	8.44058739e-02	6.15060675e-01
4129            	1.11712261e+00	-7.95982554e-03	3.97414496e-02	8.62187275e-02	6.17036018e-01
4130            	1.11768857e+00	-6.82731261e-03	3.08640086e-02	8.82707740e-02	6.21092819e-01
4131            	1.11810388e+00	-5.39755046e-03	2.04356176e-02	9.02269483e-02	6.26588689e-01
4132            	1.11821545e+00	-3.77223415e-03	9.17552714e-03	9.17847386e-02	6.31391893e-01
4133            	1.11802456e+00	-2.17717194e-03	-1.36260103e-03	9.27462898e-02	6.34169087e-01
4134            	1.11767069e+00	-5.66171326e-04	-1.14576127e-02	9.30236080e-02	6.34567132e-01
4135            	1.11719824e+00	9.30907539e-04	-2.01823167e-02	9.26031955e-02	6.30970059e-01
4136            	1.11664949e+00	2.21176251e-03	-2.69599722e-02	9.15383810e-02	6.24971427e-01
4137            	1.11607574e+00	3.06444065e-03	-3.06653274e-02	8.99571196e-02	6.17639148e-01
4138            	1.11579428e+00	3.59262243e-03	-3.25842558e-02	8.80138965e-02	6.10673887e-01
4139            	1.11590862e+00	3.89749382e-03	-3.36063423e-02	8.59763838e-02	6.04367878e-01
4140            	1.11621447e+00	4.13136440e-03	-3.43431338e-02	8.41702240e-02	5.99906077e-01
4141            	1.11633511e+00	4.19435308e-03	-3.34719679e-02	8.28273688e-02	5.97111694e-01
4142            	1.11617778e+00	4.13107414e-03	-3.10675577e-02	8.20662371e-02	5.96564124e-01
4143            	1.11601398e+00	3.88189017e-03	-2.71734418e-02	8.18886606e-02	5.98085509e-01
4144            	1.11614844e+00	3.49281707e-03	-2.26621240e-02	8.22357263e-02	6.01172017e-01
4145            	1.11664014e+00	2.73911373e-03	-1.64447590e-02	8.31018800e-02	6.05173568e-01
4146            	1.11723166e+00	1.64883191e-03	-8.72184678e-03	8.44886173e-02	6.12220398e-01
4147            	1.11759480e+00	1.77121755e-04	9.76277815e-04	8.64178017e-02	6.23054054e-01
4148            	1.11767879e+00	-1.62100602e-03	1.23714804e-02	8.87578183e-02	6.37281196e-01
4149            	1.11769219e+00	-3.63029796e-03	2.46784114e-02	9.12509526e-02	6.53736980e-01
4150            	1.11777370e+00	-5.64201429e-03	3.66429449e-02	9.35960611e-02	6.69718193e-01
4151            	1.11792459e+00	-7.24553992e-03	4.57189897e-02	9.54766789e-02	6.84384230e-01
4152            	1.11801574e+00	-8.33494400e-03	5.14166072e-02	9.66429153e-02	6.95427803e-01
4153            	1.11792842e+00	-8.93842638e-03	5.40850026e-02	9.69562953e-02	7.00439704e-01
4154            	1.11751670e+00	-9.13841749e-03	5.43553478e-02	9.63873912e-02	6.98712487e-01
4155            	1.11676208e+00	-9.06342410e-03	5.31495554e-02	9.50025438e-02	6.91467655e-01
4156            	1.11589776e+00	-8.98585224e-03	5.21193348e-02	9.29304928e-02	6.79230238e-01
4157            	1.11537678e+00	-8.78770050e-03	4.99822245e-02	9.03053777e-02	6.63579624e-01
4158            	1.11559835e+00	-8.34001475e-03	4.54532599e-02	8.74230662e-02	6.46132898e-01
4159            	1.11642569e+00	-7.51536047e-03	3.79168410e-02	8.46245546e-02	6.28204356e-01
4160            	1.11722729e+00	-6.30252325e-03	2.81287686e-02	8.22149213e-02	6.10940710e-01
4161            	1.11747227e+00	-4.77081101e-03	1.72728333e-02	8.03795522e-02	5.96397522e-01
4162            	1.11716611e+00	-3.27628893e-03	7.58884902e-03	7.91965570e-02	5.84276300e-01
4163            	1.11673585e+00	-1.79014829e-03	-1.68051822e-03	7.86710513e-02	5.74843062e-01
4164            	1.11654512e+00	-2.68799860e-04	-1.13031148e-02	7.88440947e-02	5.67755506e-01
4165            	1.11672910e+00	1.19811014e-03	-2.07969443e-02	7.97049213e-02	5.64091555e-01
4166            	1.11707741e+00	2.53718577e-03	-2.94329905e-02	8.12833119e-02	5.65399870e-01
4167            	1.11735961e+00	3.54932994e-03	-3.55419262e-02	8.35440179e-02	5.73374609e-01
4168            	1.11750151e+00	4.21257521e-03	-3.89115640e-02	8.62797312e-02	5.86858657e-01
4169            	1.11748449e+00	4.59466702e-03	-4.00908850e-02	8.91748712e-02	6.03809244e-01
4170            	1.11736261e+00	4.74161067e-03	-3.94782993e-02	9.18749255e-02	6.22377982e-01
4171            	1.11722487e+00	4.73547214e-03	-3.76899643e-02	9.40886451e-02	6.40188930e-01
4172            	1.11715994e+00	4.64189387e-03	-3.51767901e-02	9.56104724e-02	6.55396227e-01
4173            	1.11716623e+00	4.42978383e-03	-3.17273474e-02	9.63149718e-02	6.66539376e-01
4174            	1.11712806e+00	3.88299634e-03	-2.59056615e-02	9.61710495e-02	6.72595015e-01
4175            	1.11687447e+00	2.93714097e-03	-1.74183236e-02	9.52434465e-02	6.73556270e-01
4176            	1.11645564e+00	1.54804352e-03	-6.46849860e-03	9.36451330e-02	6.71669168e-01
4177            	1.11625033e+00	-3.85544488e-04	6.74337342e-03	9.15583807e-02	6.67307860e-01
4178            	1.11646592e+00	-2.52450464e-03	1.98433082e-02	8.92553651e-02	6.61995408e-01
4179            	1.11687879e+00	-4.65694908e-03	3.21600205e-02	8.70633089e-02	6.55339374e-01
4180            	1.11708028e+00	-6.52042299e-03	4.28950732e-02	8.52322121e-02	6.49126030e-01
4181            	1.11694298e+00	-7.93443370e-03	5.11367340e-02	8.38501209e-02	6.43360685e-01
4182            	1.11663878e+00	-8.93504709e-03	5.68400677e-02	8.29404917e-02	6.37920448e-01
4183            	1.11639209e+00	-9.49259725e-03	5.92943654e-02	8.25221312e-02	6.31895509e-01
4184            	1.11632602e+00	-9.53967677e-03	5.78294700e-02	8.26486801e-02	6.26000819e-01
4185            	1.11641555e+00	-9.35523381e-03	5.44718394e-02	8.33581346e-02	6.21798065e-01
4186            	1.11656257e+00	-8.98551711e-03	4.99282100e-02	8.46573796e-02	6.20547253e-01
4187            	1.11680502e+00	-8.44706167e-03	4.45404685e-02	8.64120532e-02	6.22839494e-01
4188            	1.11722336e+00	-7.66575404e-03	3.77471118e-02	8.83888661e-02	6.27635049e-01
4189            	1.11771636e+00	-6.63659809e-03	2.95489952e-02	9.02800820e-02	6.33198662e-01
4190            	1.11808364e+00	-5.31380619e-03	1.97946500e-02	9.17814985e-02	6.38311738e-01
4191            	1.11815292e+00	-3.77072579e-03	9.15498589e-03	9.26950541e-02	6.41977357e-01
4192            	1.11790481e+00	-2.20526572e-03	-1.04114252e-03	9.29081636e-02	6.42689090e-01
4193            	1.11740671e+00	-6.40914180e-04	-1.06305337e-02	9.24387362e-02	6.40341282e-01
4194            	1.11676267e+00	8.10097663e-04	-1.88583097e-02	9.13682793e-02	6.33832491e-01
4195            	1.11612718e+00	2.12824093e-03	-2.58843322e-02	8.97677270e-02	6.25061314e-01
4196            	1.11581280e+00	3.18058686e-03	-3.14761012e-02	8.78042759e-02	6.15297696e-01
4197            	1.11597449e+00	3.91982457e-03	-3.55801376e-02	8.57428971e-02	6.06911582e-01
4198            	1.11633282e+00	4.34714405e-03	-3.78182380e-02	8.38899732e-02	6.00108688e-01
4199            	1.11646769e+00	4.57722928e-03	-3.82496112e-02	8.24962134e-02	5.95938813e-01
4200            	1.11619998e+00	4.66896154e-03	-3.69436286e-02	8.16935681e-02	5.94476416e-01
4201            	1.11581433e+00	4.58554390e-03	-3.40566958e-02	8.14961628e-02	5.95239825e-01
4202            	1.11570061e+00	4.38133544e-03	-3.05871831e-02	8.18523043e-02	5.98011555e-01
4203            	1.11607244e+00	3.99457435e-03	-2.65122910e-02	8.27655984e-02	6.02809587e-01
4204            	1.11676213e+00	3.39275121e-03	-2.16386309e-02	8.42145741e-02	6.09027603e-01
4205            	1.11738166e+00	2.50083811e-03	-1.52072472e-02	8.62116289e-02	6.18217577e-01
4206            	1.11769348e+00	1.10788725e-03	-5.75650883e-03	8.86355072e-02	6.30794043e-01
4207            	1.11779034e+00	-7.68653573e-04	6.35834888e-03	9.12370638e-02	6.46079070e-01
4208            	1.11784057e+00	-2.90039549e-03	1.96140333e-02	9.36751741e-02	6.63000066e-01
4209            	1.11792897e+00	-5.02187444e-03	3.24216423e-02	9.56463844e-02	6.78173222e-01
4210            	1.11800104e+00	-6.69702777e-03	4.21406842e-02	9.69197180e-02	6.90472516e-01
4211            	1.11793802e+00	-7.87103454e-03	4.86782243e-02	9.73281795e-02	6.97785602e-01
4212            	1.11761406e+00	-8.54846694e-03	5.22110343e-02	9.68328386e-02	6.99329096e-01
4213            	1.11693447e+00	-8.86697995e-03	5.36798915e-02	9.55130703e-02	6.94658723e-01
4214            	1.11604778e+00	-9.01720215e-03	5.41822397e-02	9.34829938e-02	6.84713019e-01
4215            	1.11536334e+00	-9.07147455e-03	5.36899642e-02	9.08872514e-02	6.69881427e-01
4216            	1.11531938e+00	-8.84662559e-03	5.05455448e-02	8.79914552e-02	6.52975877e-01
4217            	1.11591186e+00	-8.28754522e-03	4.45919861e-02	8.51247156e-02	6.35594890e-01
4218            	1.11669381e+00	-7.47468395e-03	3.71070549e-02	8.26048128e-02	6.19237677e-01
4219            	1.11713246e+00	-6.41657338e-03	2.88610136e-02	8.06379505e-02	6.04245733e-01
4220            	1.11711546e+00	-5.09332482e-03	1.97967948e-02	7.93068420e-02	5.92351870e-01
4221            	1.11687681e+00	-3.62879861e-03	1.02769000e-02	7.86263268e-02	5.83011783e-01
4222            	1.11672475e+00	-2.06643225e-03	2.87165912e-05	7.86293032e-02	5.76291227e-01
4223            	1.11683789e+00	-4.49016170e-04	-1.07907293e-02	7.93780084e-02	5.72806241e-01
4224            	1.11712682e+00	1.15918865e-03	-2.14775312e-02	8.08581321e-02	5.72860757e-01
4225            	1.11741058e+00	2.73671409e-03	-3.15913552e-02	8.30284777e-02	5.78173601e-01
4226            	1.11759244e+00	3.96981544e-03	-3.90044124e-02	8.57081691e-02	5.88958893e-01
4227            	1.11766291e+00	4.76135850e-03	-4.31338468e-02	8.85872704e-02	6.03679860e-01
4228            	1.11757840e+00	5.15256399e-03	-4.43124671e-02	9.12984939e-02	6.20061878e-01
4229            	1.11740432e+00	5.33047392e-03	-4.38317579e-02	9.35530468e-02	6.37081574e-01
4230            	1.11718672e+00	5.36950382e-03	-4.21837416e-02	9.51336375e-02	6.51870975e-01
4231            	1.11698273e+00	5.30844223e-03	-3.96545793e-02	9.59210082e-02	6.62980356e-01
4232            	1.11676947e+00	5.05987720e-03	-3.56343648e-02	9.58894532e-02	6.69556795e-01
4233            	1.11650908e+00	4.53083338e-03	-2.96151155e-02	9.51020879e-02	6.71353034e-01
4234            	1.11625839e+00	3.64816169e-03	-2.15632471e-02	9.36512620e-02	6.68239991e-01
4235            	1.11630532e+00	2.26447068e-03	-1.13035473e-02	9.16980651e-02	6.62628024e-01
4236            	1.11668612e+00	4.14866803e-04	6.36259057e-04	8.95110064e-02	6.55767593e-01
4237            	1.11712186e+00	-1.70388723e-03	1.34917459e-02	8.74126889e-02	6.49409965e-01
4238            	1.11728237e+00	-3.89918214e-03	2.68030560e-02	8.56199718e-02	6.43704451e-01
4239            	1.11710664e+00	-5.91553751e-03	3.92179130e-02	8.42732381e-02	6.38858645e-01
4240            	1.11681194e+00	-7.44831714e-03	4.85416677e-02	8.33724491e-02	6.34592704e-01
4241            	1.11662324e+00	-8.48439533e-03	5.43076228e-02	8.29308314e-02	6.31133999e-01
4242            	1.11662038e+00	-9.00758736e-03	5.61478721e-02	8.30200937e-02	6.28127595e-01
4243            	1.11670093e+00	-9.13496735e-03	5.49541938e-02	8.36844823e-02	6.25946150e-01
4244            	1.11676601e+00	-8.96209675e-03	5.17164324e-02	8.49363496e-02	6.25901803e-01
4245            	1.11682294e+00	-8.60241415e-03	4.74047355e-02	8.66514563e-02	6.28704846e-01
4246            	1.11699431e+00	-8.07765869e-03	4.21402498e-02	8.85865723e-02	6.33949524e-01
4247            	1.11734264e+00	-7.44051534e-03	3.62963964e-02	9.04312033e-02	6.40345297e-01
4248            	1.11776228e+00	-6.60925540e-03	2.93821368e-02	9.18881168e-02	6.46085687e-01
4249            	1.11805549e+00	-5.41141262e-03	2.04931286e-02	9.27502050e-02	6.49939936e-01
4250            	1.11807958e+00	-3.88226766e-03	1.00677616e-02	9.29146189e-02	6.51720050e-01
4251            	1.11772906e+00	-2.29712984e-03	-4.95124119e-05	9.23777437e-02	6.49785490e-01
4252            	1.11707900e+00	-7.82902408e-04	-9.08219350e-03	9.12354714e-02	6.44508148e-01
4253            	1.11635728e+00	6.30994815e-04	-1.70594108e-02	8.96081319e-02	6.35283715e-01
4254            	1.11597503e+00	2.02847927e-03	-2.51650291e-02	8.75974576e-02	6.24268142e-01
4255            	1.11610605e+00	3.34881361e-03	-3.33495489e-02	8.54978133e-02	6.13102606e-01
4256            	1.11652170e+00	4.34610809e-03	-3.96065605e-02	8.36119816e-02	6.04264347e-01
4257            	1.11672719e+00	4.91116624e-03	-4.24940020e-02	8.21750800e-02	5.97879289e-01
4258            	1.11648723e+00	5.11089274e-03	-4.20841169e-02	8.13200143e-02	5.94743170e-01
4259            	1.11599853e+00	5.12928904e-03	-3.99199878e-02	8.10838491e-02	5.94669388e-01
4260            	1.11565654e+00	5.01265787e-03	-3.69341023e-02	8.14203175e-02	5.96827691e-01
4261            	1.11574761e+00	4.83620137e-03	-3.40827933e-02	8.23325111e-02	6.01268837e-01
4262            	1.11628637e+00	4.52387504e-03	-3.08932846e-02	8.38192319e-02	6.07919078e-01
4263            	1.11698584e+00	4.04218859e-03	-2.68742301e-02	8.58700049e-02	6.16507127e-01
4264            	1.11754280e+00	3.20338417e-03	-2.05865533e-02	8.83799415e-02	6.27389520e-01
4265            	1.11787870e+00	1.83460237e-03	-1.11146881e-02	9.10905675e-02	6.41144983e-01
4266            	1.11800368e+00	-1.38645858e-04	1.81590699e-03	9.36748151e-02	6.56696906e-01
4267            	1.11804294e+00	-2.35646670e-03	1.58185231e-02	9.57776077e-02	6.72805262e-01
4268            	1.11804902e+00	-4.52021563e-03	2.90881415e-02	9.71657075e-02	6.85850026e-01
4269            	1.11797774e+00	-6.20662493e-03	3.91350247e-02	9.76913551e-02	6.94642795e-01
4270            	1.11769505e+00	-7.45471616e-03	4.65309307e-02	9.72818716e-02	6.97929473e-01
4271            	1.11709193e+00	-8.25593555e-03	5.13225722e-02	9.60123668e-02	6.96257744e-01
4272            	1.11623431e+00	-8.76583047e-03	5.43252357e-02	9.40198039e-02	6.88870949e-01
4273            	1.11548443e+00	-9.06852136e-03	5.55882554e-02	9.14475153e-02	6.76230395e-01
4274            	1.11527131e+00	-9.05111286e-03	5.38271752e-02	8.85470263e-02	6.60008715e-01
4275            	1.11564933e+00	-8.74965828e-03	4.94680248e-02	8.56505388e-02	6.42981447e-01
4276            	1.11624079e+00	-8.21258801e-03	4.35840303e-02	8.30699420e-02	6.26914289e-01
4277            	1.11662041e+00	-7.53174431e-03	3.75155283e-02	8.10039495e-02	6.12817608e-01
4278            	1.11671346e+00	-6.64380733e-03	3.08466023e-02	7.95532636e-02	6.00546521e-01
4279            	1.11670521e+00	-5.43908219e-03	2.25504022e-02	7.87338645e-02	5.91442479e-01
4280            	1.11676612e+00	-3.92540173e-03	1.22557993e-02	7.85846329e-02	5.85151624e-01
4281            	1.11694371e+00	-2.32002113e-03	1.17050417e-03	7.91530139e-02	5.81675566e-01
4282            	1.11720421e+00	-6.60145599e-04	-1.02442704e-02	8.04963886e-02	5.82129735e-01
4283            	1.11742759e+00	1.09604019e-03	-2.18883272e-02	8.25671553e-02	5.86120587e-01
4284            	1.11759444e+00	2.90161202e-03	-3.33800115e-02	8.51648291e-02	5.94760280e-01
4285            	1.11768829e+00	4.32707993e-03	-4.19624712e-02	8.80119483e-02	6.07108147e-01
4286            	1.11769127e+00	5.20901117e-03	-4.66032341e-02	9.07330458e-02	6.21834646e-01
4287            	1.11757145e+00	5.55279284e-03	-4.74029300e-02	9.30100951e-02	6.36763867e-01
4288            	1.11732093e+00	5.77194382e-03	-4.70504163e-02	9.46456609e-02	6.50904766e-01
4289            	1.11697691e+00	5.84299888e-03	-4.54119177e-02	9.54919395e-02	6.61721631e-01
4290            	1.11654401e+00	5.81901958e-03	-4.27970326e-02	9.55348961e-02	6.68379802e-01
4291            	1.11609102e+00	5.54442778e-03	-3.83070431e-02	9.48403042e-02	6.70473808e-01
4292            	1.11579211e+00	5.00796684e-03	-3.22433177e-02	9.35064043e-02	6.68111980e-01
4293            	1.11596033e+00	4.10366575e-03	-2.47028439e-02	9.16749664e-02	6.61344078e-01
4294            	1.11656921e+00	2.82318270e-03	-1.58744693e-02	8.96068254e-02	6.53061972e-01
4295            	1.11720072e+00	1.06467809e-03	-4.68794629e-03	8.76170740e-02	6.45143790e-01
4296            	1.11744567e+00	-1.04046280e-03	8.63513443e-03	8.59214112e-02	6.38870246e-01
4297            	1.11726857e+00	-3.30218614e-03	2.31003310e-02	8.46230941e-02	6.34780828e-01
4298            	1.11693605e+00	-5.40691543e-03	3.64347682e-02	8.37648153e-02	6.31257629e-01
4299            	1.11673356e+00	-7.01133968e-03	4.61116611e-02	8.33439272e-02	6.28678340e-01
4300            	1.11674017e+00	-8.07211286e-03	5.16818649e-02	8.34133874e-02	6.27766903e-01
4301            	1.11687147e+00	-8.64264869e-03	5.35684121e-02	8.40283105e-02	6.28211364e-01
4302            	1.11696885e+00	-8.88114421e-03	5.31259817e-02	8.52342376e-02	6.30080457e-01
4303            	1.11697076e+00	-8.72564565e-03	5.01608874e-02	8.69083758e-02	6.34245909e-01
4304            	1.11700164e+00	-8.39594867e-03	4.60912074e-02	8.88362947e-02	6.40200366e-01
4305            	1.11712657e+00	-7.92618688e-03	4.12095408e-02	9.06772948e-02	6.47196457e-01
4306            	1.11736112e+00	-7.43254187e-03	3.63367912e-02	9.21142057e-02	6.53698285e-01
4307            	1.11766362e+00	-6.69183788e-03	3.01020878e-02	9.29485113e-02	6.58473266e-01
4308            	1.11788737e+00	-5.62518420e-03	2.21851164e-02	9.30655634e-02	6.60344856e-01
4309            	1.11782681e+00	-4.15916871e-03	1.23607390e-02	9.24656900e-02	6.59623265e-01
4310            	1.11735160e+00	-2.60985771e-03	2.71458198e-03	9.12319791e-02	6.54977556e-01
4311            	1.11666188e+00	-1.13072321e-03	-6.06133106e-03	8.95040645e-02	6.46809944e-01
4312            	1.11620023e+00	3.51202279e-04	-1.50542708e-02	8.74323445e-02	6.35498883e-01
4313            	1.11625535e+00	1.99854644e-03	-2.56578562e-02	8.52615537e-02	6.23275253e-01
4314            	1.11665574e+00	3.59685228e-03	-3.61424646e-02	8.33123701e-02	6.11935383e-01
4315            	1.11693052e+00	4.75062817e-03	-4.31852806e-02	8.18298745e-02	6.03485145e-01
4316            	1.11679773e+00	5.27404813e-03	-4.51615504e-02	8.09296117e-02	5.98138573e-01
4317            	1.11632335e+00	5.45044556e-03	-4.42016491e-02	8.06589067e-02	5.96337417e-01
4318            	1.11587530e+00	5.43748505e-03	-4.19585599e-02	8.09722170e-02	5.97723848e-01
4319            	1.11573771e+00	5.40072515e-03	-3.99416047e-02	8.18696552e-02	6.01562297e-01
4320            	1.11602413e+00	5.25530457e-03	-3.77104851e-02	8.33517586e-02	6.07695606e-01
4321            	1.11657934e+00	5.01173309e-03	-3.50669451e-02	8.54316374e-02	6.16265004e-01
4322            	1.11718320e+00	4.60111085e-03	-3.13350131e-02	8.80077719e-02	6.27033306e-01
4323            	1.11773280e+00	3.78800688e-03	-2.50753001e-02	9.08278940e-02	6.39221458e-01
4324            	1.11811675e+00	2.36870684e-03	-1.51205641e-02	9.35449350e-02	6.53315772e-01
4325            	1.11828382e+00	3.29351906e-04	-1.56286502e-03	9.58130414e-02	6.67861658e-01
4326            	1.11828954e+00	-1.91684520e-03	1.28342710e-02	9.73575939e-02	6.81920930e-01
4327            	1.11816497e+00	-4.04971422e-03	2.61606686e-02	9.80092356e-02	6.91730313e-01
4328            	1.11787846e+00	-5.81192139e-03	3.70860704e-02	9.77177680e-02	6.96462972e-01
4329            	1.11729741e+00	-7.13112048e-03	4.54013777e-02	9.65151299e-02	6.96082467e-01
4330            	1.11647726e+00	-8.08441140e-03	5.14900004e-02	9.45482111e-02	6.91369663e-01
4331            	1.11574733e+00	-8.84847670e-03	5.59685621e-02	9.19984007e-02	6.81573779e-01
4332            	1.11548523e+00	-9.12319703e-03	5.62696697e-02	8.90948857e-02	6.67308157e-01
4333            	1.11573030e+00	-9.03692929e-03	5.33240573e-02	8.61723810e-02	6.50950794e-01
4334            	1.11613191e+00	-8.64886522e-03	4.83031947e-02	8.35543287e-02	6.35070930e-01
4335            	1.11630847e+00	-8.17458143e-03	4.33873130e-02	8.14340246e-02	6.21272444e-01
4336            	1.11628896e+00	-7.67126820e-03	3.89897372e-02	7.99015010e-02	6.09946040e-01
4337            	1.11634193e+00	-6.93781052e-03	3.33682749e-02	7.89758715e-02	6.00874228e-01
4338            	1.11660885e+00	-5.74927254e-03	2.47394206e-02	7.86853678e-02	5.94710138e-01
4339            	1.11700252e+00	-4.16029057e-03	1.33776704e-02	7.90918010e-02	5.91755429e-01
4340            	1.11736218e+00	-2.49561061e-03	1.57766336e-03	8.02493351e-02	5.92026258e-01
4341            	1.11758815e+00	-7.52511790e-04	-1.03992390e-02	8.21721884e-02	5.96527401e-01
4342            	1.11769929e+00	1.13170416e-03	-2.27900900e-02	8.46793249e-02	6.04022110e-01
4343            	1.11776856e+00	3.05414585e-03	-3.49669788e-02	8.74644147e-02	6.14880015e-01
4344            	1.11776430e+00	4.57854364e-03	-4.41127368e-02	9.01765459e-02	6.27258867e-01
4345            	1.11770361e+00	5.51124780e-03	-4.90148018e-02	9.24808007e-02	6.40534385e-01
4346            	1.11750273e+00	5.95423163e-03	-5.03240614e-02	9.41570341e-02	6.53011275e-01
4347            	1.11714834e+00	6.13699262e-03	-4.95447064e-02	9.50607234e-02	6.63191022e-01
4348            	1.11659326e+00	6.19882936e-03	-4.75335391e-02	9.51589614e-02	6.69543842e-01
4349            	1.11593887e+00	6.05706012e-03	-4.38570800e-02	9.45188556e-02	6.71500846e-01
4350            	1.11539536e+00	5.75266235e-03	-3.91600497e-02	9.32484051e-02	6.69194800e-01
4351            	1.11542644e+00	5.25800049e-03	-3.40288529e-02	9.15078614e-02	6.63231821e-01
4352            	1.11611941e+00	4.45882349e-03	-2.79771632e-02	8.95385887e-02	6.54027312e-01
4353            	1.11701340e+00	3.26211530e-03	-1.99311328e-02	8.76491336e-02	6.44426748e-01
4354            	1.11750162e+00	1.52891499e-03	-8.35850668e-03	8.60546080e-02	6.36440632e-01
4355            	1.11741294e+00	-6.45460343e-04	6.18339607e-03	8.48631146e-02	6.31334047e-01
4356            	1.11705807e+00	-2.94366251e-03	2.12669578e-02	8.40809424e-02	6.28852748e-01
4357            	1.11680681e+00	-5.07725480e-03	3.47001919e-02	8.37097901e-02	6.26906280e-01
4358            	1.11679429e+00	-6.64766452e-03	4.37979407e-02	8.38000631e-02	6.26652969e-01
4359            	1.11693367e+00	-7.71210245e-03	4.91185919e-02	8.43935209e-02	6.28433823e-01
4360            	1.11709685e+00	-8.40233016e-03	5.18240523e-02	8.55602588e-02	6.32778969e-01
4361            	1.11713911e+00	-8.68892703e-03	5.18895542e-02	8.72018711e-02	6.38664822e-01
4362            	1.11711766e+00	-8.63232796e-03	4.96527842e-02	8.91067101e-02	6.46114943e-01
4363            	1.11709015e+00	-8.34940137e-03	4.59278346e-02	9.09587588e-02	6.53721586e-01
4364            	1.11711709e+00	-8.01137649e-03	4.19364012e-02	9.24169651e-02	6.60873558e-01
4365            	1.11722706e+00	-7.56881095e-03	3.74610501e-02	9.32607478e-02	6.66465182e-01
4366            	1.11741946e+00	-6.92223210e-03	3.19732826e-02	9.33573392e-02	6.69452983e-01
4367            	1.11752183e+00	-5.95400029e-03	2.49129178e-02	9.27013098e-02	6.68766848e-01
4368            	1.11731507e+00	-4.59349454e-03	1.60025363e-02	9.13791231e-02	6.65061049e-01
4369            	1.11681567e+00	-3.11633155e-03	6.86013173e-03	8.95400560e-02	6.57736321e-01
4370            	1.11640301e+00	-1.61771209e-03	-2.58416036e-03	8.73360541e-02	6.47075223e-01
4371            	1.11641692e+00	8.72011168e-05	-1.39237401e-02	8.50642184e-02	6.34940821e-01
4372            	1.11676991e+00	1.96686549e-03	-2.65688465e-02	8.30203259e-02	6.22656189e-01
4373            	1.11704909e+00	3.75948107e-03	-3.81144854e-02	8.14612603e-02	6.12129107e-01
4374            	1.11693573e+00	4.98018302e-03	-4.49578705e-02	8.05173128e-02	6.04661767e-01
4375            	1.11654688e+00	5.57569704e-03	-4.69817318e-02	8.02280622e-02	6.01005844e-01
4376            	1.11613824e+00	5.74121268e-03	-4.60525473e-02	8.05233086e-02	6.00513359e-01
4377            	1.11594713e+00	5.79156786e-03	-4.46671301e-02	8.14009123e-02	6.03697146e-01
4378            	1.11604148e+00	5.79299866e-03	-4.33367500e-02	8.28560780e-02	6.09305645e-01
4379            	1.11634044e+00	5.76484068e-03	-4.19834541e-02	8.49226028e-02	6.17433262e-01
4380            	1.11675515e+00	5.61141836e-03	-3.97841761e-02	8.75251843e-02	6.27953259e-01
4381            	1.11730765e+00	5.17428009e-03	-3.57607204e-02	9.04204914e-02	6.40150104e-01
4382            	1.11789854e+00	4.27427776e-03	-2.88385302e-02	9.32612942e-02	6.52757504e-01
4383            	1.11834413e+00	2.80130242e-03	-1.83707279e-02	9.56874697e-02	6.66008342e-01
4384            	1.11853061e+00	7.85337323e-04	-4.75950886e-03	9.74180213e-02	6.78737673e-01
4385            	1.11845658e+00	-1.40386267e-03	9.53279589e-03	9.82603075e-02	6.89287590e-01
4386            	1.11814631e+00	-3.53421249e-03	2.32254208e-02	9.81144087e-02	6.95125725e-01
4387            	1.11754902e+00	-5.38200478e-03	3.51906235e-02	9.70300272e-02	6.95798986e-01
4388            	1.11673576e+00	-6.82834741e-03	4.46634978e-02	9.51246204e-02	6.92195490e-01
4389            	1.11601190e+00	-8.03436130e-03	5.22802869e-02	9.25928124e-02	6.84892874e-01
4390            	1.11576497e+00	-8.81613667e-03	5.61399533e-02	8.96724049e-02	6.73243654e-01
4391            	1.11598665e+00	-9.06261090e-03	5.55121684e-02	8.67109845e-02	6.58722641e-01
4392            	1.11629954e+00	-8.85806822e-03	5.16734714e-02	8.40452814e-02	6.43736012e-01
4393            	1.11632621e+00	-8.57193284e-03	4.78531490e-02	8.18837321e-02	6.30373364e-01
4394            	1.11609982e+00	-8.28722600e-03	4.47146169e-02	8.02999555e-02	6.19583602e-01
4395            	1.11599126e+00	-7.89447759e-03	4.11136931e-02	7.92915477e-02	6.11284272e-01
4396            	1.11626853e+00	-7.16735835e-03	3.51587086e-02	7.88888044e-02	6.05558925e-01
4397            	1.11685260e+00	-5.95993597e-03	2.58448466e-02	7.91509423e-02	6.02664526e-01
4398            	1.11745311e+00	-4.35243854e-03	1.40083239e-02	8.01450718e-02	6.03516982e-01
4399            	1.11782848e+00	-2.64904010e-03	1.90516937e-03	8.18903195e-02	6.07841663e-01
4400            	1.11796917e+00	-7.81818803e-04	-1.08079602e-02	8.42458196e-02	6.15906553e-01
4401            	1.11799307e+00	1.23088756e-03	-2.39853809e-02	8.69508163e-02	6.25920476e-01
4402            	1.11795659e+00	3.20652668e-03	-3.64049627e-02	8.96253776e-02	6.37234065e-01
4403            	1.11787083e+00	4.79875270e-03	-4.59179940e-02	9.19456880e-02	6.48244260e-01
4404            	1.11772388e+00	5.76166894e-03	-5.08930422e-02	9.36678271e-02	6.59074362e-01
4405            	1.11743792e+00	6.18111291e-03	-5.18846470e-02	9.46265015e-02	6.67732457e-01
4406            	1.11690215e+00	6.35729132e-03	-5.07897207e-02	9.47845853e-02	6.73317740e-01
4407            	1.11612528e+00	6.37303124e-03	-4.81988671e-02	9.41934445e-02	6.75040308e-01
4408            	1.11535139e+00	6.16971682e-03	-4.40715192e-02	9.29638377e-02	6.72528537e-01
4409            	1.11510013e+00	5.82740982e-03	-3.97622392e-02	9.12579754e-02	6.66356074e-01
4410            	1.11562452e+00	5.34454013e-03	-3.55432437e-02	8.93481525e-02	6.57576602e-01
4411            	1.11659711e+00	4.66882436e-03	-3.06230918e-02	8.75314777e-02	6.47272478e-01
4412            	1.11733955e+00	3.50431734e-03	-2.23046574e-02	8.60391184e-02	6.37619070e-01
4413            	1.11750802e+00	1.74965677e-03	-9.81801935e-03	8.49531291e-02	6.30795500e-01
4414            	1.11725989e+00	-4.74551588e-04	5.48342630e-03	8.42923229e-02	6.27084949e-01
4415            	1.11698612e+00	-2.72793694e-03	2.02238886e-02	8.40090574e-02	6.26065069e-01
4416            	1.11691560e+00	-4.79886008e-03	3.29229254e-02	8.41486212e-02	6.25958227e-01
4417            	1.11703012e+00	-6.38921171e-03	4.18684903e-02	8.47645153e-02	6.28498584e-01
4418            	1.11717821e+00	-7.57059371e-03	4.79660160e-02	8.59074851e-02	6.33765048e-01
4419            	1.11726506e+00	-8.32819201e-03	5.13181860e-02	8.75048280e-02	6.41581224e-01
4420            	1.11727642e+00	-8.68703390e-03	5.19511533e-02	8.93775428e-02	6.50659962e-01
4421            	1.11721711e+00	-8.66708288e-03	5.00212904e-02	9.12234507e-02	6.59741268e-01
4422            	1.11713395e+00	-8.49930597e-03	4.70946059e-02	9.27213195e-02	6.67646290e-01
4423            	1.11705386e+00	-8.25524609e-03	4.38035758e-02	9.36157366e-02	6.74009415e-01
4424            	1.11701998e+00	-7.83262121e-03	3.95877052e-02	9.37410806e-02	6.77721599e-01
4425            	1.11702599e+00	-7.23863658e-03	3.46871541e-02	9.30707836e-02	6.78185095e-01
4426            	1.11694009e+00	-6.31567625e-03	2.82086846e-02	9.16988658e-02	6.74561845e-01
4427            	1.11668189e+00	-5.09426438e-03	2.02805318e-02	8.97642398e-02	6.67818128e-01
4428            	1.11648012e+00	-3.70535257e-03	1.11999663e-02	8.74344553e-02	6.57976143e-01
4429            	1.11656665e+00	-2.07756075e-03	1.22005086e-06	8.50006949e-02	6.46103969e-01
4430            	1.11691307e+00	-1.47908056e-04	-1.34224022e-02	8.28168999e-02	6.34269921e-01
4431            	1.11715966e+00	1.90912766e-03	-2.70959138e-02	8.11479689e-02	6.23035059e-01
4432            	1.11703643e+00	3.76791461e-03	-3.84409353e-02	8.01191123e-02	6.14032896e-01
4433            	1.11664398e+00	4.96907007e-03	-4.46938131e-02	7.97776486e-02	6.08224278e-01
4434            	1.11629831e+00	5.59226412e-03	-4.69552836e-02	8.00516609e-02	6.06223341e-01
4435            	1.11614550e+00	5.84418740e-03	-4.70418198e-02	8.09024395e-02	6.07662850e-01
4436            	1.11618822e+00	6.07453922e-03	-4.72969058e-02	8.23290743e-02	6.12676283e-01
4437            	1.11632377e+00	6.17753741e-03	-4.67746135e-02	8.43555929e-02	6.20399899e-01
4438            	1.11651045e+00	6.17836323e-03	-4.54820311e-02	8.69371698e-02	6.30414044e-01
4439            	1.11685144e+00	5.97691209e-03	-4.28636134e-02	8.98605513e-02	6.42159543e-01
4440            	1.11739904e+00	5.49232389e-03	-3.84471156e-02	9.28031731e-02	6.54875678e-01
4441            	1.11799527e+00	4.55113331e-03	-3.11091182e-02	9.53878701e-02	6.66842949e-01
4442            	1.11845855e+00	3.10176116e-03	-2.06199516e-02	9.73047572e-02	6.78172549e-01
4443            	1.11861058e+00	1.16423808e-03	-7.27155234e-03	9.83567974e-02	6.87752498e-01
4444            	1.11839564e+00	-9.34555207e-04	6.79699071e-03	9.84225131e-02	6.93915551e-01
4445            	1.11781996e+00	-3.07278311e-03	2.10467253e-02	9.74958622e-02	6.95646875e-01
4446            	1.11698209e+00	-5.07909289e-03	3.44346985e-02	9.57119576e-02	6.92814266e-01
4447            	1.11620193e+00	-6.71535734e-03	4.50863620e-02	9.32416210e-02	6.86299501e-01
4448            	1.11590381e+00	-8.05291544e-03	5.28477427e-02	9.03131952e-02	6.76665129e-01
4449            	1.11615198e+00	-8.78918681e-03	5.56378625e-02	8.72943820e-02	6.64487602e-01
4450            	1.11651573e+00	-8.96612695e-03	5.43949833e-02	8.45721482e-02	6.51383080e-01
4451            	1.11652448e+00	-8.85232021e-03	5.16829392e-02	8.23585376e-02	6.39277701e-01
4452            	1.11615614e+00	-8.70946946e-03	4.93920833e-02	8.07348315e-02	6.29078165e-01
4453            	1.11578942e+00	-8.46989183e-03	4.66584788e-02	7.96780076e-02	6.21162300e-01
4454            	1.11584265e+00	-8.10732065e-03	4.29170595e-02	7.91905438e-02	6.15939910e-01
4455            	1.11640929e+00	-7.37317875e-03	3.63999286e-02	7.93368052e-02	6.13668322e-01
4456            	1.11719806e+00	-6.20308374e-03	2.69656914e-02	8.01768377e-02	6.14474236e-01
4457            	1.11785949e+00	-4.63272307e-03	1.52653865e-02	8.17510775e-02	6.19511914e-01
4458            	1.11818550e+00	-2.82760554e-03	2.53521797e-03	8.39286750e-02	6.27580947e-01
4459            	1.11827102e+00	-8.12990768e-04	-1.11189586e-02	8.64859028e-02	6.38131768e-01
4460            	1.11821122e+00	1.27884372e-03	-2.47097666e-02	8.90949381e-02	6.49301761e-01
4461            	1.11808878e+00	3.26890125e-03	-3.71201381e-02	9.13921190e-02	6.59683158e-01
4462            	1.11791618e+00	4.84201496e-03	-4.63667390e-02	9.31401074e-02	6.68526907e-01
4463            	1.11764745e+00	5.89260544e-03	-5.17558798e-02	9.41671541e-02	6.75786210e-01
4464            	1.11719605e+00	6.34539117e-03	-5.27164579e-02	9.43994209e-02	6.80043164e-01
4465            	1.11644971e+00	6.53987204e-03	-5.14569538e-02	9.38689169e-02	6.80838120e-01
4466            	1.11559925e+00	6.48059720e-03	-4.83250799e-02	9.26850935e-02	6.78161704e-01
4467            	1.11512271e+00	6.21895389e-03	-4.44308990e-02	9.10019695e-02	6.71533400e-01
4468            	1.11534329e+00	5.88977645e-03	-4.10511469e-02	8.91131535e-02	6.62294990e-01
4469            	1.11612449e+00	5.48331069e-03	-3.77176555e-02	8.73392507e-02	6.52018946e-01
4470            	1.11692505e+00	4.77078453e-03	-3.21517421e-02	8.59143307e-02	6.42091354e-01
4471            	1.11735620e+00	3.55890638e-03	-2.28182459e-02	8.49217770e-02	6.33546070e-01
4472            	1.11740183e+00	1.80644232e-03	-9.93273467e-03	8.43669250e-02	6.28316009e-01
4473            	1.11727681e+00	-3.18689185e-04	4.68894816e-03	8.42043742e-02	6.25964483e-01
4474            	1.11721850e+00	-2.47763294e-03	1.85424919e-02	8.44358593e-02	6.26572634e-01
4475            	1.11727974e+00	-4.48943417e-03	3.06248620e-02	8.50887344e-02	6.29106236e-01
4476            	1.11736342e+00	-6.12372152e-03	3.98875521e-02	8.62404052e-02	6.34794211e-01
4477            	1.11741887e+00	-7.42782441e-03	4.69812720e-02	8.78141013e-02	6.43268813e-01
4478            	1.11746753e+00	-8.25771141e-03	5.08994454e-02	8.96422508e-02	6.54118376e-01
4479            	1.11747702e+00	-8.70737266e-03	5.21954515e-02	9.14725483e-02	6.65225005e-01
4480            	1.11739858e+00	-8.76471463e-03	5.08437486e-02	9.29859852e-02	6.74719627e-01
4481            	1.11721380e+00	-8.65945921e-03	4.84465771e-02	9.39279891e-02	6.81758644e-01
4482            	1.11697753e+00	-8.44172129e-03	4.54595200e-02	9.41227174e-02	6.86166761e-01
4483            	1.11674652e+00	-8.10136605e-03	4.20115741e-02	9.34974482e-02	6.87350194e-01
4484            	1.11652219e+00	-7.57176633e-03	3.78320088e-02	9.21173910e-02	6.84804978e-01
4485            	1.11632447e+00	-6.78623292e-03	3.23543110e-02	9.01288934e-02	6.78274767e-01
4486            	1.11633947e+00	-5.67202433e-03	2.46499997e-02	8.77043661e-02	6.68840237e-01
4487            	1.11667160e+00	-4.15697291e-03	1.38226049e-02	8.51331487e-02	6.57574353e-01
4488            	1.11714678e+00	-2.31164957e-03	5.44197140e-04	8.27661484e-02	6.45598013e-01
4489            	1.11740578e+00	-2.32092082e-04	-1.37655917e-02	8.09339091e-02	6.34828306e-01
4490            	1.11722999e+00	1.81657457e-03	-2.67470991e-02	7.97887494e-02	6.25011786e-01
4491            	1.11679639e+00	3.59111608e-03	-3.70481182e-02	7.93532718e-02	6.18037956e-01
4492            	1.11640590e+00	4.86073274e-03	-4.37803200e-02	7.95799768e-02	6.14130413e-01
4493            	1.11629273e+00	5.59280025e-03	-4.72096047e-02	8.04073941e-02	6.13926947e-01
4494            	1.11637574e+00	5.99899222e-03	-4.87905721e-02	8.18078569e-02	6.17051583e-01
4495            	1.11650181e+00	6.23542835e-03	-4.92719943e-02	8.38024201e-02	6.23768633e-01
4496            	1.11655943e+00	6.34635743e-03	-4.87270326e-02	8.63454022e-02	6.33167093e-01
4497            	1.11666532e+00	6.33631470e-03	-4.72759221e-02	8.92578662e-02	6.44581464e-01
4498            	1.11695158e+00	6.10422876e-03	-4.43751286e-02	9.22413324e-02	6.56967100e-01
4499            	1.11744735e+00	5.56485410e-03	-3.94553550e-02	9.49380990e-02	6.69050673e-01
4500            	1.11803993e+00	4.59000417e-03	-3.17401956e-02	9.70160501e-02	6.79211461e-01
4501            	1.11847808e+00	3.20262478e-03	-2.14339308e-02	9.82648101e-02	6.87469558e-01
4502            	1.11853077e+00	1.40387668e-03	-8.65251004e-03	9.85449710e-02	6.92805990e-01
4503            	1.11807667e+00	-6.57826385e-04	5.69816556e-03	9.78336197e-02	6.94381479e-01
4504            	1.11723840e+00	-2.81141678e-03	2.05026771e-02	9.62063597e-02	6.92401384e-01
4505            	1.11637641e+00	-4.94484568e-03	3.47460024e-02	9.38422551e-02	6.86388813e-01
4506            	1.11601822e+00	-6.80092056e-03	4.61475203e-02	9.09715999e-02	6.77700033e-01
4507            	1.11624131e+00	-8.08825927e-03	5.27790705e-02	8.79334859e-02	6.66951833e-01
4508            	1.11666824e+00	-8.77951025e-03	5.50851208e-02	8.51411682e-02	6.55915732e-01
4509            	1.11673304e+00	-9.00517213e-03	5.47023393e-02	8.28610864e-02	6.45397098e-01
4510            	1.11634035e+00	-9.05641811e-03	5.37019078e-02	8.11847025e-02	6.36661182e-01
4511            	1.11582686e+00	-9.06938701e-03	5.25720069e-02	8.01039303e-02	6.29744067e-01
4512            	1.11562684e+00	-8.86998348e-03	4.97666943e-02	7.95788370e-02	6.25117170e-01
4513            	1.11594364e+00	-8.38961967e-03	4.47382264e-02	7.96489966e-02	6.23204983e-01
4514            	1.11666715e+00	-7.60804819e-03	3.75575860e-02	8.03651341e-02	6.24534348e-01
4515            	1.11749771e+00	-6.49679190e-03	2.84129177e-02	8.17844360e-02	6.29261411e-01
4516            	1.11812967e+00	-4.93715901e-03	1.68150242e-02	8.37901898e-02	6.37980573e-01
4517            	1.11845917e+00	-3.03126456e-03	3.43870064e-03	8.61730970e-02	6.49087590e-01
4518            	1.11848242e+00	-9.25934639e-04	-1.07038919e-02	8.86328553e-02	6.60828206e-01
4519            	1.11832428e+00	1.18514468e-03	-2.43377073e-02	9.08608173e-02	6.71539879e-01
4520            	1.11807671e+00	3.15585050e-03	-3.64936921e-02	9.25897206e-02	6.79955801e-01
4521            	1.11778051e+00	4.85516700e-03	-4.64035854e-02	9.36527017e-02	6.85957039e-01
4522            	1.11734867e+00	5.93586952e-03	-5.17319706e-02	9.39617573e-02	6.88854313e-01
4523            	1.11670764e+00	6.46006417e-03	-5.28656043e-02	9.35136026e-02	6.88450152e-01
4524            	1.11589894e+00	6.54539918e-03	-5.08348053e-02	9.23872573e-02	6.84609435e-01
4525            	1.11533242e+00	6.46550478e-03	-4.81494694e-02	9.07360904e-02	6.77790775e-01
4526            	1.11532875e+00	6.29839625e-03	-4.57515436e-02	8.88550848e-02	6.68208003e-01
4527            	1.11583049e+00	6.07391122e-03	-4.34986915e-02	8.70856304e-02	6.57285736e-01
4528            	1.11645199e+00	5.60424926e-03	-3.94033883e-02	8.56853786e-02	6.46759654e-01
4529            	1.11690793e+00	4.76977602e-03	-3.23347193e-02	8.47529455e-02	6.37914423e-01
4530            	1.11717478e+00	3.51386176e-03	-2.23093085e-02	8.42936592e-02	6.31231585e-01
4531            	1.11735053e+00	1.87216840e-03	-1.02156107e-02	8.42468982e-02	6.27657981e-01
4532            	1.11748697e+00	-8.74124790e-05	3.03596438e-03	8.46072839e-02	6.27023436e-01
4533            	1.11758775e+00	-2.08778327e-03	1.56380442e-02	8.53590374e-02	6.29542905e-01
4534            	1.11763412e+00	-4.04256441e-03	2.74085930e-02	8.65502579e-02	6.35135577e-01
4535            	1.11764419e+00	-5.85602684e-03	3.80713575e-02	8.81493271e-02	6.43906489e-01
4536            	1.11766848e+00	-7.22712243e-03	4.57098544e-02	8.99646436e-02	6.55306329e-01
4537            	1.11769722e+00	-8.18407267e-03	5.05241474e-02	9.17636182e-02	6.68237758e-01
4538            	1.11766566e+00	-8.67962946e-03	5.22117141e-02	9.32679725e-02	6.79949030e-01
4539            	1.11750534e+00	-8.82070988e-03	5.15274485e-02	9.42337756e-02	6.88832355e-01
4540            	1.11720845e+00	-8.75747132e-03	4.95495620e-02	9.44856188e-02	6.94429219e-01
4541            	1.11678812e+00	-8.62563766e-03	4.73373132e-02	9.39233904e-02	6.96344004e-01
4542            	1.11631660e+00	-8.34164566e-03	4.45679292e-02	9.25768627e-02	6.94575824e-01
4543            	1.11594862e+00	-7.89819806e-03	4.11000690e-02	9.05688182e-02	6.88993439e-01
4544            	1.11597040e+00	-7.20834834e-03	3.58558346e-02	8.80859124e-02	6.79992899e-01
4545            	1.11650655e+00	-6.08874948e-03	2.71956724e-02	8.53941958e-02	6.68830649e-01
4546            	1.11725663e+00	-4.37995502e-03	1.43707590e-02	8.28563374e-02	6.57313959e-01
4547            	1.11770577e+00	-2.38622742e-03	1.68013879e-04	8.08236763e-02	6.46414129e-01
4548            	1.11757463e+00	-3.36430783e-04	-1.32994650e-02	7.95097810e-02	6.37275490e-01
4549            	1.11706877e+00	1.59815565e-03	-2.50229061e-02	7.89637286e-02	6.29605926e-01
4550            	1.11661073e+00	3.35302963e-03	-3.52100220e-02	7.91143427e-02	6.24669359e-01
4551            	1.11644819e+00	4.73447591e-03	-4.31257366e-02	7.99107562e-02	6.22388779e-01
4552            	1.11658308e+00	5.63675211e-03	-4.81600735e-02	8.12998454e-02	6.23860149e-01
4553            	1.11677776e+00	6.09794750e-03	-5.02991531e-02	8.32683367e-02	6.28842503e-01
4554            	1.11683990e+00	6.35762423e-03	-5.08633973e-02	8.57798407e-02	6.37109437e-01
4555            	1.11680747e+00	6.48129089e-03	-5.03210688e-02	8.86603902e-02	6.47694925e-01
4556            	1.11685552e+00	6.35080605e-03	-4.80284605e-02	9.16446512e-02	6.59416059e-01
4557            	1.11708471e+00	6.00774200e-03	-4.42893425e-02	9.43912561e-02	6.71018344e-01
4558            	1.11753377e+00	5.39108202e-03	-3.87297552e-02	9.65886747e-02	6.81277820e-01
4559            	1.11807532e+00	4.47199234e-03	-3.11840960e-02	9.80026900e-02	6.88912174e-01
4560            	1.11842631e+00	3.21055065e-03	-2.14192155e-02	9.84893028e-02	6.93192383e-01
4561            	1.11828205e+00	1.53363259e-03	-8.93624274e-03	9.79970097e-02	6.93928952e-01
4562            	1.11757881e+00	-5.22854908e-04	5.87196537e-03	9.65821477e-02	6.91155052e-01
4563            	1.11668475e+00	-2.74781943e-03	2.12503243e-02	9.43696195e-02	6.85824598e-01
4564            	1.11621603e+00	-5.04203837e-03	3.59232576e-02	9.15867153e-02	6.77187955e-01
4565            	1.11636713e+00	-6.87686795e-03	4.63886845e-02	8.85741835e-02	6.67168926e-01
4566            	1.11678367e+00	-8.10180587e-03	5.23679177e-02	8.57394661e-02	6.57053539e-01
4567            	1.11693501e+00	-8.77973369e-03	5.50963771e-02	8.33845489e-02	6.48399507e-01
4568            	1.11662271e+00	-9.23788556e-03	5.68755241e-02	8.16459457e-02	6.41387377e-01
4569            	1.11608244e+00	-9.47969270e-03	5.73259841e-02	8.05215983e-02	6.35938035e-01
4570            	1.11570473e+00	-9.48409145e-03	5.58360409e-02	7.99740550e-02	6.31886310e-01
4571            	1.11576753e+00	-9.18646296e-03	5.18915485e-02	8.00133115e-02	6.30598831e-01
4572            	1.11624784e+00	-8.62873271e-03	4.59940314e-02	8.06625948e-02	6.32353192e-01
4573            	1.11698081e+00	-7.86446932e-03	3.88523281e-02	8.19706284e-02	6.37525526e-01
4574            	1.11775120e+00	-6.80950243e-03	3.01248805e-02	8.38389350e-02	6.45695748e-01
4575            	1.11837507e+00	-5.20127795e-03	1.81941358e-02	8.60652325e-02	6.56930126e-01
4576            	1.11866781e+00	-3.19519911e-03	4.22626060e-03	8.83709613e-02	6.69403189e-01
4577            	1.11861521e+00	-1.06970668e-03	-9.94981214e-03	9.04657593e-02	6.80746195e-01
4578            	1.11833893e+00	1.02391707e-03	-2.33427665e-02	9.21258377e-02	6.89917610e-01
4579            	1.11797039e+00	2.96907273e-03	-3.51856884e-02	9.31682493e-02	6.95703218e-01
4580            	1.11751151e+00	4.68106645e-03	-4.49331452e-02	9.35009581e-02	6.97880027e-01
4581            	1.11686835e+00	5.83430396e-03	-5.04515757e-02	9.31193268e-02	6.96229970e-01
4582            	1.11613070e+00	6.39396970e-03	-5.17375581e-02	9.20676021e-02	6.91331765e-01
4583            	1.11557794e+00	6.48944100e-03	-5.03070573e-02	9.04558732e-02	6.83236907e-01
4584            	1.11549869e+00	6.46971976e-03	-4.89051304e-02	8.85785248e-02	6.73233878e-01
4585            	1.11582455e+00	6.33156305e-03	-4.72155224e-02	8.67826548e-02	6.61975789e-01
4586            	1.11620778e+00	6.07504558e-03	-4.44747969e-02	8.53673577e-02	6.50821878e-01
4587            	1.11643013e+00	5.55667982e-03	-3.93504749e-02	8.44556359e-02	6.41107033e-01
4588            	1.11664997e+00	4.68059010e-03	-3.15680966e-02	8.40640219e-02	6.34035020e-01
4589            	1.11701225e+00	3.46430426e-03	-2.18755494e-02	8.41249109e-02	6.29237486e-01
4590            	1.11746579e+00	2.01553774e-03	-1.13765636e-02	8.46102270e-02	6.27376843e-01
4591            	1.11780880e+00	2.41060633e-04	4.43925297e-04	8.54938474e-02	6.28590406e-01
4592            	1.11791391e+00	-1.67572926e-03	1.25861894e-02	8.67943363e-02	6.33737011e-01
4593            	1.11787286e+00	-3.67827677e-03	2.49184066e-02	8.84510998e-02	6.42445008e-01
4594            	1.11783917e+00	-5.60809958e-03	3.64814914e-02	9.03036235e-02	6.53833636e-01
4595            	1.11784382e+00	-7.08996404e-03	4.49153237e-02	9.21018254e-02	6.67176018e-01
4596            	1.11782586e+00	-8.14092156e-03	5.04438041e-02	9.35924004e-02	6.80613929e-01
4597            	1.11774967e+00	-8.75672456e-03	5.30455758e-02	9.45647052e-02	6.92002588e-01
4598            	1.11749152e+00	-9.00556333e-03	5.32263316e-02	9.48515206e-02	6.99813570e-01
4599            	1.11702538e+00	-8.98847332e-03	5.17751693e-02	9.43503956e-02	7.03406725e-01
4600            	1.11638194e+00	-8.86148878e-03	4.99280056e-02	9.30639103e-02	7.02710934e-01
4601            	1.11574650e+00	-8.63303727e-03	4.77122387e-02	9.10779241e-02	6.97913372e-01
4602            	1.11552133e+00	-8.30442917e-03	4.46947072e-02	8.85655800e-02	6.89659074e-01
4603            	1.11603584e+00	-7.67353198e-03	3.89603819e-02	8.57902042e-02	6.79048109e-01
4604            	1.11702128e+00	-6.45977157e-03	2.89026016e-02	8.31094205e-02	6.67585244e-01
4605            	1.11780133e+00	-4.60683469e-03	1.50639431e-02	8.08879218e-02	6.57340374e-01
4606            	1.11789190e+00	-2.55618562e-03	1.10008425e-03	7.93675777e-02	6.48511936e-01
4607            	1.11742084e+00	-5.67691729e-04	-1.14294156e-02	7.86402836e-02	6.41464983e-01
4608            	1.11688602e+00	1.26058632e-03	-2.24325636e-02	7.86726254e-02	6.36170837e-01
4609            	1.11663916e+00	3.05301270e-03	-3.32658887e-02	7.93920734e-02	6.33163676e-01
4610            	1.11673410e+00	4.55676009e-03	-4.24861598e-02	8.07517683e-02	6.32844069e-01
4611            	1.11695342e+00	5.64362742e-03	-4.89773720e-02	8.27114201e-02	6.36172013e-01
4612            	1.11709919e+00	6.18186757e-03	-5.15968029e-02	8.52143373e-02	6.42689534e-01
4613            	1.11708721e+00	6.43262972e-03	-5.20331443e-02	8.80806545e-02	6.51740791e-01
4614            	1.11704135e+00	6.47572837e-03	-5.09346662e-02	9.10616900e-02	6.62753327e-01
4615            	1.11705515e+00	6.24915491e-03	-4.79240886e-02	9.38353892e-02	6.73672729e-01
4616            	1.11722139e+00	5.83660013e-03	-4.36010190e-02	9.61045389e-02	6.83276963e-01
4617            	1.11757412e+00	5.21129711e-03	-3.78057155e-02	9.76423908e-02	6.90763270e-01
4618            	1.11799221e+00	4.35347315e-03	-3.04275398e-02	9.82960180e-02	6.95063088e-01
4619            	1.11815176e+00	3.21591204e-03	-2.10688731e-02	9.80078774e-02	6.94929980e-01
4620            	1.11780483e+00	1.59879829e-03	-8.49759044e-03	9.68047463e-02	6.91107610e-01
4621            	1.11705950e+00	-4.76408775e-04	6.62994200e-03	9.47907934e-02	6.84661477e-01
4622            	1.11653085e+00	-2.74899788e-03	2.17806492e-02	9.21431969e-02	6.76321508e-01
4623            	1.11657332e+00	-5.01444036e-03	3.54866186e-02	8.91943649e-02	6.66026811e-01
4624            	1.11693032e+00	-6.75849865e-03	4.50735569e-02	8.63618220e-02	6.56227890e-01
4625            	1.11709441e+00	-8.06129409e-03	5.20306393e-02	8.39482686e-02	6.48281316e-01
4626            	1.11686988e+00	-8.99535907e-03	5.71025554e-02	8.21255951e-02	6.42951980e-01
4627            	1.11640596e+00	-9.63360925e-03	6.03382834e-02	8.09363253e-02	6.39373850e-01
4628            	1.11601100e+00	-9.84592929e-03	6.03354408e-02	8.03449103e-02	6.36757053e-01
4629            	1.11589497e+00	-9.77849594e-03	5.78842394e-02	8.03586691e-02	6.35854672e-01
4630            	1.11612823e+00	-9.42261227e-03	5.31879105e-02	8.09757847e-02	6.37932395e-01
4631            	1.11659744e+00	-8.88066602e-03	4.73203020e-02	8.22175254e-02	6.43408681e-01
4632            	1.11724818e+00	-8.18623100e-03	4.07161522e-02	8.39893171e-02	6.51907989e-01
4633            	1.11800193e+00	-7.12303748e-03	3.19331046e-02	8.61036030e-02	6.62713217e-01
4634            	1.11859128e+00	-5.46854938e-03	1.97252829e-02	8.82766138e-02	6.75196122e-01
4635            	1.11882882e+00	-3.41141572e-03	5.52505659e-03	9.02436738e-02	6.87400713e-01
4636            	1.11866957e+00	-1.29134943e-03	-8.46528095e-03	9.17875326e-02	6.97100703e-01
4637            	1.11827822e+00	7.03021414e-04	-2.10689027e-02	9.27631576e-02	7.03734902e-01
4638            	1.11774039e+00	2.62552130e-03	-3.25386035e-02	9.30875362e-02	7.06016008e-01
4639            	1.11706894e+00	4.32040320e-03	-4.18808208e-02	9.27265516e-02	7.04096602e-01
4640            	1.11629632e+00	5.54546327e-03	-4.77626205e-02	9.17287206e-02	6.98012883e-01
4641            	1.11579128e+00	6.12779064e-03	-4.97092785e-02	9.01682591e-02	6.88744871e-01
4642            	1.11573270e+00	6.27976493e-03	-4.95671066e-02	8.83053120e-02	6.77267445e-01
4643            	1.11599675e+00	6.33902674e-03	-4.92612117e-02	8.64875469e-02	6.65219956e-01
4644            	1.11622576e+00	6.22372527e-03	-4.74957977e-02	8.50272075e-02	6.53538907e-01
4645            	1.11623457e+00	5.85098239e-03	-4.32987287e-02	8.40903219e-02	6.43276471e-01
4646            	1.11620661e+00	5.19482580e-03	-3.68355084e-02	8.37095623e-02	6.35307276e-01
4647            	1.11646606e+00	4.33526609e-03	-2.92253417e-02	8.38322768e-02	6.30230292e-01
4648            	1.11706352e+00	3.32237288e-03	-2.12321416e-02	8.44162570e-02	6.27319379e-01
4649            	1.11772651e+00	2.07332288e-03	-1.22910863e-02	8.54285481e-02	6.27086611e-01
4650            	1.11810336e+00	4.61994683e-04	-1.45408728e-03	8.68598847e-02	6.30711321e-01
4651            	1.11812283e+00	-1.42291494e-03	1.07571408e-02	8.86412595e-02	6.38436292e-01
4652            	1.11804335e+00	-3.52193070e-03	2.39012437e-02	9.05816577e-02	6.49801405e-01
4653            	1.11798793e+00	-5.52459115e-03	3.60331768e-02	9.24426824e-02	6.62951594e-01
4654            	1.11795933e+00	-7.10799079e-03	4.52405751e-02	9.39712718e-02	6.77048401e-01
4655            	1.11788456e+00	-8.24160908e-03	5.14412880e-02	9.49518933e-02	6.90000831e-01
4656            	1.11770285e+00	-8.96026780e-03	5.49060692e-02	9.52458607e-02	7.00155099e-01
4657            	1.11728991e+00	-9.29346428e-03	5.58671952e-02	9.47806754e-02	7.06019343e-01
4658            	1.11660491e+00	-9.36958123e-03	5.53592918e-02	9.35484064e-02	7.07217100e-01
4659            	1.11580060e+00	-9.28160310e-03	5.39886643e-02	9.16208494e-02	7.03821913e-01
4660            	1.11527285e+00	-9.09394978e-03	5.17975622e-02	8.91243130e-02	6.96536915e-01
4661            	1.11551096e+00	-8.75370427e-03	4.78530850e-02	8.63013193e-02	6.86322378e-01
4662            	1.11646948e+00	-8.05485086e-03	4.08772720e-02	8.35104260e-02	6.75150439e-01
4663            	1.11750007e+00	-6.70171263e-03	2.97822959e-02	8.11240436e-02	6.64713475e-01
4664            	1.11793637e+00	-4.80110930e-03	1.62268651e-02	7.94063564e-02	6.56747832e-01
4665            	1.11768661e+00	-2.83635000e-03	3.40222012e-03	7.84698880e-02	6.50509491e-01
4666            	1.11716953e+00	-9.67181811e-04	-8.27697851e-03	7.83095558e-02	6.45821634e-01
4667            	1.11683810e+00	8.99528218e-04	-1.99607035e-02	7.89055934e-02	6.43173510e-01
4668            	1.11684879e+00	2.77040011e-03	-3.18388809e-02	8.01919058e-02	6.42432701e-01
4669            	1.11704132e+00	4.46896599e-03	-4.25851003e-02	8.21182545e-02	6.44289311e-01
4670            	1.11721104e+00	5.64193690e-03	-4.96149966e-02	8.46229824e-02	6.49064220e-01
4671            	1.11728775e+00	6.23241450e-03	-5.25005180e-02	8.74973414e-02	6.56562806e-01
4672            	1.11725851e+00	6.46460169e-03	-5.28264095e-02	9.04875252e-02	6.66135778e-01
4673            	1.11718367e+00	6.42532387e-03	-5.11383946e-02	9.32858625e-02	6.76559864e-01
4674            	1.11715827e+00	6.10866193e-03	-4.74247633e-02	9.55990538e-02	6.85617082e-01
4675            	1.11724953e+00	5.64047751e-03	-4.25542698e-02	9.72212909e-02	6.92202527e-01
4676            	1.11747048e+00	5.01076922e-03	-3.65218635e-02	9.80006537e-02	6.95997056e-01
4677            	1.11766281e+00	4.22214244e-03	-2.92554251e-02	9.78767267e-02	6.96212689e-01
4678            	1.11758832e+00	3.11260980e-03	-1.96612062e-02	9.68674342e-02	6.91788646e-01
4679            	1.11717594e+00	1.58145793e-03	-7.44839641e-03	9.50441004e-02	6.84241776e-01
4680            	1.11680648e+00	-4.43421570e-04	6.86451802e-03	9.25704226e-02	6.74560268e-01
4681            	1.11681847e+00	-2.70939677e-03	2.12358781e-02	8.97432552e-02	6.64203278e-01
4682            	1.11711316e+00	-4.85226703e-03	3.38443734e-02	8.69479426e-02	6.54055828e-01
4683            	1.11725372e+00	-6.66609107e-03	4.43382213e-02	8.45301161e-02	6.46135304e-01
4684            	1.11703025e+00	-8.05052612e-03	5.25155111e-02	8.26520757e-02	6.41247318e-01
4685            	1.11660005e+00	-9.15799368e-03	5.90421179e-02	8.13839669e-02	6.39284819e-01
4686            	1.11625675e+00	-9.90379773e-03	6.27565976e-02	8.07260654e-02	6.38896232e-01
4687            	1.11614099e+00	-1.01669838e-02	6.26183020e-02	8.06914658e-02	6.39736531e-01
4688            	1.11624746e+00	-1.00267639e-02	5.93256365e-02	8.12717706e-02	6.42538567e-01
4689            	1.11649314e+00	-9.64586650e-03	5.43855362e-02	8.24761700e-02	6.48166623e-01
4690            	1.11687483e+00	-9.14996715e-03	4.88997822e-02	8.41938519e-02	6.56723062e-01
4691            	1.11747749e+00	-8.49364892e-03	4.25416238e-02	8.62290594e-02	6.67741261e-01
4692            	1.11817135e+00	-7.39446497e-03	3.35463985e-02	8.83141735e-02	6.80119956e-01
4693            	1.11869274e+00	-5.73636788e-03	2.14269301e-02	9.01737417e-02	6.92570899e-01
4694            	1.11884025e+00	-3.69130907e-03	7.46541996e-03	9.16089245e-02	7.03297532e-01
4695            	1.11859433e+00	-1.65990320e-03	-5.78707882e-03	9.24798898e-02	7.10490158e-01
4696            	1.11806059e+00	2.88985428e-04	-1.78760156e-02	9.27383569e-02	7.13801501e-01
4697            	1.11731806e+00	2.14427950e-03	-2.86403752e-02	9.23683108e-02	7.11928584e-01
4698            	1.11649565e+00	3.86508199e-03	-3.80322951e-02	9.13850638e-02	7.05584144e-01
4699            	1.11594471e+00	5.06479781e-03	-4.42155003e-02	8.98629638e-02	6.95018435e-01
4700            	1.11591449e+00	5.75982972e-03	-4.77890301e-02	8.80314437e-02	6.82243451e-01
4701            	1.11622319e+00	6.06850550e-03	-4.93041543e-02	8.62100188e-02	6.68555046e-01
4702            	1.11644438e+00	6.09879556e-03	-4.86953169e-02	8.47113316e-02	6.55606731e-01
4703            	1.11632413e+00	5.88158436e-03	-4.56090200e-02	8.37229688e-02	6.44316673e-01
4704            	1.11606930e+00	5.37382371e-03	-4.00340561e-02	8.33094832e-02	6.35399771e-01
4705            	1.11605375e+00	4.68013336e-03	-3.33507779e-02	8.34400247e-02	6.29458009e-01
4706            	1.11652029e+00	3.94005886e-03	-2.69207428e-02	8.40831016e-02	6.26434582e-01
4707            	1.11731661e+00	3.12287822e-03	-2.05278157e-02	8.51890405e-02	6.25487968e-01
4708            	1.11801081e+00	2.08828643e-03	-1.29656840e-02	8.67369075e-02	6.27335418e-01
4709            	1.11831697e+00	6.10186658e-04	-2.71512762e-03	8.86500110e-02	6.33251347e-01
4710            	1.11833134e+00	-1.36340758e-03	1.02920511e-02	9.07307074e-02	6.43235521e-01
4711            	1.11825064e+00	-3.50099226e-03	2.38221605e-02	9.26990734e-02	6.56317495e-01
4712            	1.11815131e+00	-5.60548139e-03	3.67654830e-02	9.43107986e-02	6.70166343e-01
4713            	1.11803550e+00	-7.23483023e-03	4.64142075e-02	9.53541164e-02	6.83814841e-01
4714            	1.11785199e+00	-8.48696516e-03	5.35633895e-02	9.56794476e-02	6.95393609e-01
4715            	1.11753136e+00	-9.33069946e-03	5.80698495e-02	9.52357963e-02	7.03710806e-01
4716            	1.11692477e+00	-9.78794842e-03	6.01683648e-02	9.40357260e-02	7.07228405e-01
4717            	1.11607515e+00	-9.92053098e-03	6.02818884e-02	9.21480088e-02	7.05732281e-01
4718            	1.11534291e+00	-9.88226554e-03	5.90629334e-02	8.96967703e-02	6.99565493e-01
4719            	1.11527809e+00	-9.68592854e-03	5.60118216e-02	8.68763617e-02	6.90255529e-01
4720            	1.11597600e+00	-9.27495318e-03	5.07733664e-02	8.40231498e-02	6.79465302e-01
4721            	1.11697336e+00	-8.37420979e-03	4.23128979e-02	8.15157235e-02	6.69070653e-01
4722            	1.11763257e+00	-6.96177748e-03	3.14183287e-02	7.96310189e-02	6.60623585e-01
4723            	1.11770343e+00	-5.18766440e-03	1.93015621e-02	7.84998394e-02	6.55050088e-01
4724            	1.11740376e+00	-3.30917591e-03	7.15488765e-03	7.81368758e-02	6.51480681e-01
4725            	1.11710882e+00	-1.43306251e-03	-4.96582927e-03	7.85361747e-02	6.49483084e-01
4726            	1.11705782e+00	5.06417316e-04	-1.76793189e-02	7.96865231e-02	6.49342953e-01
4727            	1.11717549e+00	2.47056968e-03	-3.04724193e-02	8.15275972e-02	6.51018791e-01
4728            	1.11731462e+00	4.27326842e-03	-4.19034880e-02	8.39879131e-02	6.54933509e-01
4729            	1.11737221e+00	5.52127862e-03	-4.93395726e-02	8.68712151e-02	6.60940814e-01
4730            	1.11741057e+00	6.17070963e-03	-5.26220833e-02	8.98929190e-02	6.68894761e-01
4731            	1.11736489e+00	6.31441390e-03	-5.23389235e-02	9.27249254e-02	6.77730249e-01
4732            	1.11728161e+00	6.18987711e-03	-5.00219036e-02	9.50806071e-02	6.86205498e-01
4733            	1.11718505e+00	5.82874971e-03	-4.58478752e-02	9.67544730e-02	6.92599353e-01
4734            	1.11715556e+00	5.35194559e-03	-4.07164002e-02	9.76200467e-02	6.95975362e-01
4735            	1.11714565e+00	4.76602370e-03	-3.46495106e-02	9.76252460e-02	6.95730021e-01
4736            	1.11706266e+00	4.04211945e-03	-2.73935857e-02	9.67810635e-02	6.91535196e-01
4737            	1.11686363e+00	2.99425068e-03	-1.80030535e-02	9.51417361e-02	6.83187633e-01
4738            	1.11678942e+00	1.50450285e-03	-6.54951550e-03	9.28450376e-02	6.72345748e-01
4739            	1.11698469e+00	-4.75045057e-04	6.72038237e-03	9.01745690e-02	6.60698887e-01
4740            	1.11730365e+00	-2.59290780e-03	1.98239185e-02	8.74805972e-02	6.49908715e-01
4741            	1.11739938e+00	-4.69476223e-03	3.26266084e-02	8.50889995e-02	6.41584362e-01
4742            	1.11712534e+00	-6.62511382e-03	4.46160300e-02	8.32042789e-02	6.36544692e-01
4743            	1.11669773e+00	-8.24089122e-03	5.46532009e-02	8.18887096e-02	6.35178969e-01
4744            	1.11637597e+00	-9.49250364e-03	6.19225603e-02	8.11590464e-02	6.36405779e-01
4745            	1.11632291e+00	-1.01959782e-02	6.48824535e-02	8.10518349e-02	6.39464142e-01
4746            	1.11643478e+00	-1.03936925e-02	6.39526673e-02	8.15749520e-02	6.44134394e-01
4747            	1.11657812e+00	-1.01987535e-02	6.02662670e-02	8.27363731e-02	6.50937149e-01
4748            	1.11675945e+00	-9.87368786e-03	5.58385051e-02	8.44258548e-02	6.60147534e-01
4749            	1.11711516e+00	-9.42592268e-03	5.06936103e-02	8.64148415e-02	6.71318914e-01
4750            	1.11764441e+00	-8.70125943e-03	4.39070030e-02	8.84309649e-02	6.83715557e-01
4751            	1.11822538e+00	-7.57065288e-03	3.48009625e-02	9.02109942e-02	6.96286645e-01
4752            	1.11863033e+00	-5.97129733e-03	2.32083912e-02	9.15563144e-02	7.07599054e-01
4753            	1.11869464e+00	-4.01905802e-03	9.98944281e-03	9.23323979e-02	7.16262263e-01
4754            	1.11834043e+00	-2.10504678e-03	-2.28983663e-03	9.24901640e-02	7.20558729e-01
4755            	1.11762021e+00	-2.19494686e-04	-1.36943898e-02	9.20496854e-02	7.19855521e-01
4756            	1.11674484e+00	1.58222925e-03	-2.40041247e-02	9.10504365e-02	7.13975391e-01
4757            	1.11610335e+00	3.29160508e-03	-3.37654242e-02	8.95409912e-02	7.03262528e-01
4758            	1.11601110e+00	4.63864439e-03	-4.18095405e-02	8.77416594e-02	6.89167386e-01
4759            	1.11634804e+00	5.51031716e-03	-4.72223812e-02	8.59388707e-02	6.73797479e-01
4760            	1.11665607e+00	5.82737981e-03	-4.87402119e-02	8.44332027e-02	6.59067011e-01
4761            	1.11655343e+00	5.79543050e-03	-4.70987745e-02	8.34113143e-02	6.46356065e-01
4762            	1.11616528e+00	5.48752778e-03	-4.29114308e-02	8.29636601e-02	6.36591179e-01
4763            	1.11591974e+00	4.94058188e-03	-3.70957298e-02	8.30608320e-02	6.29432079e-01
4764            	1.11611810e+00	4.32671573e-03	-3.13392119e-02	8.37048803e-02	6.25415948e-01
4765            	1.11676409e+00	3.76569304e-03	-2.64597881e-02	8.48559493e-02	6.24209725e-01
4766            	1.11756492e+00	3.11838112e-03	-2.11901054e-02	8.64778922e-02	6.25587103e-01
4767            	1.11816907e+00	2.19016654e-03	-1.40777015e-02	8.84991210e-02	6.30025702e-01
4768            	1.11847502e+00	7.42063748e-04	-3.81062670e-03	9.07081237e-02	6.38069197e-01
4769            	1.11852451e+00	-1.26281791e-03	9.56532752e-03	9.28251534e-02	6.49405175e-01
4770            	1.11841800e+00	-3.42505423e-03	2.34360830e-02	9.45546610e-02	6.62803510e-01
4771            	1.11826034e+00	-5.56802919e-03	3.68052943e-02	9.56928161e-02	6.76079347e-01
4772            	1.11804841e+00	-7.33468058e-03	4.75396915e-02	9.61067117e-02	6.88430575e-01
4773            	1.11771652e+00	-8.72918975e-03	5.58479085e-02	9.57090138e-02	6.98086771e-01
4774            	1.11718077e+00	-9.63457326e-03	6.10783305e-02	9.45352909e-02	7.03810465e-01
4775            	1.11639970e+00	-1.02409511e-02	6.44353287e-02	9.26719662e-02	7.04736659e-01
4776            	1.11561925e+00	-1.04846948e-02	6.51815366e-02	9.02451021e-02	7.00521208e-01
4777            	1.11534342e+00	-1.05308687e-02	6.37551538e-02	8.74394368e-02	6.92053943e-01
4778            	1.11578916e+00	-1.03328005e-02	5.98318381e-02	8.45686833e-02	6.81734608e-01
4779            	1.11657240e+00	-9.69520432e-03	5.28578701e-02	8.19903489e-02	6.71516280e-01
4780            	1.11718368e+00	-8.65596008e-03	4.40384508e-02	7.99842341e-02	6.63093668e-01
4781            	1.11742496e+00	-7.34495417e-03	3.44678075e-02	7.87023209e-02	6.57302197e-01
4782            	1.11740292e+00	-5.71888324e-03	2.34992891e-02	7.81606254e-02	6.54197217e-01
4783            	1.11733829e+00	-3.92411145e-03	1.15490111e-02	7.83652554e-02	6.53058899e-01
4784            	1.11733949e+00	-1.96665451e-03	-1.64209761e-03	7.93332884e-02	6.53536087e-01
4785            	1.11742935e+00	4.38241170e-05	-1.51682476e-02	8.10381631e-02	6.55937871e-01
4786            	1.11749372e+00	2.12244551e-03	-2.87471441e-02	8.34138138e-02	6.59898016e-01
4787            	1.11752373e+00	3.96595521e-03	-4.03540457e-02	8.62496894e-02	6.65385968e-01
4788            	1.11754836e+00	5.24306196e-03	-4.79887765e-02	8.92765112e-02	6.71811926e-01
4789            	1.11756702e+00	5.87390797e-03	-5.11244755e-02	9.21483278e-02	6.79103832e-01
4790            	1.11750500e+00	5.98252257e-03	-5.05488587e-02	9.45496722e-02	6.85991177e-01
4791            	1.11734179e+00	5.82459947e-03	-4.78500208e-02	9.62764331e-02	6.91667746e-01
4792            	1.11713129e+00	5.45099442e-03	-4.34125528e-02	9.71900585e-02	6.94724263e-01
4793            	1.11690787e+00	4.95714110e-03	-3.78804108e-02	9.72699593e-02	6.94434268e-01
4794            	1.11663647e+00	4.37866882e-03	-3.15029490e-02	9.65363506e-02	6.90013704e-01
4795            	1.11639361e+00	3.66101588e-03	-2.40785232e-02	9.50503119e-02	6.81624634e-01
4796            	1.11645182e+00	2.66526114e-03	-1.54792122e-02	9.29148946e-02	6.69889333e-01
4797            	1.11689151e+00	1.33264217e-03	-5.81062983e-03	9.04045030e-02	6.56705803e-01
4798            	1.11743467e+00	-5.01283989e-04	6.16527458e-03	8.78531186e-02	6.44444174e-01
4799            	1.11761905e+00	-2.54498987e-03	1.92004514e-02	8.55601031e-02	6.34900702e-01
4800            	1.11734437e+00	-4.70611221e-03	3.31442630e-02	8.37171745e-02	6.29371558e-01
4801            	1.11685361e+00	-6.79617652e-03	4.66009502e-02	8.24201626e-02	6.27659212e-01
4802            	1.11648118e+00	-8.50056905e-03	5.70953881e-02	8.16608496e-02	6.29626223e-01
4803            	1.11639561e+00	-9.73818646e-03	6.38101480e-02	8.14844675e-02	6.34368192e-01
4804            	1.11657298e+00	-1.04495708e-02	6.64435510e-02	8.19220751e-02	6.41230565e-01
4805            	1.11675107e+00	-1.06094767e-02	6.52113639e-02	8.30159426e-02	6.50059947e-01
4806            	1.11684506e+00	-1.04563946e-02	6.19530620e-02	8.46607176e-02	6.60561282e-01
4807            	1.11700637e+00	-1.01817510e-02	5.78900678e-02	8.66312691e-02	6.72497120e-01
4808            	1.11730770e+00	-9.67844830e-03	5.23832782e-02	8.86227994e-02	6.85385470e-01
4809            	1.11772457e+00	-8.86464373e-03	4.51036385e-02	9.03584420e-02	6.98156596e-01
4810            	1.11814878e+00	-7.71221211e-03	3.60475700e-02	9.16467529e-02	7.09870710e-01
4811            	1.11841700e+00	-6.19243399e-03	2.51499589e-02	9.23505076e-02	7.19127678e-01
4812            	1.11835695e+00	-4.41040200e-03	1.32377195e-02	9.24119215e-02	7.24935014e-01
4813            	1.11782494e+00	-2.53300282e-03	1.45875660e-03	9.18684437e-02	7.25861946e-01
4814            	1.11698513e+00	-7.06893709e-04	-9.43341505e-03	9.07838460e-02	7.21319301e-01
4815            	1.11627132e+00	1.09333404e-03	-2.01421485e-02	8.92389281e-02	7.11571850e-01
4816            	1.11609004e+00	2.81274925e-03	-3.08662901e-02	8.74173999e-02	6.97514596e-01
4817            	1.11638926e+00	4.29187827e-03	-4.05010978e-02	8.56090900e-02	6.80949443e-01
4818            	1.11671224e+00	5.27469044e-03	-4.66568218e-02	8.41076817e-02	6.64539023e-01
4819            	1.11669011e+00	5.61908474e-03	-4.77522582e-02	8.30844001e-02	6.50086348e-01
4820            	1.11631696e+00	5.49549351e-03	-4.49763248e-02	8.26177935e-02	6.38636619e-01
4821            	1.11596693e+00	5.09638864e-03	-4.02025155e-02	8.26895744e-02	6.30604002e-01
4822            	1.11595967e+00	4.56265469e-03	-3.49148978e-02	8.33016962e-02	6.25693186e-01
4823            	1.11636389e+00	4.11231426e-03	-3.06524282e-02	8.44571954e-02	6.23571060e-01
4824            	1.11699872e+00	3.66869593e-03	-2.65858908e-02	8.61244917e-02	6.24276846e-01
4825            	1.11764391e+00	3.13153021e-03	-2.18189709e-02	8.82255631e-02	6.28165861e-01
4826            	1.11818319e+00	2.28847975e-03	-1.50863820e-02	9.05499425e-02	6.34767851e-01
4827            	1.11854442e+00	8.20975822e-04	-4.55578904e-03	9.28149486e-02	6.44489832e-01
4828            	1.11862896e+00	-1.16556146e-03	8.88543858e-03	9.47061159e-02	6.56293978e-01
4829            	1.11850453e+00	-3.35246874e-03	2.31295195e-02	9.59829123e-02	6.69017211e-01
4830            	1.11824736e+00	-5.47845394e-03	3.66360229e-02	9.65025168e-02	6.81054456e-01
4831            	1.11787113e+00	-7.35701733e-03	4.83582344e-02	9.61925577e-02	6.91345163e-01
4832            	1.11732058e+00	-8.85304947e-03	5.76413618e-02	9.50642886e-02	6.98594168e-01
4833            	1.11659268e+00	-9.97262613e-03	6.45603466e-02	9.32207032e-02	7.01790876e-01
4834            	1.11586012e+00	-1.07289086e-02	6.88681347e-02	9.07965945e-02	7.00081388e-01
4835            	1.11553813e+00	-1.10300510e-02	6.92850552e-02	8.79866197e-02	6.93588049e-01
4836            	1.11582791e+00	-1.10021737e-02	6.65327684e-02	8.50995328e-02	6.84095070e-01
4837            	1.11642833e+00	-1.06689099e-02	6.14416019e-02	8.24799086e-02	6.74078771e-01
4838            	1.11684899e+00	-9.97498995e-03	5.46102249e-02	8.03889308e-02	6.65543841e-01
4839            	1.11698893e+00	-9.03656623e-03	4.71455920e-02	7.89872669e-02	6.59696798e-01
4840            	1.11706381e+00	-7.85600209e-03	3.86760193e-02	7.83116341e-02	6.56452665e-01
4841            	1.11723977e+00	-6.34625438e-03	2.81419468e-02	7.83499570e-02	6.55737341e-01
4842            	1.11749584e+00	-4.48671284e-03	1.52130883e-02	7.91397622e-02	6.57332636e-01
4843            	1.11769876e+00	-2.50878951e-03	1.51729880e-03	8.06672980e-02	6.60315923e-01
4844            	1.11776636e+00	-4.26015334e-04	-1.25298658e-02	8.29070084e-02	6.64889569e-01
4845            	1.11774049e+00	1.58411427e-03	-2.55848458e-02	8.56641058e-02	6.70194057e-01
4846            	1.11772071e+00	3.43991194e-03	-3.72827113e-02	8.86561132e-02	6.76082381e-01
4847            	1.11770983e+00	4.77293004e-03	-4.52867434e-02	9.15507238e-02	6.82047271e-01
4848            	1.11769172e+00	5.44282004e-03	-4.86292184e-02	9.40136591e-02	6.87423549e-01
4849            	1.11757730e+00	5.54870559e-03	-4.78873900e-02	9.58072664e-02	6.91380348e-01
4850            	1.11734177e+00	5.35838195e-03	-4.48058476e-02	9.67891273e-02	6.93187073e-01
4851            	1.11698037e+00	4.98658500e-03	-4.01374198e-02	9.69275721e-02	6.92383744e-01
4852            	1.11651088e+00	4.50033370e-03	-3.43215893e-02	9.62645150e-02	6.88026263e-01
4853            	1.11604567e+00	3.92052018e-03	-2.77171453e-02	9.48766486e-02	6.79602723e-01
4854            	1.11598205e+00	3.26140302e-03	-2.10869361e-02	9.28556431e-02	6.67527057e-01
4855            	1.11651161e+00	2.42305557e-03	-1.42928148e-02	9.04630001e-02	6.53317598e-01
4856            	1.11732879e+00	1.18869777e-03	-5.69558846e-03	8.80350546e-02	6.39343671e-01
4857            	1.11780546e+00	-5.27767554e-04	5.86174822e-03	8.58535371e-02	6.27904329e-01
4858            	1.11764908e+00	-2.61571932e-03	1.99617249e-02	8.41001095e-02	6.20888061e-01
4859            	1.11712668e+00	-4.79965539e-03	3.45638883e-02	8.28526939e-02	6.18715822e-01
4860            	1.11667006e+00	-6.97213123e-03	4.84988898e-02	8.21221213e-02	6.20305478e-01
4861            	1.11652835e+00	-8.72258839e-03	5.88321687e-02	8.19455711e-02	6.25858262e-01
4862            	1.11666319e+00	-9.99672081e-03	6.53756266e-02	8.23292172e-02	6.34205040e-01
4863            	1.11689817e+00	-1.06916035e-02	6.78487391e-02	8.33341349e-02	6.45086708e-01
4864            	1.11703899e+00	-1.09158596e-02	6.72051331e-02	8.49096744e-02	6.57572775e-01
4865            	1.11714048e+00	-1.08123462e-02	6.43371682e-02	8.68471897e-02	6.70941640e-01
4866            	1.11727110e+00	-1.05324064e-02	6.02394645e-02	8.88399517e-02	6.84484351e-01
4867            	1.11746567e+00	-9.93530210e-03	5.42055489e-02	9.05759674e-02	6.97875702e-01
4868            	1.11770496e+00	-9.06022529e-03	4.67178997e-02	9.18440527e-02	7.09975551e-01
4869            	1.11794030e+00	-7.95889650e-03	3.82344672e-02	9.25099993e-02	7.19780622e-01
4870            	1.11804529e+00	-6.58455655e-03	2.85213254e-02	9.25120422e-02	7.26129531e-01
4871            	1.11781027e+00	-4.87679962e-03	1.73561542e-02	9.18817634e-02	7.28745345e-01
4872            	1.11718730e+00	-3.07422141e-03	6.18364587e-03	9.06944880e-02	7.26076826e-01
4873            	1.11649969e+00	-1.28084554e-03	-4.85950573e-03	8.90537820e-02	7.17729724e-01
4874            	1.11623466e+00	4.80153650e-04	-1.61974304e-02	8.71563906e-02	7.04657012e-01
4875            	1.11644029e+00	2.28494310e-03	-2.82252597e-02	8.52857542e-02	6.88452624e-01
4876            	1.11673967e+00	3.93178152e-03	-3.90169054e-02	8.37417660e-02	6.71319843e-01
4877            	1.11671755e+00	4.94517630e-03	-4.48056549e-02	8.27104405e-02	6.55097963e-01
4878            	1.11641669e+00	5.23693565e-03	-4.50339264e-02	8.22429840e-02	6.41534352e-01
4879            	1.11607381e+00	5.01421279e-03	-4.15974069e-02	8.23046522e-02	6.31549189e-01
4880            	1.11597844e+00	4.62188825e-03	-3.73018962e-02	8.28950043e-02	6.25696314e-01
4881            	1.11619960e+00	4.21500697e-03	-3.33138448e-02	8.40252451e-02	6.23081936e-01
4882            	1.11661671e+00	3.92899465e-03	-3.02261979e-02	8.56980651e-02	6.23196055e-01
4883            	1.11708682e+00	3.59761421e-03	-2.67046282e-02	8.78381867e-02	6.26030706e-01
4884            	1.11760791e+00	3.11025461e-03	-2.20949068e-02	9.02429961e-02	6.31844114e-01
4885            	1.11816641e+00	2.16603036e-03	-1.46244311e-02	9.26339202e-02	6.40125114e-01
4886            	1.11856305e+00	7.43007329e-04	-4.23236545e-03	9.46837263e-02	6.50213719e-01
4887            	1.11865664e+00	-1.16157397e-03	8.89148593e-03	9.61378408e-02	6.61566840e-01
4888            	1.11843606e+00	-3.23476472e-03	2.26865117e-02	9.68200025e-02	6.72974674e-01
4889            	1.11804444e+00	-5.39282370e-03	3.66810129e-02	9.66430566e-02	6.83055816e-01
4890            	1.11746066e+00	-7.42804261e-03	4.97606949e-02	9.56212009e-02	6.91039931e-01
4891            	1.11671558e+00	-9.06597892e-03	6.02622718e-02	9.38231248e-02	6.95901969e-01
4892            	1.11597287e+00	-1.03118772e-02	6.80228107e-02	9.13992862e-02	6.96451521e-01
4893            	1.11567326e+00	-1.11403901e-02	7.21520969e-02	8.85609342e-02	6.92580431e-01
4894            	1.11593362e+00	-1.14483618e-02	7.17968763e-02	8.56300927e-02	6.85075069e-01
4895            	1.11646200e+00	-1.13235965e-02	6.80896441e-02	8.29605492e-02	6.75921853e-01
4896            	1.11675845e+00	-1.08643164e-02	6.26332269e-02	8.08096392e-02	6.67711520e-01
4897            	1.11670824e+00	-1.02234010e-02	5.68567973e-02	7.93126822e-02	6.61889861e-01
4898            	1.11660334e+00	-9.46533002e-03	5.08853807e-02	7.85222943e-02	6.58751899e-01
4899            	1.11679551e+00	-8.40354320e-03	4.29424362e-02	7.84306400e-02	6.58180938e-01
4900            	1.11727730e+00	-6.90844909e-03	3.19568836e-02	7.90661959e-02	6.60253771e-01
4901            	1.11777999e+00	-4.98865098e-03	1.82060929e-02	8.04246612e-02	6.64464362e-01
4902            	1.11803071e+00	-2.97569332e-03	4.19583441e-03	8.24987262e-02	6.70048842e-01
4903            	1.11801776e+00	-9.35535199e-04	-9.48861387e-03	8.51305015e-02	6.76218866e-01
4904            	1.11793362e+00	1.02948644e-03	-2.22622112e-02	8.80602664e-02	6.82322590e-01
4905            	1.11786308e+00	2.88412726e-03	-3.39662119e-02	9.09378981e-02	6.87638599e-01
4906            	1.11781458e+00	4.24969420e-03	-4.21517438e-02	9.34468109e-02	6.91514060e-01
4907            	1.11773370e+00	4.99686198e-03	-4.58849262e-02	9.53276024e-02	6.93791268e-01
4908            	1.11755921e+00	5.11948233e-03	-4.50931732e-02	9.64069372e-02	6.94032032e-01
4909            	1.11720866e+00	4.93634584e-03	-4.18293828e-02	9.66226508e-02	6.92019776e-01
4910            	1.11665098e+00	4.53741063e-03	-3.66945939e-02	9.60213350e-02	6.87215209e-01
4911            	1.11600371e+00	4.06599174e-03	-3.07856711e-02	9.46943144e-02	6.78482330e-01
4912            	1.11567687e+00	3.56037763e-03	-2.50221553e-02	9.27432239e-02	6.65912904e-01
4913            	1.11601897e+00	3.00385257e-03	-1.98443110e-02	9.04296602e-02	6.51328123e-01
4914            	1.11688964e+00	2.28610554e-03	-1.43175106e-02	8.80737348e-02	6.36445961e-01
4915            	1.11766235e+00	1.13564563e-03	-5.98463639e-03	8.59738901e-02	6.23236953e-01
4916            	1.11782724e+00	-5.33362995e-04	6.03520310e-03	8.43055337e-02	6.13992518e-01
4917            	1.11744559e+00	-2.63503953e-03	2.07839401e-02	8.31506199e-02	6.09980357e-01
4918            	1.11698975e+00	-4.90113290e-03	3.59051556e-02	8.24874404e-02	6.10966351e-01
4919            	1.11677781e+00	-7.13342788e-03	4.98149250e-02	8.23452678e-02	6.16177262e-01
4920            	1.11684438e+00	-8.88972653e-03	5.97828131e-02	8.27370589e-02	6.25206328e-01
4921            	1.11702435e+00	-1.01727159e-02	6.63225541e-02	8.36909905e-02	6.37420222e-01
4922            	1.11720786e+00	-1.09250699e-02	6.93519853e-02	8.51963551e-02	6.51909509e-01
4923            	1.11735620e+00	-1.12895146e-02	6.97164203e-02	8.70786115e-02	6.67341199e-01
4924            	1.11748639e+00	-1.12656944e-02	6.73752317e-02	8.90500997e-02	6.82327909e-01
4925            	1.11755330e+00	-1.09508358e-02	6.31304426e-02	9.07991999e-02	6.96232335e-01
4926            	1.11760085e+00	-1.03154287e-02	5.70261571e-02	9.20863287e-02	7.08965913e-01
4927            	1.11763322e+00	-9.43016164e-03	4.97232522e-02	9.27574111e-02	7.19422610e-01
4928            	1.11766412e+00	-8.36520294e-03	4.17445198e-02	9.27427152e-02	7.26431277e-01
4929            	1.11757033e+00	-7.13247488e-03	3.32582750e-02	9.20651426e-02	7.29460142e-01
4930            	1.11721859e+00	-5.57420470e-03	2.32143193e-02	9.07981993e-02	7.28224982e-01
4931            	1.11675183e+00	-3.87194170e-03	1.23956518e-02	8.90592916e-02	7.21888173e-01
4932            	1.11652392e+00	-2.03734661e-03	2.24544357e-04	8.70439298e-02	7.10287383e-01
4933            	1.11668313e+00	-1.79842841e-04	-1.25484282e-02	8.50615876e-02	6.94905355e-01
4934            	1.11692252e+00	1.69673391e-03	-2.51961908e-02	8.34176878e-02	6.77692332e-01
4935            	1.11687362e+00	3.33821305e-03	-3.54211094e-02	8.23149105e-02	6.60782063e-01
4936            	1.11652762e+00	4.33981556e-03	-4.05896176e-02	8.18266789e-02	6.45637812e-01
4937            	1.11621003e+00	4.61293904e-03	-4.06224441e-02	8.18966543e-02	6.33648455e-01
4938            	1.11613257e+00	4.41219861e-03	-3.77418820e-02	8.24810809e-02	6.25605397e-01
4939            	1.11630477e+00	4.14479072e-03	-3.47698401e-02	8.35922221e-02	6.21868859e-01
4940            	1.11657095e+00	3.90871722e-03	-3.20805328e-02	8.52343927e-02	6.21481157e-01
4941            	1.11684226e+00	3.68046402e-03	-2.92109967e-02	8.73738098e-02	6.23732163e-01
4942            	1.11714616e+00	3.40899710e-03	-2.58951047e-02	8.98197249e-02	6.28606889e-01
4943            	1.11760743e+00	2.91790038e-03	-2.11732917e-02	9.22999420e-02	6.35821518e-01
4944            	1.11815358e+00	1.97035284e-03	-1.35566260e-02	9.44847982e-02	6.44523656e-01
4945            	1.11855239e+00	6.52634522e-04	-3.69370274e-03	9.61031667e-02	6.53974372e-01
4946            	1.11859713e+00	-1.17502057e-03	9.20959730e-03	9.69771316e-02	6.63944606e-01
4947            	1.11828919e+00	-3.27712276e-03	2.34894370e-02	9.69843961e-02	6.73293262e-01
4948            	1.11768622e+00	-5.47136552e-03	3.80889349e-02	9.61099612e-02	6.81114297e-01
4949            	1.11687038e+00	-7.56124886e-03	5.18594832e-02	9.44313852e-02	6.86398720e-01
4950            	1.11605974e+00	-9.33668792e-03	6.33295758e-02	9.20564892e-02	6.88866502e-01
4951            	1.11570916e+00	-1.07166537e-02	7.13537874e-02	8.92028893e-02	6.87422487e-01
4952            	1.11598869e+00	-1.15358049e-02	7.45938391e-02	8.62145741e-02	6.82365688e-01
4953            	1.11654389e+00	-1.17627476e-02	7.33222980e-02	8.34730647e-02	6.75145158e-01
4954            	1.11681178e+00	-1.15641583e-02	6.95318660e-02	8.12481556e-02	6.67813654e-01
4955            	1.11663632e+00	-1.11309531e-02	6.49562461e-02	7.96791579e-02	6.62529700e-01
4956            	1.11634274e+00	-1.05238708e-02	5.97957438e-02	7.88090641e-02	6.60081591e-01
4957            	1.11631653e+00	-9.77831621e-03	5.37443494e-02	7.86183158e-02	6.59845647e-01
4958            	1.11674742e+00	-8.75517001e-03	4.55566503e-02	7.91309894e-02	6.62004340e-01
4959            	1.11741722e+00	-7.23218375e-03	3.39382152e-02	8.03457192e-02	6.66802993e-01
4960            	1.11796358e+00	-5.33135308e-03	2.01670559e-02	8.22569221e-02	6.73801340e-01
4961            	1.11816783e+00	-3.27783982e-03	5.97968497e-03	8.47294732e-02	6.81621914e-01
4962            	1.11814258e+00	-1.30686191e-03	-7.26268138e-03	8.75327121e-02	6.88825119e-01
4963            	1.11802786e+00	5.77449600e-04	-1.95440316e-02	9.03431004e-02	6.94589574e-01
4964            	1.11789857e+00	2.36212396e-03	-3.07746648e-02	9.28393479e-02	6.98262814e-01
4965            	1.11775796e+00	3.77900982e-03	-3.91998491e-02	9.47804138e-02	6.99232326e-01
4966            	1.11757473e+00	4.57357992e-03	-4.30989485e-02	9.59670532e-02	6.97778615e-01
4967            	1.11731346e+00	4.68500954e-03	-4.20250297e-02	9.62915307e-02	6.94187530e-01
4968            	1.11680695e+00	4.44721085e-03	-3.81322151e-02	9.57764367e-02	6.88276262e-01
4969            	1.11610854e+00	4.08954105e-03	-3.30933791e-02	9.45096653e-02	6.79274842e-01
4970            	1.11559393e+00	3.61957039e-03	-2.75183724e-02	9.26118315e-02	6.66379664e-01
4971            	1.11566510e+00	3.21868384e-03	-2.32119809e-02	9.03478089e-02	6.50971337e-01
4972            	1.11630858e+00	2.79426399e-03	-1.94329461e-02	8.80387293e-02	6.35122768e-01
4973            	1.11711294e+00	2.03420072e-03	-1.34266123e-02	8.59908209e-02	6.20955527e-01
4974            	1.11755994e+00	9.26092805e-04	-4.65857523e-03	8.43840520e-02	6.09925169e-01
4975            	1.11752822e+00	-7.03128489e-04	7.67595309e-03	8.33105542e-02	6.03778360e-01
4976            	1.11724632e+00	-2.77127904e-03	2.22630918e-02	8.27416415e-02	6.02943536e-01
4977            	1.11703078e+00	-5.01316019e-03	3.68864492e-02	8.26651040e-02	6.07266161e-01
4978            	1.11703241e+00	-7.19903099e-03	5.01154245e-02	8.30954329e-02	6.16042181e-01
4979            	1.11714863e+00	-9.03861555e-03	6.05465212e-02	8.40560628e-02	6.28918539e-01
4980            	1.11728933e+00	-1.03927235e-02	6.77071338e-02	8.55163011e-02	6.44770657e-01
4981            	1.11745139e+00	-1.12435774e-02	7.14714047e-02	8.73252666e-02	6.61866975e-01
4982            	1.11764436e+00	-1.17220507e-02	7.26021806e-02	8.92456510e-02	6.78832272e-01
4983            	1.11774203e+00	-1.17842520e-02	7.09084899e-02	9.09832380e-02	6.94314326e-01
4984            	1.11771241e+00	-1.14321159e-02	6.65915199e-02	9.22910147e-02	7.07751070e-01
4985            	1.11758903e+00	-1.07802060e-02	6.06474410e-02	9.30060933e-02	7.18876738e-01
4986            	1.11740350e+00	-9.93557045e-03	5.38894565e-02	9.30206655e-02	7.26466095e-01
4987            	1.11717340e+00	-9.00832166e-03	4.71292529e-02	9.23404836e-02	7.29905373e-01
4988            	1.11689612e+00	-7.85516824e-03	3.93340853e-02	9.10504035e-02	7.29253677e-01
4989            	1.11664631e+00	-6.44202078e-03	2.99881991e-02	8.92478029e-02	7.24143169e-01
4990            	1.11666356e+00	-4.70485310e-03	1.81198285e-02	8.71221599e-02	7.14406740e-01
4991            	1.11694725e+00	-2.88043326e-03	5.19610914e-03	8.49894066e-02	7.00323171e-01
4992            	1.11720142e+00	-9.71686184e-04	-8.12469706e-03	8.32021193e-02	6.83673662e-01
4993            	1.11709715e+00	9.27546644e-04	-2.04482243e-02	8.19853901e-02	6.66720380e-01
4994            	1.11668490e+00	2.54596308e-03	-2.99697482e-02	8.14168007e-02	6.50824150e-01
4995            	1.11629537e+00	3.51232212e-03	-3.47968355e-02	8.14626517e-02	6.37211662e-01
4996            	1.11623211e+00	3.83421182e-03	-3.55276751e-02	8.20475337e-02	6.27055469e-01
4997            	1.11645536e+00	3.77533000e-03	-3.41025479e-02	8.31557866e-02	6.21265630e-01
4998            	1.11672409e+00	3.68573729e-03	-3.25457230e-02	8.47843654e-02	6.19558980e-01
4999            	1.11688515e+00	3.57743733e-03	-3.05688561e-02	8.69021676e-02	6.21239771e-01
5000            	1.11699018e+00	3.43424034e-03	-2.80603490e-02	8.93399318e-02	6.25339510e-01
