# Force and moment coefficients
# dragDir       : (0.00000000e+00 0.00000000e+00 -1.00000000e+00)
# sideDir       : (-0.00000000e+00 1.00000000e+00 0.00000000e+00)
# liftDir       : (1.00000000e+00 0.00000000e+00 0.00000000e+00)
# rollAxis      : (0.00000000e+00 0.00000000e+00 -1.00000000e+00)
# pitchAxis     : (-0.00000000e+00 1.00000000e+00 0.00000000e+00)
# yawAxis       : (1.00000000e+00 0.00000000e+00 0.00000000e+00)
# magUInf       : 2.88200000e+02
# lRef          : 5.78100000e-02
# Aref          : 2.62480000e-03
# CofR          : (0.00000000e+00 0.00000000e+00 3.99000000e-01)
#
# Time          	Cd              	Cl              	CmPitch         	CmRoll          	CmYaw           
3001            	-7.95147949e-03	3.70279469e-04	9.42140757e-03	2.91775216e-02	1.21883804e-01
3002            	-7.93990860e-03	4.08073289e-04	9.16420830e-03	2.90803772e-02	1.21487408e-01
3003            	-7.91773903e-03	4.46665522e-04	8.88722421e-03	2.90332494e-02	1.21304633e-01
3004            	-7.88678310e-03	4.84470210e-04	8.60320918e-03	2.90382576e-02	1.21343849e-01
3005            	-7.85814820e-03	5.26021870e-04	8.29965909e-03	2.90922420e-02	1.21592643e-01
3006            	-7.84218129e-03	5.73331050e-04	7.97901447e-03	2.91887934e-02	1.22023686e-01
3007            	-7.84204943e-03	6.18671815e-04	7.69461824e-03	2.93211765e-02	1.22604872e-01
3008            	-7.85670683e-03	6.52999775e-04	7.50197748e-03	2.94779886e-02	1.23283879e-01
3009            	-7.88331700e-03	6.70035394e-04	7.43642409e-03	2.96456934e-02	1.24000813e-01
3010            	-7.91831020e-03	6.66372541e-04	7.51377994e-03	2.98088495e-02	1.24689220e-01
3011            	-7.95608856e-03	6.42721947e-04	7.72088810e-03	2.99513639e-02	1.25281629e-01
3012            	-7.99492957e-03	6.07011862e-04	8.00472655e-03	3.00557948e-02	1.25707314e-01
3013            	-8.03661482e-03	5.69641220e-04	8.30202010e-03	3.01032581e-02	1.25889881e-01
3014            	-8.07367489e-03	5.35546689e-04	8.57073286e-03	3.00819577e-02	1.25781505e-01
3015            	-8.09041622e-03	4.96560511e-04	8.83976873e-03	2.99948956e-02	1.25393063e-01
3016            	-8.07210247e-03	4.40678065e-04	9.16356240e-03	2.98639737e-02	1.24814840e-01
3017            	-8.03111805e-03	3.78713582e-04	9.49221238e-03	2.97086025e-02	1.24133236e-01
3018            	-7.99085541e-03	3.33482125e-04	9.71612890e-03	2.95449971e-02	1.23424412e-01
3019            	-7.96855287e-03	3.22403329e-04	9.75077052e-03	2.93833161e-02	1.22736210e-01
3020            	-7.95916301e-03	3.42827353e-04	9.60567845e-03	2.92378349e-02	1.22127870e-01
3021            	-7.94692701e-03	3.78683678e-04	9.35947987e-03	2.91250026e-02	1.21664260e-01
3022            	-7.92386821e-03	4.17478411e-04	9.07962055e-03	2.90586493e-02	1.21400079e-01
3023            	-7.89152128e-03	4.56829686e-04	8.78357384e-03	2.90435750e-02	1.21354784e-01
3024            	-7.85867219e-03	4.99593481e-04	8.46610542e-03	2.90772165e-02	1.21517954e-01
3025            	-7.83562701e-03	5.48771263e-04	8.12324550e-03	2.91555943e-02	1.21873123e-01
3026            	-7.82811752e-03	5.99362675e-04	7.79487183e-03	2.92715626e-02	1.22387317e-01
3027            	-7.83634088e-03	6.42246996e-04	7.53880700e-03	2.94179696e-02	1.23026348e-01
3028            	-7.85829204e-03	6.69483784e-04	7.40213915e-03	2.95798516e-02	1.23723269e-01
3029            	-7.89006120e-03	6.75532078e-04	7.41372602e-03	2.97434813e-02	1.24418075e-01
3030            	-7.92762454e-03	6.60506300e-04	7.56648339e-03	2.98930433e-02	1.25044066e-01
3031            	-7.96650556e-03	6.29640599e-04	7.82034431e-03	3.00107297e-02	1.25528092e-01
3032            	-8.00882402e-03	5.93494562e-04	8.11138002e-03	3.00783240e-02	1.25796740e-01
3033            	-8.04997455e-03	5.59741857e-04	8.38434089e-03	3.00816515e-02	1.25792998e-01
3034            	-8.08042920e-03	5.26719830e-04	8.63612495e-03	3.00152932e-02	1.25493737e-01
3035            	-8.07740148e-03	4.77675918e-04	8.93937377e-03	2.98976976e-02	1.24973238e-01
3036            	-8.04457595e-03	4.15147790e-04	9.28362975e-03	2.97499336e-02	1.24322492e-01
3037            	-8.00342828e-03	3.59883923e-04	9.56960742e-03	2.95912059e-02	1.23630014e-01
3038            	-7.97677736e-03	3.33971729e-04	9.69145599e-03	2.94313910e-02	1.22944049e-01
3039            	-7.96755036e-03	3.42868179e-04	9.61922967e-03	2.92812568e-02	1.22311338e-01
3040            	-7.96119226e-03	3.73321174e-04	9.41547750e-03	2.91575881e-02	1.21798969e-01
3041            	-7.94501432e-03	4.09871833e-04	9.15944069e-03	2.90761653e-02	1.21469148e-01
3042            	-7.91852054e-03	4.46725027e-04	8.88724668e-03	2.90462266e-02	1.21359046e-01
3043            	-7.88547493e-03	4.83980980e-04	8.60376449e-03	2.90669303e-02	1.21464971e-01
3044            	-7.85796077e-03	5.26545551e-04	8.29563819e-03	2.91344039e-02	1.21771485e-01
3045            	-7.84413455e-03	5.74028375e-04	7.97717231e-03	2.92414838e-02	1.22247279e-01
3046            	-7.84565178e-03	6.17781570e-04	7.70536925e-03	2.93806045e-02	1.22856404e-01
3047            	-7.86064109e-03	6.48845715e-04	7.53399595e-03	2.95394015e-02	1.23542561e-01
3048            	-7.88639950e-03	6.61258491e-04	7.49644373e-03	2.97041431e-02	1.24245311e-01
3049            	-7.91978508e-03	6.53192192e-04	7.59919530e-03	2.98595147e-02	1.24899249e-01
3050            	-7.95472406e-03	6.27106954e-04	7.81738533e-03	2.99892980e-02	1.25437030e-01
3051            	-7.99209989e-03	5.92557521e-04	8.09157747e-03	3.00750319e-02	1.25783959e-01
3052            	-8.03163719e-03	5.59339996e-04	8.35930017e-03	3.00996005e-02	1.25871065e-01
3053            	-8.06512445e-03	5.29731540e-04	8.59435147e-03	3.00544583e-02	1.25663340e-01
3054            	-8.07162292e-03	4.89411666e-04	8.85679503e-03	2.99492031e-02	1.25197982e-01
3055            	-8.04531923e-03	4.32742395e-04	9.17393494e-03	2.98071111e-02	1.24572892e-01
3056            	-8.00372471e-03	3.75674103e-04	9.47097416e-03	2.96461378e-02	1.23869789e-01
3057            	-7.96989303e-03	3.40986902e-04	9.63798065e-03	2.94808588e-02	1.23157620e-01
3058            	-7.95535471e-03	3.40860037e-04	9.61508807e-03	2.93218983e-02	1.22484480e-01
3059            	-7.94994668e-03	3.67509066e-04	9.43674451e-03	2.91849635e-02	1.21914391e-01
3060            	-7.93858696e-03	4.05040221e-04	9.18147367e-03	2.90854252e-02	1.21507700e-01
3061            	-7.91663003e-03	4.43653232e-04	8.90460761e-03	2.90352462e-02	1.21311958e-01
3062            	-7.88583271e-03	4.81663509e-04	8.61946653e-03	2.90372480e-02	1.21338429e-01
3063            	-7.85692758e-03	5.23089225e-04	8.31626032e-03	2.90885482e-02	1.21575758e-01
3064            	-7.84000698e-03	5.70222516e-04	7.99528708e-03	2.91829284e-02	1.21997541e-01
3065            	-7.83872116e-03	6.15995304e-04	7.70644719e-03	2.93134976e-02	1.22571257e-01
3066            	-7.85225136e-03	6.51309553e-04	7.50590788e-03	2.94696311e-02	1.23247922e-01
3067            	-7.87858289e-03	6.69820387e-04	7.43062344e-03	2.96364069e-02	1.23961529e-01
3068            	-7.91318383e-03	6.67782336e-04	7.49717462e-03	2.98000778e-02	1.24652849e-01
3069            	-7.95126874e-03	6.45646738e-04	7.69523260e-03	2.99439842e-02	1.25251806e-01
3070            	-7.99032621e-03	6.10611735e-04	7.97522040e-03	3.00508289e-02	1.25688028e-01
3071            	-8.03274511e-03	5.73135498e-04	8.27434236e-03	3.01016079e-02	1.25884625e-01
3072            	-8.07085872e-03	5.38602904e-04	8.54742609e-03	3.00845214e-02	1.25793954e-01
3073            	-8.09016113e-03	5.00192266e-04	8.81662504e-03	3.00014258e-02	1.25422419e-01
3074            	-8.07428306e-03	4.45113639e-04	9.13894372e-03	2.98726123e-02	1.24853205e-01
3075            	-8.03446748e-03	3.82821861e-04	9.47137971e-03	2.97179535e-02	1.24174276e-01
3076            	-7.99341970e-03	3.35701781e-04	9.70607178e-03	2.95553357e-02	1.23468927e-01
3077            	-7.97009243e-03	3.22392384e-04	9.75329008e-03	2.93932120e-02	1.22778070e-01
3078            	-7.96060620e-03	3.41326109e-04	9.61745327e-03	2.92457322e-02	1.22160692e-01
3079            	-7.94909689e-03	3.76753803e-04	9.37499601e-03	2.91296727e-02	1.21683147e-01
3080            	-7.92672699e-03	4.15464495e-04	9.09660927e-03	2.90596299e-02	1.21403221e-01
3081            	-7.89492891e-03	4.54517351e-04	8.80317775e-03	2.90413087e-02	1.21344007e-01
3082            	-7.86164027e-03	4.96572351e-04	8.48947977e-03	2.90721580e-02	1.21495088e-01
3083            	-7.83742917e-03	5.45058110e-04	8.14922200e-03	2.91484860e-02	1.21841353e-01
3084            	-7.82847405e-03	5.95543217e-04	7.81934055e-03	2.92631932e-02	1.22350259e-01
3085            	-7.83537978e-03	6.39111579e-04	7.55697879e-03	2.94080574e-02	1.22983079e-01
3086            	-7.85609070e-03	6.67642832e-04	7.41029765e-03	2.95690623e-02	1.23676892e-01
3087            	-7.88681788e-03	6.75265152e-04	7.41042780e-03	2.97327079e-02	1.24372494e-01
3088            	-7.92374402e-03	6.61748670e-04	7.55276328e-03	2.98834183e-02	1.25004040e-01
3089            	-7.96225085e-03	6.31743534e-04	7.80070873e-03	3.00035121e-02	1.25498669e-01
3090            	-8.00393374e-03	5.95775277e-04	8.08975391e-03	3.00745946e-02	1.25782284e-01
3091            	-8.04513226e-03	5.61907561e-04	8.36356825e-03	3.00821174e-02	1.25796383e-01
3092            	-8.07668216e-03	5.29375660e-04	8.61391358e-03	3.00199726e-02	1.25515127e-01
3093            	-8.07554269e-03	4.81404060e-04	8.91319682e-03	2.99056924e-02	1.25008913e-01
3094            	-8.04395292e-03	4.19297297e-04	9.25662894e-03	2.97600252e-02	1.24367011e-01
3095            	-8.00283781e-03	3.63094797e-04	9.54859290e-03	2.96013949e-02	1.23674448e-01
3096            	-7.97469703e-03	3.35186467e-04	9.68086942e-03	2.94417390e-02	1.22988477e-01
3097            	-7.96476215e-03	3.42413820e-04	9.61814685e-03	2.92908372e-02	1.22351939e-01
3098            	-7.95899171e-03	3.72269991e-04	9.41902547e-03	2.91647859e-02	1.21829210e-01
3099            	-7.94410162e-03	4.08920550e-04	9.16422026e-03	2.90797348e-02	1.21483950e-01
3100            	-7.91880295e-03	4.45893605e-04	8.89297088e-03	2.90460921e-02	1.21358095e-01
3101            	-7.88613033e-03	4.82691842e-04	8.61288233e-03	2.90635860e-02	1.21450193e-01
3102            	-7.85840726e-03	5.24618563e-04	8.30843193e-03	2.91288228e-02	1.21746955e-01
3103            	-7.84430591e-03	5.71959833e-04	7.99040889e-03	2.92339714e-02	1.22214485e-01
3104            	-7.84534526e-03	6.16057743e-04	7.71567670e-03	2.93721299e-02	1.22819723e-01
3105            	-7.85997813e-03	6.47803353e-04	7.53943784e-03	2.95305584e-02	1.23504643e-01
3106            	-7.88566503e-03	6.61434122e-04	7.49408995e-03	2.96948934e-02	1.24206168e-01
3107            	-7.91915505e-03	6.54730218e-04	7.58841772e-03	2.98505533e-02	1.24861894e-01
3108            	-7.95423176e-03	6.29648204e-04	7.80051245e-03	2.99818410e-02	1.25406501e-01
3109            	-7.99120274e-03	5.95224583e-04	8.07337607e-03	3.00705353e-02	1.25766149e-01
3110            	-8.03069795e-03	5.61521033e-04	8.34418556e-03	3.00987631e-02	1.25868647e-01
3111            	-8.06476666e-03	5.31405960e-04	8.58333283e-03	3.00575004e-02	1.25677192e-01
3112            	-8.07324034e-03	4.91742907e-04	8.84454414e-03	2.99551393e-02	1.25224206e-01
3113            	-8.04861913e-03	4.35642857e-04	9.16055979e-03	2.98147064e-02	1.24606130e-01
3114            	-8.00663010e-03	3.77750423e-04	9.46221439e-03	2.96553904e-02	1.23909686e-01
3115            	-7.97114276e-03	3.41242881e-04	9.63828887e-03	2.94905165e-02	1.23198605e-01
3116            	-7.95517685e-03	3.39376801e-04	9.62429257e-03	2.93302833e-02	1.22519498e-01
3117            	-7.94945558e-03	3.65387971e-04	9.44950935e-03	2.91910382e-02	1.21939374e-01
3118            	-7.93832803e-03	4.02781019e-04	9.19541427e-03	2.90887582e-02	1.21520954e-01
3119            	-7.91640668e-03	4.41256128e-04	8.91940958e-03	2.90357937e-02	1.21313331e-01
3120            	-7.88552249e-03	4.79123552e-04	8.63500264e-03	2.90346013e-02	1.21326185e-01
3121            	-7.85609652e-03	5.20212380e-04	8.33312176e-03	2.90832096e-02	1.21551953e-01
3122            	-7.83817850e-03	5.67191297e-04	8.01161432e-03	2.91758601e-02	1.21966360e-01
3123            	-7.83573026e-03	6.13284336e-04	7.71899716e-03	2.93055050e-02	1.22536320e-01
3124            	-7.84831806e-03	6.49672182e-04	7.51025809e-03	2.94611707e-02	1.23211504e-01
3125            	-7.87380863e-03	6.69652572e-04	7.42446658e-03	2.96278305e-02	1.23925303e-01
3126            	-7.90806745e-03	6.69072558e-04	7.48134045e-03	2.97917372e-02	1.24618246e-01
3127            	-7.94632872e-03	6.48295585e-04	7.67113506e-03	2.99369842e-02	1.25223441e-01
3128            	-7.98546782e-03	6.13858553e-04	7.94754506e-03	3.00464623e-02	1.25671128e-01
3129            	-8.02818401e-03	5.76426091e-04	8.24691340e-03	3.01007688e-02	1.25882765e-01
3130            	-8.06729772e-03	5.41760145e-04	8.52236753e-03	3.00876151e-02	1.25808726e-01
3131            	-8.08960552e-03	5.04356653e-04	8.78965094e-03	3.00074735e-02	1.25449894e-01
3132            	-8.07617405e-03	4.49778776e-04	9.11241746e-03	2.98816402e-02	1.24893363e-01
3133            	-8.03745566e-03	3.86752476e-04	9.45111169e-03	2.97286688e-02	1.24221160e-01
3134            	-7.99648837e-03	3.37811971e-04	9.69741418e-03	2.95656436e-02	1.23513241e-01
3135            	-7.97223402e-03	3.22322007e-04	9.75702470e-03	2.94028271e-02	1.22818641e-01
3136            	-7.96228055e-03	3.39972194e-04	9.62859312e-03	2.92539079e-02	1.22194744e-01
3137            	-7.95125961e-03	3.75003801e-04	9.38932577e-03	2.91352578e-02	1.21706035e-01
3138            	-7.92968511e-03	4.13644517e-04	9.11250496e-03	2.90614874e-02	1.21410182e-01
3139            	-7.89890627e-03	4.52478170e-04	8.82188872e-03	2.90392929e-02	1.21334350e-01
3140            	-7.86543647e-03	4.93930573e-04	8.51167401e-03	2.90668173e-02	1.21471100e-01
3141            	-7.84013997e-03	5.41685462e-04	8.17439018e-03	2.91406790e-02	1.21806697e-01
3142            	-7.82981274e-03	5.92043444e-04	7.84325136e-03	2.92537076e-02	1.22308522e-01
3143            	-7.83507897e-03	6.35923164e-04	7.57647625e-03	2.93982548e-02	1.22940287e-01
3144            	-7.85459890e-03	6.65523970e-04	7.42127534e-03	2.95585685e-02	1.23631661e-01
3145            	-7.88448550e-03	6.74676882e-04	7.41052183e-03	2.97220091e-02	1.24327053e-01
3146            	-7.92098915e-03	6.62842626e-04	7.54164628e-03	2.98733696e-02	1.24962059e-01
3147            	-7.95887785e-03	6.33913674e-04	7.78195270e-03	2.99958009e-02	1.25467095e-01
3148            	-7.99966526e-03	5.98187116e-04	8.06824097e-03	3.00706668e-02	1.25766971e-01
3149            	-8.04098847e-03	5.64088562e-04	8.34376824e-03	3.00823392e-02	1.25798648e-01
3150            	-8.07358371e-03	5.31662042e-04	8.59503004e-03	3.00245492e-02	1.25535907e-01
3151            	-8.07419602e-03	4.84627696e-04	8.89099423e-03	2.99134842e-02	1.25043553e-01
3152            	-8.04387213e-03	4.23056320e-04	9.23290803e-03	2.97697312e-02	1.24409752e-01
3153            	-8.00249104e-03	3.65988571e-04	9.52994082e-03	2.96120854e-02	1.23720906e-01
3154            	-7.97298456e-03	3.36180796e-04	9.67219589e-03	2.94521798e-02	1.23033184e-01
3155            	-7.96197049e-03	3.41665878e-04	9.61888874e-03	2.93006338e-02	1.22393352e-01
3156            	-7.95646697e-03	3.70918304e-04	9.42396399e-03	2.91727187e-02	1.21862477e-01
3157            	-7.94271810e-03	4.07723729e-04	9.16982988e-03	2.90843998e-02	1.21503325e-01
3158            	-7.91858471e-03	4.44928604e-04	8.89878708e-03	2.90468288e-02	1.21360799e-01
3159            	-7.88650609e-03	4.81551192e-04	8.62064529e-03	2.90608631e-02	1.21438094e-01
3160            	-7.85873841e-03	5.23045027e-04	8.31882672e-03	2.91232019e-02	1.21722369e-01
3161            	-7.84436818e-03	5.70038008e-04	8.00256840e-03	2.92262606e-02	1.22180913e-01
3162            	-7.84503994e-03	6.14194983e-04	7.72688014e-03	2.93629790e-02	1.22780112e-01
3163            	-7.85931612e-03	6.46476640e-04	7.54669062e-03	2.95208931e-02	1.23463139e-01
3164            	-7.88485188e-03	6.61105077e-04	7.49481605e-03	2.96854432e-02	1.24166004e-01
3165            	-7.91833558e-03	6.55860119e-04	7.57995127e-03	2.98415181e-02	1.24824074e-01
3166            	-7.95358332e-03	6.31944372e-04	7.78498706e-03	2.99741148e-02	1.25374710e-01
3167            	-7.99052704e-03	5.97908081e-04	8.05542715e-03	3.00656675e-02	1.25746694e-01
3168            	-8.03039714e-03	5.63837219e-04	8.32917968e-03	3.00974454e-02	1.25864161e-01
3169            	-8.06495841e-03	5.33155589e-04	8.57267667e-03	3.00598587e-02	1.25688126e-01
3170            	-8.07536763e-03	4.94209772e-04	8.83222896e-03	2.99604457e-02	1.25247793e-01
3171            	-8.05221839e-03	4.38738168e-04	9.14645013e-03	2.98221417e-02	1.24638829e-01
3172            	-8.01062127e-03	3.80415113e-04	9.45138818e-03	2.96632622e-02	1.23943898e-01
3173            	-7.97352821e-03	3.41947785e-04	9.63746632e-03	2.94993394e-02	1.23236140e-01
3174            	-7.95597355e-03	3.38064509e-04	9.63386879e-03	2.93386659e-02	1.22554485e-01
3175            	-7.94971347e-03	3.63021941e-04	9.46494077e-03	2.91970911e-02	1.21964110e-01
3176            	-7.93885021e-03	4.00114108e-04	9.21311142e-03	2.90915965e-02	1.21531925e-01
3177            	-7.91709661e-03	4.38575197e-04	8.93739646e-03	2.90353107e-02	1.21310169e-01
3178            	-7.88629651e-03	4.76501413e-04	8.65267727e-03	2.90313629e-02	1.21311341e-01
3179            	-7.85620202e-03	5.17362417e-04	8.35120230e-03	2.90772532e-02	1.21525488e-01
3180            	-7.83713528e-03	5.64174092e-04	8.02900860e-03	2.91678285e-02	1.21931079e-01
3181            	-7.83349633e-03	6.10642664e-04	7.73221804e-03	2.92956571e-02	1.22493507e-01
3182            	-7.84490840e-03	6.47879006e-04	7.51635240e-03	2.94513119e-02	1.23169098e-01
3183            	-7.86953732e-03	6.69035635e-04	7.42185515e-03	2.96184201e-02	1.23885360e-01
3184            	-7.90327159e-03	6.69760221e-04	7.46975016e-03	2.97830203e-02	1.24581824e-01
3185            	-7.94158717e-03	6.50370593e-04	7.65092984e-03	2.99296412e-02	1.25193401e-01
3186            	-7.98073735e-03	6.16628767e-04	7.92305655e-03	3.00415029e-02	1.25651488e-01
3187            	-8.02367337e-03	5.79395054e-04	8.22158089e-03	3.00994401e-02	1.25878635e-01
3188            	-8.06376969e-03	5.44837576e-04	8.49786096e-03	3.00904889e-02	1.25822475e-01
3189            	-8.08870244e-03	5.08331954e-04	8.76337329e-03	3.00135719e-02	1.25477512e-01
3190            	-8.07822457e-03	4.54682362e-04	9.08463716e-03	2.98893075e-02	1.24927722e-01
3191            	-8.04058239e-03	3.91015370e-04	9.42895993e-03	2.97379842e-02	1.24262151e-01
3192            	-7.99906582e-03	3.40029095e-04	9.68738178e-03	2.95763092e-02	1.23559178e-01
3193            	-7.97416128e-03	3.22047656e-04	9.76176335e-03	2.94131371e-02	1.22862112e-01
3194            	-7.96419426e-03	3.38021512e-04	9.64387661e-03	2.92623259e-02	1.22229536e-01
3195            	-7.95388189e-03	3.72505913e-04	9.40908118e-03	2.91409417e-02	1.21728982e-01
3196            	-7.93302164e-03	4.11256424e-04	9.13255917e-03	2.90637952e-02	1.21418786e-01
3197            	-7.90289303e-03	4.50231404e-04	8.84194316e-03	2.90380630e-02	1.21327904e-01
3198            	-7.86926243e-03	4.91233129e-04	8.53427076e-03	2.90625763e-02	1.21451716e-01
3199            	-7.84309917e-03	5.38340336e-04	8.19975384e-03	2.91337673e-02	1.21775815e-01
3200            	-7.83171753e-03	5.88576782e-04	7.86779123e-03	2.92445568e-02	1.22268192e-01
3201            	-7.83574640e-03	6.32974460e-04	7.59589021e-03	2.93876938e-02	1.22894289e-01
3202            	-7.85394833e-03	6.63447472e-04	7.43321608e-03	2.95479756e-02	1.23585978e-01
3203            	-7.88286227e-03	6.73947818e-04	7.41252750e-03	2.97120161e-02	1.24284518e-01
3204            	-7.91889675e-03	6.63654654e-04	7.53327346e-03	2.98642393e-02	1.24923828e-01
3205            	-7.95636735e-03	6.35807001e-04	7.76621565e-03	2.99883512e-02	1.25436476e-01
3206            	-7.99664949e-03	6.00317940e-04	8.05034683e-03	3.00661387e-02	1.25748928e-01
3207            	-8.03784335e-03	5.66082284e-04	8.32662004e-03	3.00817547e-02	1.25797347e-01
3208            	-8.07108847e-03	5.33819505e-04	8.57783500e-03	3.00284234e-02	1.25553591e-01
3209            	-8.07353218e-03	4.87868188e-04	8.86966897e-03	2.99201125e-02	1.25073196e-01
3210            	-8.04420218e-03	4.26673472e-04	9.21068469e-03	2.97789133e-02	1.24450254e-01
3211            	-8.00292960e-03	3.68638501e-04	9.51399432e-03	2.96220119e-02	1.23764048e-01
3212            	-7.97216112e-03	3.36646214e-04	9.66818383e-03	2.94625510e-02	1.23077380e-01
3213            	-7.96002543e-03	3.40162823e-04	9.62563600e-03	2.93103250e-02	1.22433950e-01
3214            	-7.95442095e-03	3.69088016e-04	9.43259809e-03	2.91809114e-02	1.21896575e-01
3215            	-7.94142405e-03	4.06423396e-04	9.17620086e-03	2.90897924e-02	1.21525668e-01
3216            	-7.91833084e-03	4.43819555e-04	8.90544395e-03	2.90486860e-02	1.21368139e-01
3217            	-7.88697682e-03	4.80375219e-04	8.62877384e-03	2.90590709e-02	1.21429855e-01
3218            	-7.85918410e-03	5.21388292e-04	8.32991940e-03	2.91185748e-02	1.21701946e-01
3219            	-7.84433203e-03	5.68039365e-04	8.01508623e-03	2.92195067e-02	1.22151384e-01
3220            	-7.84463609e-03	6.12448145e-04	7.73724195e-03	2.93540751e-02	1.22741557e-01
3221            	-7.85870736e-03	6.45435199e-04	7.55225537e-03	2.95110952e-02	1.23421121e-01
3222            	-7.88425554e-03	6.61079568e-04	7.49396366e-03	2.96759921e-02	1.24125881e-01
3223            	-7.91765892e-03	6.56840547e-04	7.57265354e-03	2.98331948e-02	1.24789181e-01
3224            	-7.95326922e-03	6.33884104e-04	7.77220774e-03	2.99668977e-02	1.25344887e-01
3225            	-7.99019768e-03	6.00141698e-04	8.04083948e-03	3.00601984e-02	1.25724465e-01
3226            	-8.03021690e-03	5.65918438e-04	8.31584635e-03	3.00954126e-02	1.25856497e-01
3227            	-8.06531780e-03	5.34932479e-04	8.56209836e-03	3.00620189e-02	1.25698160e-01
3228            	-8.07764045e-03	4.96767981e-04	8.81955000e-03	2.99658854e-02	1.25271926e-01
3229            	-8.05604566e-03	4.41843879e-04	9.13261468e-03	2.98292178e-02	1.24669968e-01
3230            	-8.01481246e-03	3.82961107e-04	9.44162696e-03	2.96707125e-02	1.23976278e-01
3231            	-7.97687342e-03	3.42777084e-04	9.63728355e-03	2.95064388e-02	1.23266341e-01
3232            	-7.95784229e-03	3.36906810e-04	9.64405128e-03	2.93460411e-02	1.22585199e-01
3233            	-7.95086390e-03	3.60738389e-04	9.48116653e-03	2.92032285e-02	1.21989206e-01
3234            	-7.94007664e-03	3.97775558e-04	9.22977890e-03	2.90948490e-02	1.21544757e-01
3235            	-7.91848865e-03	4.36263865e-04	8.95409694e-03	2.90348629e-02	1.21307287e-01
3236            	-7.88765104e-03	4.74253296e-04	8.66887051e-03	2.90275824e-02	1.21294331e-01
3237            	-7.85707086e-03	5.14966986e-04	8.36756352e-03	2.90708290e-02	1.21497203e-01
3238            	-7.83695281e-03	5.61531942e-04	8.04533233e-03	2.91593940e-02	1.21894219e-01
3239            	-7.83216127e-03	6.08200645e-04	7.74553503e-03	2.92856164e-02	1.22449975e-01
3240            	-7.84272707e-03	6.46291732e-04	7.52297803e-03	2.94403025e-02	1.23121837e-01
3241            	-7.86625292e-03	6.68509125e-04	7.42012724e-03	2.96082680e-02	1.23842261e-01
3242            	-7.89906614e-03	6.70317657e-04	7.45983461e-03	2.97744084e-02	1.24545786e-01
3243            	-7.93707509e-03	6.52193072e-04	7.63263219e-03	2.99227200e-02	1.25165071e-01
3244            	-7.97612435e-03	6.19372040e-04	7.89888690e-03	3.00367009e-02	1.25632522e-01
3245            	-8.01905263e-03	5.82330202e-04	8.19628438e-03	3.00980547e-02	1.25874263e-01
3246            	-8.05992464e-03	5.47840347e-04	8.47334700e-03	3.00931641e-02	1.25835377e-01
3247            	-8.08698714e-03	5.12212732e-04	8.73648654e-03	3.00192942e-02	1.25503558e-01
3248            	-8.07915434e-03	4.59509938e-04	9.05568726e-03	2.98969954e-02	1.24962258e-01
3249            	-8.04325165e-03	3.95711612e-04	9.40340268e-03	2.97462408e-02	1.24298839e-01
3250            	-8.00149695e-03	3.42905199e-04	9.67296654e-03	2.95856084e-02	1.23599580e-01
3251            	-7.97573180e-03	3.22401784e-04	9.76200556e-03	2.94230892e-02	1.22904382e-01
3252            	-7.96573729e-03	3.36484812e-04	9.65599773e-03	2.92709311e-02	1.22265353e-01
3253            	-7.95627950e-03	3.70307491e-04	9.42659689e-03	2.91468150e-02	1.21752885e-01
3254            	-7.93622680e-03	4.09043566e-04	9.15130715e-03	2.90663145e-02	1.21428405e-01
3255            	-7.90685374e-03	4.48206538e-04	8.86056267e-03	2.90374089e-02	1.21324058e-01
3256            	-7.87313166e-03	4.88792087e-04	8.55532615e-03	2.90590811e-02	1.21435643e-01
3257            	-7.84617438e-03	5.35177214e-04	8.22415249e-03	2.91276981e-02	1.21748604e-01
3258            	-7.83393503e-03	5.85430200e-04	7.89078391e-03	2.92361361e-02	1.22231098e-01
3259            	-7.83715030e-03	6.30310826e-04	7.61460438e-03	2.93774789e-02	1.22849857e-01
3260            	-7.85442210e-03	6.61591180e-04	7.44544186e-03	2.95371130e-02	1.23539200e-01
3261            	-7.88236254e-03	6.73062309e-04	7.41721161e-03	2.97018113e-02	1.24241012e-01
3262            	-7.91800684e-03	6.63956053e-04	7.52993133e-03	2.98548882e-02	1.24884438e-01
3263            	-7.95520609e-03	6.37383482e-04	7.75447731e-03	2.99805239e-02	1.25404067e-01
3264            	-7.99484938e-03	6.02402249e-04	8.03453485e-03	3.00611719e-02	1.25728930e-01
3265            	-8.03558364e-03	5.68215265e-04	8.30990561e-03	3.00801102e-02	1.25791522e-01
3266            	-8.06940937e-03	5.36161081e-04	8.56070429e-03	3.00306052e-02	1.25564095e-01
3267            	-8.07375615e-03	4.91163561e-04	8.84932856e-03	2.99249060e-02	1.25095004e-01
3268            	-8.04577692e-03	4.30418331e-04	9.18949671e-03	2.97854682e-02	1.24479539e-01
3269            	-8.00401690e-03	3.71300823e-04	9.49893001e-03	2.96301741e-02	1.23799671e-01
3270            	-7.97178619e-03	3.37168747e-04	9.66447956e-03	2.94715625e-02	1.23115808e-01
3271            	-7.95866947e-03	3.38649236e-04	9.63332013e-03	2.93187292e-02	1.22469063e-01
3272            	-7.95306593e-03	3.66668589e-04	9.44597058e-03	2.91878665e-02	1.21925183e-01
3273            	-7.94061509e-03	4.04384841e-04	9.18793499e-03	2.90943277e-02	1.21544092e-01
3274            	-7.91798964e-03	4.42460950e-04	8.91352594e-03	2.90505980e-02	1.21375624e-01
3275            	-7.88700023e-03	4.79338754e-04	8.63532523e-03	2.90581757e-02	1.21425493e-01
3276            	-7.85904621e-03	5.20128061e-04	8.33761587e-03	2.91144962e-02	1.21683979e-01
3277            	-7.84390366e-03	5.66570581e-04	8.02365377e-03	2.92132590e-02	1.22124183e-01
3278            	-7.84386266e-03	6.11057083e-04	7.74479353e-03	2.93466201e-02	1.22709351e-01
3279            	-7.85792610e-03	6.44636122e-04	7.55603214e-03	2.95026104e-02	1.23384784e-01
3280            	-7.88359173e-03	6.61192070e-04	7.49214307e-03	2.96672046e-02	1.24088611e-01
3281            	-7.91709181e-03	6.57875127e-04	7.56516423e-03	2.98252625e-02	1.24755922e-01
3282            	-7.95291432e-03	6.35752858e-04	7.75980846e-03	2.99606774e-02	1.25319256e-01
3283            	-7.99005451e-03	6.02471826e-04	8.02589090e-03	3.00562548e-02	1.25708714e-01
3284            	-8.03038684e-03	5.68167178e-04	8.30194371e-03	3.00944715e-02	1.25853492e-01
3285            	-8.06610355e-03	5.36786121e-04	8.55164505e-03	3.00647402e-02	1.25710597e-01
3286            	-8.08033175e-03	4.99285834e-04	8.80772785e-03	2.99714026e-02	1.25296352e-01
3287            	-8.06023076e-03	4.44928833e-04	9.11942615e-03	2.98363397e-02	1.24701290e-01
3288            	-8.01945651e-03	3.85517029e-04	9.43246264e-03	2.96782676e-02	1.24009122e-01
3289            	-7.98078164e-03	3.43639590e-04	9.63773057e-03	2.95138126e-02	1.23297751e-01
3290            	-7.96066028e-03	3.35893426e-04	9.65472266e-03	2.93525075e-02	1.22612086e-01
3291            	-7.95314062e-03	3.58631467e-04	9.49792541e-03	2.92084947e-02	1.22010600e-01
3292            	-7.94231114e-03	3.95418437e-04	9.24804338e-03	2.90979313e-02	1.21556786e-01
3293            	-7.92065037e-03	4.34011224e-04	8.97157351e-03	2.90346210e-02	1.21305231e-01
3294            	-7.88977620e-03	4.72072485e-04	8.68579662e-03	2.90240221e-02	1.21278216e-01
3295            	-7.85878056e-03	5.12710877e-04	8.38431574e-03	2.90640720e-02	1.21467509e-01
3296            	-7.83758504e-03	5.59082456e-04	8.06167619e-03	2.91504653e-02	1.21855293e-01
3297            	-7.83150644e-03	6.05967312e-04	7.75857230e-03	2.92753420e-02	1.22405509e-01
3298            	-7.84077743e-03	6.44734386e-04	7.52979633e-03	2.94296068e-02	1.23075975e-01
3299            	-7.86332596e-03	6.67971167e-04	7.41903144e-03	2.95975247e-02	1.23796689e-01
3300            	-7.89517541e-03	6.70863850e-04	7.45047663e-03	2.97650922e-02	1.24506787e-01
3301            	-7.93272682e-03	6.53825622e-04	7.61577595e-03	2.99156107e-02	1.25135885e-01
3302            	-7.97152809e-03	6.21832508e-04	7.87650849e-03	3.00321571e-02	1.25614557e-01
3303            	-8.01405884e-03	5.84920642e-04	8.17259183e-03	3.00965877e-02	1.25869451e-01
3304            	-8.05559081e-03	5.50581618e-04	8.44974622e-03	3.00955037e-02	1.25846774e-01
3305            	-8.08470517e-03	5.15825873e-04	8.71044078e-03	3.00250151e-02	1.25529515e-01
3306            	-8.07923996e-03	4.64197494e-04	9.02637175e-03	2.99051569e-02	1.24998819e-01
3307            	-8.04500948e-03	4.00399699e-04	9.37655638e-03	2.97550051e-02	1.24337758e-01
3308            	-8.00342340e-03	3.45993415e-04	9.65647036e-03	2.95944407e-02	1.23638098e-01
3309            	-7.97689765e-03	3.22911773e-04	9.76065955e-03	2.94319522e-02	1.22942096e-01
3310            	-7.96679299e-03	3.35040354e-04	9.66681858e-03	2.92791956e-02	1.22299806e-01
3311            	-7.95814188e-03	3.68114305e-04	9.44330306e-03	2.91529196e-02	1.21777831e-01
3312            	-7.93926877e-03	4.06949274e-04	9.16906802e-03	2.90693219e-02	1.21440152e-01
3313            	-7.91076134e-03	4.46297218e-04	8.87837572e-03	2.90369823e-02	1.21321230e-01
3314            	-7.87699949e-03	4.86603005e-04	8.57479757e-03	2.90553042e-02	1.21418473e-01
3315            	-7.84950145e-03	5.32355067e-04	8.24678318e-03	2.91216047e-02	1.21721401e-01
3316            	-7.83626533e-03	5.82397042e-04	7.91324602e-03	2.92281025e-02	1.22195692e-01
3317            	-7.83866135e-03	6.27703600e-04	7.63314235e-03	2.93677646e-02	1.22807586e-01
3318            	-7.85502288e-03	6.59706226e-04	7.45807102e-03	2.95268755e-02	1.23495135e-01
3319            	-7.88254659e-03	6.72460950e-04	7.42112147e-03	2.96912546e-02	1.24196116e-01
3320            	-7.91776900e-03	6.64631613e-04	7.52519329e-03	2.98452749e-02	1.24844040e-01
3321            	-7.95452963e-03	6.38825256e-04	7.74432790e-03	2.99726246e-02	1.25371267e-01
3322            	-7.99380543e-03	6.04273805e-04	8.02119770e-03	3.00559266e-02	1.25707611e-01
3323            	-8.03444437e-03	5.70163713e-04	8.29600724e-03	3.00782671e-02	1.25784733e-01
3324            	-8.06854063e-03	5.38264064e-04	8.54627823e-03	3.00320460e-02	1.25571329e-01
3325            	-8.07428057e-03	4.94127858e-04	8.83153393e-03	2.99287182e-02	1.25112521e-01
3326            	-8.04738919e-03	4.33810410e-04	9.17060668e-03	2.97909528e-02	1.24504165e-01
3327            	-8.00545637e-03	3.73851464e-04	9.48509068e-03	2.96367220e-02	1.23828408e-01
3328            	-7.97187684e-03	3.37771427e-04	9.66094483e-03	2.94786933e-02	1.23146308e-01
3329            	-7.95754321e-03	3.37285261e-04	9.64039763e-03	2.93261005e-02	1.22499890e-01
3330            	-7.95176291e-03	3.64216759e-04	9.45960939e-03	2.91942243e-02	1.21951264e-01
3331            	-7.93979829e-03	4.02055115e-04	9.20147323e-03	2.90986462e-02	1.21561478e-01
3332            	-7.91767624e-03	4.40546611e-04	8.92513691e-03	2.90523009e-02	1.21382025e-01
3333            	-7.88702032e-03	4.77970443e-04	8.64394651e-03	2.90574325e-02	1.21421673e-01
3334            	-7.85882225e-03	5.18680931e-04	8.34635188e-03	2.91113764e-02	1.21670032e-01
3335            	-7.84326087e-03	5.65057227e-04	8.03218345e-03	2.92075400e-02	1.22099161e-01
3336            	-7.84293947e-03	6.09687081e-04	7.75199106e-03	2.93394484e-02	1.22678270e-01
3337            	-7.85678430e-03	6.43644614e-04	7.56050317e-03	2.94951119e-02	1.23352564e-01
3338            	-7.88274240e-03	6.61056761e-04	7.49163019e-03	2.96591877e-02	1.24054522e-01
3339            	-7.91662476e-03	6.58646015e-04	7.55949356e-03	2.98175467e-02	1.24723448e-01
3340            	-7.95289723e-03	6.37314466e-04	7.74983577e-03	2.99544459e-02	1.25293401e-01
3341            	-7.98991365e-03	6.04274795e-04	8.01427381e-03	3.00527150e-02	1.25694440e-01
3342            	-8.03037056e-03	5.69778098e-04	8.29179803e-03	3.00939677e-02	1.25852067e-01
3343            	-8.06674743e-03	5.38181176e-04	8.54387760e-03	3.00672448e-02	1.25721881e-01
3344            	-8.08307449e-03	5.01386680e-04	8.79861293e-03	2.99762999e-02	1.25317928e-01
3345            	-8.06462237e-03	4.47619599e-04	9.10902735e-03	2.98428702e-02	1.24729877e-01
3346            	-8.02422434e-03	3.87821831e-04	9.42506262e-03	2.96853799e-02	1.24039921e-01
3347            	-7.98473596e-03	3.44470339e-04	9.63845162e-03	2.95208507e-02	1.23327683e-01
3348            	-7.96356475e-03	3.34862971e-04	9.66564578e-03	2.93589205e-02	1.22638730e-01
3349            	-7.95570795e-03	3.56388583e-04	9.51599456e-03	2.92133247e-02	1.22030087e-01
3350            	-7.94509827e-03	3.93084355e-04	9.26697027e-03	2.91007100e-02	1.21567493e-01
3351            	-7.92357190e-03	4.31827399e-04	8.98970588e-03	2.90347943e-02	1.21304918e-01
3352            	-7.89263983e-03	4.70004149e-04	8.70309627e-03	2.90209970e-02	1.21264342e-01
3353            	-7.86125462e-03	5.10468087e-04	8.40211959e-03	2.90580747e-02	1.21440985e-01
3354            	-7.83910472e-03	5.56588185e-04	8.07962988e-03	2.91422465e-02	1.21819312e-01
3355            	-7.83171448e-03	6.03601091e-04	7.77374394e-03	2.92659207e-02	1.22364597e-01
3356            	-7.83976088e-03	6.42938583e-04	7.53952802e-03	2.94193302e-02	1.23031726e-01
3357            	-7.86126168e-03	6.67005327e-04	7.42195606e-03	2.95871434e-02	1.23752406e-01
3358            	-7.89249388e-03	6.70810733e-04	7.44671241e-03	2.97553450e-02	1.24465604e-01
3359            	-7.92949981e-03	6.54697205e-04	7.60538589e-03	2.99080604e-02	1.25104433e-01
3360            	-7.96783732e-03	6.23392980e-04	7.86113565e-03	3.00275461e-02	1.25595866e-01
3361            	-8.00985418e-03	5.86858248e-04	8.15415423e-03	3.00953389e-02	1.25865225e-01
3362            	-8.05149647e-03	5.52527447e-04	8.43149847e-03	3.00973435e-02	1.25855671e-01
3363            	-8.08242234e-03	5.18581654e-04	8.68980478e-03	3.00299489e-02	1.25551722e-01
3364            	-8.07931557e-03	4.68206304e-04	9.00132647e-03	2.99123796e-02	1.25031009e-01
3365            	-8.04618642e-03	4.04576148e-04	9.35209393e-03	2.97641645e-02	1.24378131e-01
3366            	-8.00515484e-03	3.49072710e-04	9.63975191e-03	2.96027583e-02	1.23674354e-01
3367            	-7.97789366e-03	3.23745545e-04	9.75702613e-03	2.94399308e-02	1.22976117e-01
3368            	-7.96756745e-03	3.33930460e-04	9.67512191e-03	2.92869923e-02	1.22332369e-01
3369            	-7.95983378e-03	3.66480423e-04	9.45623030e-03	2.91592770e-02	1.21804018e-01
3370            	-7.94223470e-03	4.05368902e-04	9.18348351e-03	2.90726496e-02	1.21453404e-01
3371            	-7.91466846e-03	4.44714024e-04	8.89413380e-03	2.90370794e-02	1.21320716e-01
3372            	-7.88098410e-03	4.84595477e-04	8.59330783e-03	2.90526679e-02	1.21406207e-01
3373            	-7.85298468e-03	5.29839404e-04	8.26772853e-03	2.91167286e-02	1.21699480e-01
3374            	-7.83893369e-03	5.79799926e-04	7.93347631e-03	2.92213716e-02	1.22165931e-01
3375            	-7.84060872e-03	6.25512701e-04	7.64971453e-03	2.93593992e-02	1.22771115e-01
3376            	-7.85636910e-03	6.58216177e-04	7.46931087e-03	2.95173828e-02	1.23454249e-01
3377            	-7.88345682e-03	6.71946241e-04	7.42555637e-03	2.96813997e-02	1.24154152e-01
3378            	-7.91840645e-03	6.65245902e-04	7.52212296e-03	2.98359262e-02	1.24804710e-01
3379            	-7.95488019e-03	6.40347815e-04	7.73515598e-03	2.99648176e-02	1.25338859e-01
3380            	-7.99353161e-03	6.06190044e-04	8.00869996e-03	3.00505206e-02	1.25685589e-01
3381            	-8.03417309e-03	5.72147315e-04	8.28315421e-03	3.00757292e-02	1.25774936e-01
3382            	-8.06862763e-03	5.40465509e-04	8.53262177e-03	3.00324472e-02	1.25574122e-01
3383            	-8.07555815e-03	4.97136963e-04	8.81455015e-03	2.99313894e-02	1.25125200e-01
3384            	-8.04950473e-03	4.37240915e-04	9.15220944e-03	2.97951637e-02	1.24523432e-01
3385            	-8.00744645e-03	3.76773497e-04	9.46972210e-03	2.96417487e-02	1.23850840e-01
3386            	-7.97275084e-03	3.39107576e-04	9.65394057e-03	2.94841479e-02	1.23169938e-01
3387            	-7.95727802e-03	3.36740397e-04	9.64356503e-03	2.93315179e-02	1.22522702e-01
3388            	-7.95110685e-03	3.62407194e-04	9.47014753e-03	2.91991484e-02	1.21971519e-01
3389            	-7.93923026e-03	3.99686297e-04	9.21563496e-03	2.91022594e-02	1.21575915e-01
3390            	-7.91719170e-03	4.38228156e-04	8.93906516e-03	2.90538488e-02	1.21387662e-01
3391            	-7.88682297e-03	4.76065443e-04	8.65564780e-03	2.90567269e-02	1.21417850e-01
3392            	-7.85845745e-03	5.17038872e-04	8.35612750e-03	2.91079384e-02	1.21654662e-01
3393            	-7.84232026e-03	5.63499224e-04	8.04056096e-03	2.92023053e-02	1.22076215e-01
3394            	-7.84167928e-03	6.08508494e-04	7.75748559e-03	2.93325737e-02	1.22648500e-01
3395            	-7.85531401e-03	6.43243285e-04	7.56075600e-03	2.94873853e-02	1.23319546e-01
3396            	-7.88098451e-03	6.61350621e-04	7.48707089e-03	2.96520157e-02	1.24024246e-01
3397            	-7.91510626e-03	6.59633955e-04	7.55092655e-03	2.98110863e-02	1.24696482e-01
3398            	-7.95238544e-03	6.38943503e-04	7.73872298e-03	2.99487286e-02	1.25269794e-01
3399            	-7.98991641e-03	6.06136784e-04	8.00248753e-03	3.00488129e-02	1.25678640e-01
3400            	-8.03047039e-03	5.71498430e-04	8.28110679e-03	3.00931773e-02	1.25849467e-01
3401            	-8.06715534e-03	5.39620583e-04	8.53545539e-03	3.00700203e-02	1.25734357e-01
3402            	-8.08519847e-03	5.03371206e-04	8.78929112e-03	2.99818851e-02	1.25342476e-01
3403            	-8.06859501e-03	4.50300817e-04	9.09803492e-03	2.98494535e-02	1.24758756e-01
3404            	-8.02894093e-03	3.90216600e-04	9.41697522e-03	2.96923792e-02	1.24070332e-01
3405            	-7.98896021e-03	3.45588514e-04	9.63770945e-03	2.95278238e-02	1.23357461e-01
3406            	-7.96688276e-03	3.34294317e-04	9.67422616e-03	2.93653334e-02	1.22665548e-01
3407            	-7.95869855e-03	3.54588940e-04	9.53186275e-03	2.92182053e-02	1.22049971e-01
3408            	-7.94832771e-03	3.90888878e-04	9.28567331e-03	2.91030510e-02	1.21576429e-01
3409            	-7.92702165e-03	4.29682262e-04	9.00838427e-03	2.90342846e-02	1.21301742e-01
3410            	-7.89630610e-03	4.67996631e-04	8.72117896e-03	2.90180527e-02	1.21250859e-01
3411            	-7.86427672e-03	5.08437560e-04	8.41939049e-03	2.90520456e-02	1.21414383e-01
3412            	-7.84124742e-03	5.54503732e-04	8.09592843e-03	2.91335781e-02	1.21781519e-01
3413            	-7.83284277e-03	6.01709801e-04	7.78728973e-03	2.92558192e-02	1.22320913e-01
3414            	-7.83972880e-03	6.41473641e-04	7.54863768e-03	2.94087146e-02	1.22986146e-01
3415            	-7.86014046e-03	6.66133863e-04	7.42568735e-03	2.95767812e-02	1.23708232e-01
3416            	-7.89049460e-03	6.70731798e-04	7.44414078e-03	2.97457239e-02	1.24424931e-01
3417            	-7.92704791e-03	6.55482446e-04	7.59670384e-03	2.98998519e-02	1.25070118e-01
3418            	-7.96508180e-03	6.24783600e-04	7.84821972e-03	3.00218769e-02	1.25572573e-01
3419            	-8.00644855e-03	5.88494627e-04	8.13878000e-03	3.00933713e-02	1.25857792e-01
3420            	-8.04791744e-03	5.54289570e-04	8.41513172e-03	3.00993271e-02	1.25865090e-01
3421            	-8.07999244e-03	5.21084691e-04	8.67049940e-03	3.00350002e-02	1.25574376e-01
3422            	-8.07905873e-03	4.71973349e-04	8.97727091e-03	2.99188265e-02	1.25059832e-01
3423            	-8.04707745e-03	4.08630620e-04	9.32793634e-03	2.97724818e-02	1.24414857e-01
3424            	-8.00592390e-03	3.51937360e-04	9.62295488e-03	2.96124652e-02	1.23716515e-01
3425            	-7.97840756e-03	3.24680045e-04	9.75204795e-03	2.94492510e-02	1.23015898e-01
3426            	-7.96838514e-03	3.33129905e-04	9.68152291e-03	2.92948207e-02	1.22365144e-01
3427            	-7.96156526e-03	3.64955468e-04	9.46851181e-03	2.91652959e-02	1.21828793e-01
3428            	-7.94502692e-03	4.03891607e-04	9.19698249e-03	2.90762826e-02	1.21468014e-01
3429            	-7.91817321e-03	4.43317639e-04	8.90811882e-03	2.90381064e-02	1.21324253e-01
3430            	-7.88461491e-03	4.82771717e-04	8.61013303e-03	2.90511345e-02	1.21398708e-01
3431            	-7.85640069e-03	5.27413195e-04	8.28800653e-03	2.91122667e-02	1.21679315e-01
3432            	-7.84197066e-03	5.77199814e-04	7.95426052e-03	2.92147466e-02	1.22136594e-01
3433            	-7.84306904e-03	6.23314890e-04	7.66708506e-03	2.93511720e-02	1.22735213e-01
3434            	-7.85838409e-03	6.56820723e-04	7.48093468e-03	2.95080037e-02	1.23413809e-01
3435            	-7.88484352e-03	6.71513100e-04	7.43018192e-03	2.96720714e-02	1.24114394e-01
3436            	-7.91954379e-03	6.65855010e-04	7.51983048e-03	2.98269495e-02	1.24766907e-01
3437            	-7.95596763e-03	6.41841591e-04	7.72726365e-03	2.99567632e-02	1.25305343e-01
3438            	-7.99433337e-03	6.08100728e-04	7.99784089e-03	3.00444242e-02	1.25660589e-01
3439            	-8.03486454e-03	5.74077823e-04	8.27208231e-03	3.00725991e-02	1.25762530e-01
3440            	-8.06952926e-03	5.42575212e-04	8.52076292e-03	3.00325139e-02	1.25575354e-01
3441            	-8.07766548e-03	5.00110502e-04	8.79903464e-03	2.99338363e-02	1.25136818e-01
3442            	-8.05251537e-03	4.40694017e-04	9.13501304e-03	2.97989870e-02	1.24541003e-01
3443            	-8.01041612e-03	3.79684410e-04	9.45589956e-03	2.96459912e-02	1.23869901e-01
3444            	-7.97457815e-03	3.40389330e-04	9.64872119e-03	2.94887481e-02	1.23189884e-01
3445            	-7.95788753e-03	3.36291872e-04	9.64744695e-03	2.93360890e-02	1.22541904e-01
3446            	-7.95119769e-03	3.60993491e-04	9.47930523e-03	2.92028489e-02	1.21986690e-01
3447            	-7.93928846e-03	3.98035570e-04	9.22618871e-03	2.91047580e-02	1.21585871e-01
3448            	-7.91716554e-03	4.36448438e-04	8.95025383e-03	2.90544753e-02	1.21389594e-01
3449            	-7.88673042e-03	4.74219308e-04	8.66711299e-03	2.90553195e-02	1.21411080e-01
3450            	-7.85813547e-03	5.15220639e-04	8.36705100e-03	2.91045107e-02	1.21639322e-01
3451            	-7.84132609e-03	5.61855256e-04	8.04937823e-03	2.91974457e-02	1.22054898e-01
3452            	-7.83998767e-03	6.07349733e-04	7.76220249e-03	2.93264201e-02	1.22621882e-01
3453            	-7.85326603e-03	6.42883335e-04	7.55989259e-03	2.94806276e-02	1.23290697e-01
3454            	-7.87891112e-03	6.61908544e-04	7.48037298e-03	2.96451154e-02	1.23995179e-01
3455            	-7.91319229e-03	6.60909851e-04	7.53993989e-03	2.98048553e-02	1.24670583e-01
3456            	-7.95095370e-03	6.40776312e-04	7.72496813e-03	2.99438794e-02	1.25249991e-01
3457            	-7.98912549e-03	6.08157245e-04	7.98853184e-03	3.00457704e-02	1.25666595e-01
3458            	-8.03013020e-03	5.73277814e-04	8.26939766e-03	3.00925434e-02	1.25847589e-01
3459            	-8.06749352e-03	5.41149708e-04	8.52636511e-03	3.00727501e-02	1.25746673e-01
3460            	-8.08759342e-03	5.05577023e-04	8.77896143e-03	2.99870825e-02	1.25365402e-01
3461            	-8.07263169e-03	4.53106928e-04	9.08633489e-03	2.98562870e-02	1.24788764e-01
3462            	-8.03372794e-03	3.92674950e-04	9.40858499e-03	2.96993136e-02	1.24100523e-01
3463            	-7.99299469e-03	3.46434966e-04	9.63841447e-03	2.95352320e-02	1.23389057e-01
3464            	-7.97020916e-03	3.33407229e-04	9.68484194e-03	2.93716872e-02	1.22692012e-01
3465            	-7.96181284e-03	3.52817184e-04	9.54774123e-03	2.92226091e-02	1.22067809e-01
3466            	-7.95183844e-03	3.88872171e-04	9.30365869e-03	2.91049248e-02	1.21583412e-01
3467            	-7.93089129e-03	4.27775262e-04	9.02617712e-03	2.90332423e-02	1.21296378e-01
3468            	-7.90049666e-03	4.66133058e-04	8.73913822e-03	2.90143742e-02	1.21234290e-01
3469            	-7.86802047e-03	5.06355664e-04	8.43804333e-03	2.90462634e-02	1.21388838e-01
3470            	-7.84405807e-03	5.52203086e-04	8.11458267e-03	2.91251943e-02	1.21744872e-01
3471            	-7.83472366e-03	5.99707689e-04	7.80267738e-03	2.92449520e-02	1.22273845e-01
3472            	-7.84021969e-03	6.39882308e-04	7.55935544e-03	2.93976457e-02	1.22938557e-01
3473            	-7.85955403e-03	6.65274257e-04	7.43016508e-03	2.95659280e-02	1.23661948e-01
3474            	-7.88906374e-03	6.70725279e-04	7.44197759e-03	2.97358077e-02	1.24383023e-01
3475            	-7.92509591e-03	6.56248712e-04	7.58890474e-03	2.98913845e-02	1.25034694e-01
3476            	-7.96282280e-03	6.26001913e-04	7.83714301e-03	3.00155688e-02	1.25546506e-01
3477            	-8.00361618e-03	5.89826427e-04	8.12618118e-03	3.00904059e-02	1.25846001e-01
3478            	-8.04488626e-03	5.55770613e-04	8.40132975e-03	3.01007563e-02	1.25872035e-01
3479            	-8.07762513e-03	5.23070573e-04	8.65452468e-03	3.00401183e-02	1.25597129e-01
3480            	-8.07831894e-03	4.75039629e-04	8.95690612e-03	2.99259848e-02	1.25091512e-01
3481            	-8.04799631e-03	4.12485825e-04	9.30505491e-03	2.97801633e-02	1.24448814e-01
3482            	-8.00690879e-03	3.55008164e-04	9.60513775e-03	2.96212965e-02	1.23754952e-01
3483            	-7.97853869e-03	3.25734217e-04	9.74572448e-03	2.94590012e-02	1.23057525e-01
3484            	-7.96838817e-03	3.32338670e-04	9.68666007e-03	2.93034764e-02	1.22401450e-01
3485            	-7.96245723e-03	3.63190340e-04	9.48108759e-03	2.91716634e-02	1.21854978e-01
3486            	-7.94719265e-03	4.02103540e-04	9.21153686e-03	2.90798467e-02	1.21482219e-01
3487            	-7.92129600e-03	4.41650909e-04	8.92326042e-03	2.90389996e-02	1.21327103e-01
3488            	-7.88804245e-03	4.80765138e-04	8.62782081e-03	2.90496181e-02	1.21391187e-01
3489            	-7.85965076e-03	5.24701660e-04	8.30984256e-03	2.91086046e-02	1.21662466e-01
3490            	-7.84485822e-03	5.74393018e-04	7.97614160e-03	2.92085375e-02	1.22108895e-01
3491            	-7.84536617e-03	6.20907091e-04	7.68555368e-03	2.93432497e-02	1.22700488e-01
3492            	-7.86013576e-03	6.55177878e-04	7.49375292e-03	2.94993535e-02	1.23376375e-01
3493            	-7.88640498e-03	6.70970302e-04	7.43576102e-03	2.96629858e-02	1.24075574e-01
3494            	-7.92086234e-03	6.66220380e-04	7.51933522e-03	2.98183973e-02	1.24730787e-01
3495            	-7.95692534e-03	6.42964877e-04	7.72152556e-03	2.99496444e-02	1.25275657e-01
3496            	-7.99500409e-03	6.09542614e-04	7.98975860e-03	3.00388537e-02	1.25637648e-01
3497            	-8.03587515e-03	5.75691823e-04	8.26348616e-03	3.00694616e-02	1.25749963e-01
3498            	-8.07107382e-03	5.44186695e-04	8.51300003e-03	3.00325188e-02	1.25576111e-01
3499            	-8.08087427e-03	5.02793655e-04	8.78697692e-03	2.99357065e-02	1.25145741e-01
3500            	-8.05643659e-03	4.44002274e-04	9.12008316e-03	2.98026215e-02	1.24557573e-01
3501            	-8.01405391e-03	3.82514059e-04	9.44358270e-03	2.96501866e-02	1.23888641e-01
3502            	-7.97698626e-03	3.41633472e-04	9.64460080e-03	2.94930729e-02	1.23208611e-01
3503            	-7.95916702e-03	3.35811114e-04	9.65253148e-03	2.93400636e-02	1.22558550e-01
3504            	-7.95212302e-03	3.59293723e-04	9.49152408e-03	2.92059479e-02	1.21999167e-01
3505            	-7.94028543e-03	3.95855489e-04	9.24148770e-03	2.91064203e-02	1.21592039e-01
3506            	-7.91798780e-03	4.34263616e-04	8.96526969e-03	2.90540711e-02	1.21386951e-01
3507            	-7.88737802e-03	4.72160388e-04	8.68101957e-03	2.90531360e-02	1.21400895e-01
3508            	-7.85829957e-03	5.13045350e-04	8.38094049e-03	2.91005756e-02	1.21621631e-01
3509            	-7.84070836e-03	5.59654647e-04	8.06225718e-03	2.91917686e-02	1.22029814e-01
3510            	-7.83848844e-03	6.05506556e-04	7.77151406e-03	2.93199665e-02	1.22593716e-01
3511            	-7.85134103e-03	6.41939340e-04	7.56290304e-03	2.94739880e-02	1.23262110e-01
3512            	-7.87699615e-03	6.62117238e-04	7.47612547e-03	2.96381167e-02	1.23965480e-01
3513            	-7.91124109e-03	6.62151477e-04	7.52913214e-03	2.97982640e-02	1.24643038e-01
3514            	-7.94931218e-03	6.42732771e-04	7.71013585e-03	2.99387942e-02	1.25229146e-01
3515            	-7.98766451e-03	6.10276482e-04	7.97299763e-03	3.00428872e-02	1.25655217e-01
3516            	-8.02927548e-03	5.75142506e-04	8.25641472e-03	3.00923567e-02	1.25847605e-01
3517            	-8.06763452e-03	5.42744134e-04	8.51658807e-03	3.00755801e-02	1.25759414e-01
3518            	-8.08980452e-03	5.07788599e-04	8.76834531e-03	2.99923142e-02	1.25388457e-01
3519            	-8.07687927e-03	4.56060718e-04	9.07402578e-03	2.98627091e-02	1.24816954e-01
3520            	-8.03816218e-03	3.95221554e-04	9.39912316e-03	2.97072296e-02	1.24134901e-01
3521            	-7.99703568e-03	3.47636747e-04	9.63687339e-03	2.95429693e-02	1.23422154e-01
3522            	-7.97346375e-03	3.32890787e-04	9.69299597e-03	2.93786452e-02	1.22721179e-01
3523            	-7.96486101e-03	3.51091873e-04	9.56322712e-03	2.92282175e-02	1.22090799e-01
3524            	-7.95542903e-03	3.86786538e-04	9.32219557e-03	2.91078526e-02	1.21594848e-01
3525            	-7.93509260e-03	4.25847250e-04	9.04458495e-03	2.90328323e-02	1.21293671e-01
3526            	-7.90525367e-03	4.64355899e-04	8.75737871e-03	2.90106836e-02	1.21217677e-01
3527            	-7.87240268e-03	5.04336634e-04	8.45723833e-03	2.90398659e-02	1.21360660e-01
3528            	-7.84745253e-03	5.49714607e-04	8.13526470e-03	2.91169953e-02	1.21708967e-01
3529            	-7.83711534e-03	5.97344951e-04	7.82108073e-03	2.92345867e-02	1.22228822e-01
3530            	-7.84169881e-03	6.38282518e-04	7.57158107e-03	2.93853772e-02	1.22885775e-01
3531            	-7.85969453e-03	6.64495290e-04	7.43521446e-03	2.95538523e-02	1.23610450e-01
3532            	-7.88819319e-03	6.70863225e-04	7.43974250e-03	2.97248317e-02	1.24336660e-01
3533            	-7.92385751e-03	6.57277895e-04	7.58049354e-03	2.98818497e-02	1.24994814e-01
3534            	-7.96115162e-03	6.27545891e-04	7.82487049e-03	3.00082810e-02	1.25516380e-01
3535            	-8.00136408e-03	5.91497850e-04	8.11229129e-03	3.00861606e-02	1.25828893e-01
3536            	-8.04243239e-03	5.57358027e-04	8.38771450e-03	3.01004599e-02	1.25871713e-01
3537            	-8.07568629e-03	5.24977401e-04	8.63968746e-03	3.00439879e-02	1.25614570e-01
3538            	-8.07780544e-03	4.78021901e-04	8.93740373e-03	2.99327518e-02	1.25121508e-01
3539            	-8.04863407e-03	4.16107697e-04	9.28323383e-03	2.97886451e-02	1.24486150e-01
3540            	-8.00795822e-03	3.58078749e-04	9.58741308e-03	2.96298985e-02	1.23792420e-01
3541            	-7.97850835e-03	3.26946037e-04	9.73815672e-03	2.94684537e-02	1.23097943e-01
3542            	-7.96771179e-03	3.31682237e-04	9.68993889e-03	2.93128016e-02	1.22440672e-01
3543            	-7.96239760e-03	3.61599446e-04	9.49116647e-03	2.91795201e-02	1.21887568e-01
3544            	-7.94851210e-03	4.00264245e-04	9.22517082e-03	2.90847714e-02	1.21502187e-01
3545            	-7.92382005e-03	4.39848284e-04	8.93838802e-03	2.90405135e-02	1.21332535e-01
3546            	-7.89113054e-03	4.78815992e-04	8.64465367e-03	2.90481609e-02	1.21383931e-01
3547            	-7.86257795e-03	5.22370354e-04	8.32880691e-03	2.91045061e-02	1.21643855e-01
3548            	-7.84729374e-03	5.71524663e-04	7.99772888e-03	2.92030790e-02	1.22084414e-01
3549            	-7.84731240e-03	6.18154922e-04	7.70565811e-03	2.93361066e-02	1.22668957e-01
3550            	-7.86169079e-03	6.53224548e-04	7.50822302e-03	2.94909879e-02	1.23340019e-01
3551            	-7.88776356e-03	6.70261318e-04	7.44208436e-03	2.96541162e-02	1.24037595e-01
3552            	-7.92210459e-03	6.66747792e-04	7.51769371e-03	2.98100447e-02	1.24695525e-01
3553            	-7.95836948e-03	6.44542201e-04	7.71358951e-03	2.99424336e-02	1.25245684e-01
3554            	-7.99603990e-03	6.11548385e-04	7.97860617e-03	3.00336734e-02	1.25616546e-01
3555            	-8.03696469e-03	5.77711352e-04	8.25243317e-03	3.00667847e-02	1.25739529e-01
3556            	-8.07274425e-03	5.46134763e-04	8.50331326e-03	3.00326220e-02	1.25577450e-01
3557            	-8.08431349e-03	5.05590723e-04	8.77455119e-03	2.99382121e-02	1.25157476e-01
3558            	-8.06134567e-03	4.47587887e-04	9.10484613e-03	2.98062338e-02	1.24574134e-01
3559            	-8.01872257e-03	3.85602534e-04	9.43113839e-03	2.96548646e-02	1.23909500e-01
3560            	-7.98042531e-03	3.43132206e-04	9.64039717e-03	2.94978953e-02	1.23229505e-01
3561            	-7.96151783e-03	3.35539373e-04	9.65789626e-03	2.93442464e-02	1.22576091e-01
3562            	-7.95408462e-03	3.57803639e-04	9.50396996e-03	2.92088680e-02	1.22010870e-01
3563            	-7.94220562e-03	3.93836417e-04	9.25715284e-03	2.91076846e-02	1.21596490e-01
3564            	-7.91973707e-03	4.31944323e-04	8.98250922e-03	2.90533315e-02	1.21382784e-01
3565            	-7.88864527e-03	4.69905790e-04	8.69709259e-03	2.90500385e-02	1.21386730e-01
3566            	-7.85900088e-03	5.10623248e-04	8.39719015e-03	2.90955919e-02	1.21599387e-01
3567            	-7.84056382e-03	5.57135054e-04	8.07784015e-03	2.91852671e-02	1.22001090e-01
3568            	-7.83738447e-03	6.03315983e-04	7.78358277e-03	2.93121430e-02	1.22559529e-01
3569            	-7.84943086e-03	6.40538383e-04	7.56878947e-03	2.94658127e-02	1.23226812e-01
3570            	-7.87450088e-03	6.61822537e-04	7.47417739e-03	2.96302876e-02	1.23932144e-01
3571            	-7.90846810e-03	6.62978377e-04	7.51971831e-03	2.97915600e-02	1.24614928e-01
3572            	-7.94691766e-03	6.44628614e-04	7.69456888e-03	2.99336670e-02	1.25208119e-01
3573            	-7.98572473e-03	6.12638484e-04	7.95521282e-03	3.00399095e-02	1.25643505e-01
3574            	-8.02772111e-03	5.77455406e-04	8.23956857e-03	3.00924710e-02	1.25849053e-01
3575            	-8.06707648e-03	5.44917441e-04	8.50212848e-03	3.00789957e-02	1.25774883e-01
3576            	-8.09139343e-03	5.10529697e-04	8.75347470e-03	2.99983646e-02	1.25415251e-01
3577            	-8.08053093e-03	4.59310172e-04	9.05898358e-03	2.98708899e-02	1.24852868e-01
3578            	-8.04289263e-03	3.98178305e-04	9.38751187e-03	2.97161741e-02	1.24173806e-01
3579            	-8.00152821e-03	3.49268633e-04	9.63327986e-03	2.95517267e-02	1.23459719e-01
3580            	-7.97692163e-03	3.32512599e-04	9.70058993e-03	2.93872048e-02	1.22757216e-01
3581            	-7.96798086e-03	3.49214798e-04	9.57977678e-03	2.92350708e-02	1.22119034e-01
3582            	-7.95916549e-03	3.84499874e-04	9.34221459e-03	2.91118517e-02	1.21610744e-01
3583            	-7.93959081e-03	4.23842737e-04	9.06391495e-03	2.90329834e-02	1.21293277e-01
3584            	-7.91049805e-03	4.62743890e-04	8.77530196e-03	2.90069957e-02	1.21201092e-01
3585            	-7.87744920e-03	5.02530053e-04	8.47608138e-03	2.90329126e-02	1.21330164e-01
3586            	-7.85155630e-03	5.47451555e-04	8.15558172e-03	2.91074419e-02	1.21667339e-01
3587            	-7.84012308e-03	5.95081669e-04	7.83976686e-03	2.92232922e-02	1.22179909e-01
3588            	-7.84361491e-03	6.36517585e-04	7.58550213e-03	2.93727786e-02	1.22831589e-01
3589            	-7.86075047e-03	6.63741127e-04	7.44147570e-03	2.95402535e-02	1.23552433e-01
3590            	-7.88833229e-03	6.71132159e-04	7.43819019e-03	2.97117084e-02	1.24281135e-01
3591            	-7.92306168e-03	6.58381738e-04	7.57231081e-03	2.98706940e-02	1.24948060e-01
3592            	-7.95987274e-03	6.29271601e-04	7.81206330e-03	2.99997220e-02	1.25480945e-01
3593            	-7.99929496e-03	5.93310786e-04	8.09781130e-03	3.00812023e-02	1.25808848e-01
3594            	-8.03997059e-03	5.59115597e-04	8.37305092e-03	3.00993026e-02	1.25867817e-01
3595            	-8.07368831e-03	5.27057487e-04	8.62369468e-03	3.00472271e-02	1.25629446e-01
3596            	-8.07748825e-03	4.81267593e-04	8.91653228e-03	2.99391229e-02	1.25149970e-01
3597            	-8.04954628e-03	4.20034265e-04	9.25988053e-03	2.97973520e-02	1.24524607e-01
3598            	-8.00884288e-03	3.61343349e-04	9.56821513e-03	2.96397315e-02	1.23835283e-01
3599            	-7.97833531e-03	3.28475782e-04	9.72835641e-03	2.94783020e-02	1.23140195e-01
3600            	-7.96664244e-03	3.31377113e-04	9.69039878e-03	2.93228685e-02	1.22483192e-01
3601            	-7.96169789e-03	3.60243838e-04	9.49877386e-03	2.91885634e-02	1.21925332e-01
3602            	-7.94913680e-03	3.98766739e-04	9.23559333e-03	2.90911852e-02	1.21528658e-01
3603            	-7.92575717e-03	4.38368247e-04	8.95059028e-03	2.90433961e-02	1.21343947e-01
3604            	-7.89374422e-03	4.77159740e-04	8.65892562e-03	2.90472765e-02	1.21379253e-01
3605            	-7.86506429e-03	5.20166940e-04	8.34630150e-03	2.91007361e-02	1.21626736e-01
3606            	-7.84947063e-03	5.68823846e-04	8.01786490e-03	2.91967876e-02	1.22056422e-01
3607            	-7.84902609e-03	6.15409708e-04	7.72534656e-03	2.93284104e-02	1.22635072e-01
3608            	-7.86286548e-03	6.50987473e-04	7.52388745e-03	2.94828082e-02	1.23304410e-01
3609            	-7.88887126e-03	6.69133158e-04	7.45065175e-03	2.96450967e-02	1.23998869e-01
3610            	-7.92313444e-03	6.66961631e-04	7.51769871e-03	2.98009752e-02	1.24657109e-01
3611            	-7.95947975e-03	6.45850122e-04	7.70685534e-03	2.99346138e-02	1.25213018e-01
3612            	-7.99713178e-03	6.13424650e-04	7.96833659e-03	3.00281736e-02	1.25594009e-01
3613            	-8.03791635e-03	5.79740063e-04	8.24110578e-03	3.00643279e-02	1.25730029e-01
3614            	-8.07410425e-03	5.48165421e-04	8.49264247e-03	3.00333471e-02	1.25581494e-01
3615            	-8.08759121e-03	5.08589467e-04	8.76062362e-03	2.99413495e-02	1.25172015e-01
3616            	-8.06632183e-03	4.51286447e-04	9.08902455e-03	2.98107590e-02	1.24594678e-01
3617            	-8.02436958e-03	3.88959513e-04	9.41846620e-03	2.96596164e-02	1.23930702e-01
3618            	-7.98478961e-03	3.44829938e-04	9.63632538e-03	2.95034091e-02	1.23253334e-01
3619            	-7.96431630e-03	3.35273498e-04	9.66391273e-03	2.93497817e-02	1.22599354e-01
3620            	-7.95621726e-03	3.56231684e-04	9.51721891e-03	2.92129687e-02	1.22027572e-01
3621            	-7.94444389e-03	3.91569983e-04	9.27489413e-03	2.91092205e-02	1.21602037e-01
3622            	-7.92195558e-03	4.29358668e-04	9.00216442e-03	2.90524061e-02	1.21377729e-01
3623            	-7.89060209e-03	4.67263934e-04	8.71663895e-03	2.90471016e-02	1.21373108e-01
3624            	-7.86009848e-03	5.07776268e-04	8.41670951e-03	2.90904249e-02	1.21576222e-01
3625            	-7.84057070e-03	5.54156650e-04	8.09654009e-03	2.91776802e-02	1.21967588e-01
3626            	-7.83638219e-03	6.00572220e-04	7.79926767e-03	2.93034542e-02	1.22521486e-01
3627            	-7.84756991e-03	6.38716390e-04	7.57736064e-03	2.94570396e-02	1.23188830e-01
3628            	-7.87197841e-03	6.61189387e-04	7.47426864e-03	2.96219220e-02	1.23896405e-01
3629            	-7.90551514e-03	6.63320716e-04	7.51304766e-03	2.97843458e-02	1.24584500e-01
3630            	-7.94401246e-03	6.45827801e-04	7.68261007e-03	2.99284755e-02	1.25186603e-01
3631            	-7.98310404e-03	6.14446669e-04	7.93989522e-03	3.00372123e-02	1.25632787e-01
3632            	-8.02539327e-03	5.79480778e-04	8.22338437e-03	3.00929057e-02	1.25851755e-01
3633            	-8.06565111e-03	5.47072729e-04	8.48651145e-03	3.00827580e-02	1.25791784e-01
3634            	-8.09224652e-03	5.13319630e-04	8.73722571e-03	3.00050155e-02	1.25444598e-01
3635            	-8.08405590e-03	4.62770229e-04	9.04243828e-03	2.98792991e-02	1.24889781e-01
3636            	-8.04784387e-03	4.01338754e-04	9.37495278e-03	2.97253525e-02	1.24213713e-01
3637            	-8.00639158e-03	3.51046019e-04	9.62931919e-03	2.95607309e-02	1.23498282e-01
3638            	-7.98046404e-03	3.32242904e-04	9.70761123e-03	2.93962867e-02	1.22795435e-01
3639            	-7.97083896e-03	3.47343569e-04	9.59590296e-03	2.92429982e-02	1.22151835e-01
3640            	-7.96258883e-03	3.82157100e-04	9.36214167e-03	2.91171767e-02	1.21632262e-01
3641            	-7.94405629e-03	4.21722586e-04	9.08393885e-03	2.90344467e-02	1.21298370e-01
3642            	-7.91596793e-03	4.60907226e-04	8.79497942e-03	2.90043330e-02	1.21188708e-01
3643            	-7.88281937e-03	5.00414142e-04	8.49736006e-03	2.90266057e-02	1.21302222e-01
3644            	-7.85602604e-03	5.44765829e-04	8.17911710e-03	2.90981238e-02	1.21626491e-01
3645            	-7.84349977e-03	5.92420887e-04	7.86151572e-03	2.92114162e-02	1.22128343e-01
3646            	-7.84604694e-03	6.34356871e-04	7.60267473e-03	2.93592975e-02	1.22773485e-01
3647            	-7.86208865e-03	6.62403328e-04	7.45183361e-03	2.95266208e-02	1.23494092e-01
3648            	-7.88901745e-03	6.71136378e-04	7.43911481e-03	2.96981081e-02	1.24223459e-01
3649            	-7.92333438e-03	6.59651039e-04	7.56464916e-03	2.98581472e-02	1.24895369e-01
3650            	-7.95913393e-03	6.31100958e-04	7.79942757e-03	2.99899270e-02	1.25440248e-01
3651            	-7.99799239e-03	5.95107401e-04	8.08459060e-03	3.00751703e-02	1.25784183e-01
3652            	-8.03843257e-03	5.60694503e-04	8.36089966e-03	3.00974917e-02	1.25861028e-01
3653            	-8.07257193e-03	5.28965858e-04	8.61010908e-03	3.00497143e-02	1.25641023e-01
3654            	-8.07798820e-03	4.84287725e-04	8.89831828e-03	2.99447946e-02	1.25175372e-01
3655            	-8.05153633e-03	4.23786240e-04	9.23924237e-03	2.98049101e-02	1.24558054e-01
3656            	-8.01046268e-03	3.64268775e-04	9.55226535e-03	2.96493424e-02	1.23877009e-01
3657            	-7.97886129e-03	3.29349380e-04	9.72375542e-03	2.94883306e-02	1.23182901e-01
3658            	-7.96622043e-03	3.30314165e-04	9.69662349e-03	2.93323900e-02	1.22523040e-01
3659            	-7.96136754e-03	3.58517129e-04	9.50928922e-03	2.91970626e-02	1.21960531e-01
3660            	-7.94976918e-03	3.96957819e-04	9.24800401e-03	2.90974686e-02	1.21554330e-01
3661            	-7.92744913e-03	4.36608060e-04	8.96421220e-03	2.90463045e-02	1.21355262e-01
3662            	-7.89625446e-03	4.75331269e-04	8.67415237e-03	2.90466215e-02	1.21375376e-01
3663            	-7.86759908e-03	5.17882178e-04	8.36440778e-03	2.90965572e-02	1.21607748e-01
3664            	-7.85152330e-03	5.66046359e-04	8.03832746e-03	2.91899888e-02	1.22026203e-01
3665            	-7.85063867e-03	6.12744079e-04	7.74441170e-03	2.93195385e-02	1.22596141e-01
3666            	-7.86380445e-03	6.48906681e-04	7.53822608e-03	2.94735414e-02	1.23264157e-01
3667            	-7.88932752e-03	6.68039060e-04	7.45804719e-03	2.96361595e-02	1.23960500e-01
3668            	-7.92361163e-03	6.67027205e-04	7.51782682e-03	2.97921627e-02	1.24619757e-01
3669            	-7.96033743e-03	6.46980265e-04	7.70086744e-03	2.99268137e-02	1.25180385e-01
3670            	-7.99801615e-03	6.15158310e-04	7.95866117e-03	3.00227663e-02	1.25571792e-01
3671            	-8.03887162e-03	5.81592192e-04	8.23088388e-03	3.00623263e-02	1.25722366e-01
3672            	-8.07539111e-03	5.50048493e-04	8.48278727e-03	3.00347897e-02	1.25588515e-01
3673            	-8.09099337e-03	5.11600668e-04	8.74679946e-03	2.99451113e-02	1.25189191e-01
3674            	-8.07175025e-03	4.55218389e-04	9.07240229e-03	2.98154822e-02	1.24616126e-01
3675            	-8.03051505e-03	3.92509804e-04	9.40532794e-03	2.96647245e-02	1.23953482e-01
3676            	-7.99026031e-03	3.46724644e-04	9.63264108e-03	2.95084019e-02	1.23274932e-01
3677            	-7.96811799e-03	3.35046399e-04	9.67116375e-03	2.93552210e-02	1.22622146e-01
3678            	-7.95916207e-03	3.54555440e-04	9.53234286e-03	2.92173703e-02	1.22045470e-01
3679            	-7.94752251e-03	3.89346271e-04	9.29361823e-03	2.91112117e-02	1.21609470e-01
3680            	-7.92526944e-03	4.26801058e-04	9.02327748e-03	2.90512185e-02	1.21371487e-01
3681            	-7.89388781e-03	4.64440423e-04	8.73931873e-03	2.90429811e-02	1.21354273e-01
3682            	-7.86259554e-03	5.04804602e-04	8.43909645e-03	2.90842048e-02	1.21548429e-01
3683            	-7.84171771e-03	5.50822266e-04	8.11917500e-03	2.91699908e-02	1.21933513e-01
3684            	-7.83649656e-03	5.97567933e-04	7.81825294e-03	2.92935248e-02	1.22478008e-01
3685            	-7.84669370e-03	6.36632256e-04	7.58903254e-03	2.94462701e-02	1.23142175e-01
3686            	-7.86987889e-03	6.60205774e-04	7.47717303e-03	2.96124114e-02	1.23855641e-01
3687            	-7.90262040e-03	6.63484833e-04	7.50756113e-03	2.97764823e-02	1.24551251e-01
3688            	-7.94096138e-03	6.47092548e-04	7.66999538e-03	2.99226284e-02	1.25162344e-01
3689            	-7.98019161e-03	6.16209658e-04	7.92441697e-03	3.00342856e-02	1.25621085e-01
3690            	-8.02255590e-03	5.81373765e-04	8.20727861e-03	3.00936091e-02	1.25855533e-01
3691            	-8.06357049e-03	5.49030786e-04	8.47117548e-03	3.00874753e-02	1.25812678e-01
3692            	-8.09236055e-03	5.16119714e-04	8.71983590e-03	3.00126754e-02	1.25478229e-01
3693            	-8.08693923e-03	4.66618560e-04	9.02250888e-03	2.98886186e-02	1.24930691e-01
3694            	-8.05226377e-03	4.04982030e-04	9.35856929e-03	2.97356724e-02	1.24258657e-01
3695            	-8.01048373e-03	3.52980709e-04	9.62324273e-03	2.95717870e-02	1.23545701e-01
3696            	-7.98366345e-03	3.31702638e-04	9.71583859e-03	2.94066300e-02	1.22838904e-01
3697            	-7.97359822e-03	3.44927671e-04	9.61532061e-03	2.92522628e-02	1.22190076e-01
3698            	-7.96591322e-03	3.79063125e-04	9.38665815e-03	2.91240784e-02	1.21660196e-01
3699            	-7.94850762e-03	4.18891929e-04	9.10841531e-03	2.90376613e-02	1.21310659e-01
3700            	-7.92129195e-03	4.58708072e-04	8.81671813e-03	2.90032560e-02	1.21182905e-01
3701            	-7.88824280e-03	4.98380848e-04	8.51816657e-03	2.90216273e-02	1.21279925e-01
3702            	-7.86084065e-03	5.42267997e-04	8.20194457e-03	2.90895900e-02	1.21589008e-01
3703            	-7.84734876e-03	5.89819997e-04	7.88356410e-03	2.91998117e-02	1.22077912e-01
3704            	-7.84903810e-03	6.32213801e-04	7.62055262e-03	2.93454619e-02	1.22713867e-01
3705            	-7.86425101e-03	6.61186857e-04	7.46262423e-03	2.95120887e-02	1.23431948e-01
3706            	-7.89033571e-03	6.71223337e-04	7.44043943e-03	2.96843438e-02	1.24165124e-01
3707            	-7.92430574e-03	6.61091527e-04	7.55693161e-03	2.98454524e-02	1.24842094e-01
3708            	-7.95980850e-03	6.33315159e-04	7.78641694e-03	2.99793963e-02	1.25396494e-01
3709            	-7.99770820e-03	5.97342214e-04	8.07009777e-03	3.00684655e-02	1.25756771e-01
3710            	-8.03761357e-03	5.62581427e-04	8.34787385e-03	3.00950976e-02	1.25851849e-01
3711            	-8.07199382e-03	5.30915451e-04	8.59708281e-03	3.00517261e-02	1.25650569e-01
3712            	-8.07927209e-03	4.87519925e-04	8.87994393e-03	2.99494667e-02	1.25196502e-01
3713            	-8.05375229e-03	4.27494265e-04	9.21924257e-03	2.98125507e-02	1.24591869e-01
3714            	-8.01286741e-03	3.67265583e-04	9.53702764e-03	2.96581459e-02	1.23915329e-01
3715            	-7.97988741e-03	3.30231982e-04	9.71983862e-03	2.94985496e-02	1.23226414e-01
3716            	-7.96611656e-03	3.29202902e-04	9.70361867e-03	2.93421602e-02	1.22563903e-01
3717            	-7.96108212e-03	3.56423206e-04	9.52219079e-03	2.92055419e-02	1.21995530e-01
3718            	-7.95004940e-03	3.94820577e-04	9.26196958e-03	2.91040912e-02	1.21581360e-01
3719            	-7.92848205e-03	4.34518306e-04	8.97892744e-03	2.90503869e-02	1.21371490e-01
3720            	-7.89795684e-03	4.73434062e-04	8.68860639e-03	2.90471521e-02	1.21376555e-01
3721            	-7.86936655e-03	5.15805695e-04	8.38005403e-03	2.90932921e-02	1.21592757e-01
3722            	-7.85293312e-03	5.63720523e-04	8.05498770e-03	2.91835832e-02	1.21997842e-01
3723            	-7.85164584e-03	6.10344970e-04	7.76089625e-03	2.93110886e-02	1.22559172e-01
3724            	-7.86452711e-03	6.47120011e-04	7.55037333e-03	2.94637754e-02	1.23221925e-01
3725            	-7.88965992e-03	6.67363552e-04	7.46258774e-03	2.96264447e-02	1.23918991e-01
3726            	-7.92355438e-03	6.67428321e-04	7.51502486e-03	2.97835174e-02	1.24583286e-01
3727            	-7.96083810e-03	6.48285731e-04	7.69321902e-03	2.99193521e-02	1.25149294e-01
3728            	-7.99877542e-03	6.17008855e-04	7.94804133e-03	3.00173754e-02	1.25549720e-01
3729            	-8.03972906e-03	5.83435069e-04	8.22056771e-03	3.00597103e-02	1.25712112e-01
3730            	-8.07662818e-03	5.51945008e-04	8.47277147e-03	3.00358188e-02	1.25593800e-01
3731            	-8.09439496e-03	5.14743946e-04	8.73214208e-03	2.99488426e-02	1.25206301e-01
3732            	-8.07715557e-03	4.59454100e-04	9.05382857e-03	2.98204141e-02	1.24638608e-01
3733            	-8.03674209e-03	3.96510280e-04	9.38947598e-03	2.96696816e-02	1.23975867e-01
3734            	-7.99588061e-03	3.48921825e-04	9.62729619e-03	2.95132855e-02	1.23296297e-01
3735            	-7.97263685e-03	3.35019055e-04	9.67822816e-03	2.93596626e-02	1.22640815e-01
3736            	-7.96305803e-03	3.53062143e-04	9.54772780e-03	2.92210553e-02	1.22060368e-01
3737            	-7.95144093e-03	3.87240944e-04	9.31285318e-03	2.91129208e-02	1.21615714e-01
3738            	-7.92920619e-03	4.24600466e-04	9.04306784e-03	2.90499150e-02	1.21364884e-01
3739            	-7.89791657e-03	4.62158385e-04	8.75969476e-03	2.90385393e-02	1.21334276e-01
3740            	-7.86587960e-03	5.02215302e-04	8.46026277e-03	2.90770223e-02	1.21516691e-01
3741            	-7.84368752e-03	5.47918752e-04	8.14033562e-03	2.91608221e-02	1.21893267e-01
3742            	-7.83700968e-03	5.94788110e-04	7.83643475e-03	2.92829458e-02	1.22431926e-01
3743            	-7.84591295e-03	6.34262048e-04	7.60267711e-03	2.94350325e-02	1.23093543e-01
3744            	-7.86816717e-03	6.58852430e-04	7.48298738e-03	2.96013756e-02	1.23808290e-01
3745            	-7.89982541e-03	6.63449773e-04	7.50347072e-03	2.97674292e-02	1.24512888e-01
3746            	-7.93769306e-03	6.48319761e-04	7.65727931e-03	2.99161494e-02	1.25135415e-01
3747            	-7.97690203e-03	6.18154023e-04	7.90720652e-03	3.00308161e-02	1.25607197e-01
3748            	-8.01913399e-03	5.83239447e-04	8.19045906e-03	3.00938204e-02	1.25857273e-01
3749            	-8.06062814e-03	5.50910663e-04	8.45504821e-03	3.00916541e-02	1.25831273e-01
3750            	-8.09149931e-03	5.18951022e-04	8.70080177e-03	3.00203111e-02	1.25511794e-01
3751            	-8.08878886e-03	4.70679472e-04	8.99970764e-03	2.98983853e-02	1.24973623e-01
3752            	-8.05578772e-03	4.08998885e-04	9.33850720e-03	2.97465679e-02	1.24306243e-01
3753            	-8.01409379e-03	3.55260028e-04	9.61427751e-03	2.95828823e-02	1.23593438e-01
3754            	-7.98629483e-03	3.31412499e-04	9.72166487e-03	2.94177989e-02	1.22886052e-01
3755            	-7.97606115e-03	3.42651385e-04	9.63341408e-03	2.92619852e-02	1.22230323e-01
3756            	-7.96910642e-03	3.76169805e-04	9.40969174e-03	2.91317722e-02	1.21691542e-01
3757            	-7.95275572e-03	4.16126966e-04	9.13215744e-03	2.90421637e-02	1.21328442e-01
3758            	-7.92640419e-03	4.56327751e-04	8.83927014e-03	2.90038622e-02	1.21184228e-01
3759            	-7.89340781e-03	4.96001286e-04	8.54078100e-03	2.90183111e-02	1.21264579e-01
3760            	-7.86558653e-03	5.39599610e-04	8.22575382e-03	2.90825532e-02	1.21557788e-01
3761            	-7.85133807e-03	5.87279507e-04	7.90543937e-03	2.91895995e-02	1.22033359e-01
3762            	-7.85228365e-03	6.30292406e-04	7.63740573e-03	2.93325898e-02	1.22658378e-01
3763            	-7.86673644e-03	6.60182732e-04	7.47255050e-03	2.94979838e-02	1.23371691e-01
3764            	-7.89220119e-03	6.71367516e-04	7.44219737e-03	2.96703535e-02	1.24105848e-01
3765            	-7.92555014e-03	6.62319127e-04	7.55095942e-03	2.98329311e-02	1.24789499e-01
3766            	-7.96071308e-03	6.35474274e-04	7.77409319e-03	2.99690501e-02	1.25353509e-01
3767            	-7.99789647e-03	5.99905459e-04	8.05422497e-03	3.00612795e-02	1.25727425e-01
3768            	-8.03744262e-03	5.64978253e-04	8.33257450e-03	3.00921387e-02	1.25840464e-01
3769            	-8.07175141e-03	5.33271260e-04	8.58197275e-03	3.00532212e-02	1.25658116e-01
3770            	-8.08032110e-03	4.90820160e-04	8.86078568e-03	2.99544289e-02	1.25218999e-01
3771            	-8.05623795e-03	4.31562220e-04	9.19734955e-03	2.98190237e-02	1.24620851e-01
3772            	-8.01523050e-03	3.70637589e-04	9.51934078e-03	2.96661266e-02	1.23950346e-01
3773            	-7.98092649e-03	3.31490227e-04	9.71353929e-03	2.95077863e-02	1.23265970e-01
3774            	-7.96596025e-03	3.27971861e-04	9.71127456e-03	2.93523276e-02	1.22606499e-01
3775            	-7.96080002e-03	3.53678253e-04	9.53919113e-03	2.92147515e-02	1.22033424e-01
3776            	-7.95023789e-03	3.91942099e-04	9.28045970e-03	2.91114272e-02	1.21611135e-01
3777            	-7.92915242e-03	4.31855562e-04	8.99670592e-03	2.90549386e-02	1.21389451e-01
3778            	-7.89916268e-03	4.71106647e-04	8.70500617e-03	2.90487403e-02	1.21382035e-01
3779            	-7.87055863e-03	5.13562080e-04	8.39588223e-03	2.90913073e-02	1.21583104e-01
3780            	-7.85377238e-03	5.61385481e-04	8.07086113e-03	2.91784039e-02	1.21974642e-01
3781            	-7.85214452e-03	6.08110745e-04	7.77560123e-03	2.93033736e-02	1.22525330e-01
3782            	-7.86476979e-03	6.45389187e-04	7.56147338e-03	2.94547667e-02	1.23182921e-01
3783            	-7.88980048e-03	6.66518943e-04	7.46791398e-03	2.96168051e-02	1.23877745e-01
3784            	-7.92331434e-03	6.67602014e-04	7.51337794e-03	2.97748600e-02	1.24546692e-01
3785            	-7.96075301e-03	6.49496727e-04	7.68529623e-03	2.99124372e-02	1.25120519e-01
3786            	-7.99885453e-03	6.18804922e-04	7.93675544e-03	3.00128558e-02	1.25531345e-01
3787            	-8.04018679e-03	5.85530017e-04	8.20804575e-03	3.00583970e-02	1.25707481e-01
3788            	-8.07772062e-03	5.54199692e-04	8.46025410e-03	3.00378486e-02	1.25603462e-01
3789            	-8.09775296e-03	5.18150306e-04	8.71574032e-03	2.99532299e-02	1.25226285e-01
3790            	-8.08254358e-03	4.63988111e-04	9.03333774e-03	2.98257912e-02	1.24663069e-01
3791            	-8.04296432e-03	4.00886799e-04	9.37124254e-03	2.96750195e-02	1.23999975e-01
3792            	-8.00153138e-03	3.51507289e-04	9.61955189e-03	2.95185098e-02	1.23319244e-01
3793            	-7.97722614e-03	3.35318292e-04	9.68335795e-03	2.93643976e-02	1.22660860e-01
3794            	-7.96705600e-03	3.51701965e-04	9.56242635e-03	2.92246132e-02	1.22074794e-01
3795            	-7.95553143e-03	3.85230381e-04	9.33174051e-03	2.91147478e-02	1.21622493e-01
3796            	-7.93339094e-03	4.22416438e-04	9.06313695e-03	2.90488328e-02	1.21359201e-01
3797            	-7.90214164e-03	4.59954106e-04	8.77989025e-03	2.90340923e-02	1.21314248e-01
3798            	-7.86948256e-03	4.99650356e-04	8.48176178e-03	2.90695718e-02	1.21483791e-01
3799            	-7.84597734e-03	5.44925485e-04	8.16254121e-03	2.91512796e-02	1.21851394e-01
3800            	-7.83783115e-03	5.91881703e-04	7.85587117e-03	2.92717770e-02	1.22383273e-01
3801            	-7.84531932e-03	6.31964325e-04	7.61614115e-03	2.94229675e-02	1.23041420e-01
3802            	-7.86635069e-03	6.57420446e-04	7.48915339e-03	2.95897268e-02	1.23758368e-01
3803            	-7.89719893e-03	6.63036309e-04	7.50201505e-03	2.97574055e-02	1.24470292e-01
3804            	-7.93470327e-03	6.49015811e-04	7.64830956e-03	2.99087170e-02	1.25104235e-01
3805            	-7.97375197e-03	6.19618481e-04	7.89320689e-03	3.00266192e-02	1.25590028e-01
3806            	-8.01560014e-03	5.84928951e-04	8.17455572e-03	3.00936582e-02	1.25857353e-01
3807            	-8.05737368e-03	5.52641945e-04	8.43937568e-03	3.00957657e-02	1.25849537e-01
3808            	-8.08993129e-03	5.21446729e-04	8.68284204e-03	3.00278746e-02	1.25544898e-01
3809            	-8.08973774e-03	4.74376361e-04	8.97789122e-03	2.99082383e-02	1.25016769e-01
3810            	-8.05870626e-03	4.12989076e-04	9.31773732e-03	2.97575583e-02	1.24354191e-01
3811            	-8.01743583e-03	3.57832024e-04	9.60308309e-03	2.95940761e-02	1.23641658e-01
3812            	-7.98876912e-03	3.31435653e-04	9.72528423e-03	2.94288053e-02	1.22932577e-01
3813            	-7.97810755e-03	3.40506313e-04	9.65008980e-03	2.92721730e-02	1.22272600e-01
3814            	-7.97172742e-03	3.73167717e-04	9.43259011e-03	2.91398801e-02	1.21724617e-01
3815            	-7.95646049e-03	4.13228387e-04	9.15594307e-03	2.90472498e-02	1.21348640e-01
3816            	-7.93099765e-03	4.53668837e-04	8.86280692e-03	2.90052194e-02	1.21188621e-01
3817            	-7.89818249e-03	4.93361278e-04	8.56444626e-03	2.90158190e-02	1.21252637e-01
3818            	-7.86989226e-03	5.36718300e-04	8.25024014e-03	2.90763901e-02	1.21530217e-01
3819            	-7.85492373e-03	5.84461525e-04	7.92845838e-03	2.91801264e-02	1.21991845e-01
3820            	-7.85521196e-03	6.28080647e-04	7.65561672e-03	2.93201819e-02	1.22604739e-01
3821            	-7.86903815e-03	6.58937864e-04	7.48372118e-03	2.94840171e-02	1.23311901e-01
3822            	-7.89397145e-03	6.71302836e-04	7.44513227e-03	2.96561364e-02	1.24045536e-01
3823            	-7.92683108e-03	6.63306037e-04	7.54655178e-03	2.98199179e-02	1.24734759e-01
3824            	-7.96136087e-03	6.37240872e-04	7.76388441e-03	2.99584795e-02	1.25309458e-01
3825            	-7.99807613e-03	6.01957347e-04	8.04157751e-03	3.00539398e-02	1.25697225e-01
3826            	-8.03755795e-03	5.66954159e-04	8.32036380e-03	3.00888096e-02	1.25827283e-01
3827            	-8.07190335e-03	5.35050712e-04	8.57109583e-03	3.00545078e-02	1.25664514e-01
3828            	-8.08185800e-03	4.93688349e-04	8.84509807e-03	2.99593496e-02	1.25241139e-01
3829            	-8.05916956e-03	4.35384924e-04	9.17769356e-03	2.98258573e-02	1.24651272e-01
3830            	-8.01850518e-03	3.74101985e-04	9.50243791e-03	2.96733388e-02	1.23982035e-01
3831            	-7.98252393e-03	3.32914704e-04	9.70703310e-03	2.95164029e-02	1.23302872e-01
3832            	-7.96592058e-03	3.27086091e-04	9.71691246e-03	2.93618744e-02	1.22646542e-01
3833            	-7.96037129e-03	3.51254406e-04	9.55393363e-03	2.92241374e-02	1.22072186e-01
3834            	-7.95021737e-03	3.88938522e-04	9.29942144e-03	2.91187525e-02	1.21640848e-01
3835            	-7.92959881e-03	4.28851816e-04	9.01630236e-03	2.90594848e-02	1.21407281e-01
3836            	-7.89999308e-03	4.68517907e-04	8.72249776e-03	2.90507416e-02	1.21389155e-01
3837            	-7.87122399e-03	5.10983009e-04	8.41302963e-03	2.90908514e-02	1.21579813e-01
3838            	-7.85368259e-03	5.58682724e-04	8.08766052e-03	2.91746663e-02	1.21957431e-01
3839            	-7.85134514e-03	6.05552056e-04	7.79042716e-03	2.92966018e-02	1.22495386e-01
3840            	-7.86367243e-03	6.43575280e-04	7.57111664e-03	2.94463910e-02	1.23146574e-01
3841            	-7.88844495e-03	6.65761979e-04	7.47048626e-03	2.96083053e-02	1.23841394e-01
3842            	-7.92212238e-03	6.67930543e-04	7.50932603e-03	2.97666806e-02	1.24512172e-01
3843            	-7.95975592e-03	6.50863046e-04	7.67500899e-03	2.99059238e-02	1.25093515e-01
3844            	-7.99781116e-03	6.20592740e-04	7.92381571e-03	3.00092149e-02	1.25516750e-01
3845            	-8.03929587e-03	5.87281964e-04	8.19565569e-03	3.00582756e-02	1.25707869e-01
3846            	-8.07767518e-03	5.56069659e-04	8.44845031e-03	3.00414835e-02	1.25619889e-01
3847            	-8.10019319e-03	5.21384233e-04	8.69904524e-03	2.99591023e-02	1.25252574e-01
3848            	-8.08735104e-03	4.68542623e-04	9.01182668e-03	2.98328921e-02	1.24694887e-01
3849            	-8.04871399e-03	4.05357533e-04	9.35167618e-03	2.96824440e-02	1.24033035e-01
3850            	-8.00683019e-03	3.54392442e-04	9.60936107e-03	2.95254836e-02	1.23349765e-01
3851            	-7.98150419e-03	3.35778929e-04	9.68698899e-03	2.93704188e-02	1.22686477e-01
3852            	-7.97088911e-03	3.50280835e-04	9.57727179e-03	2.92289980e-02	1.22092772e-01
3853            	-7.95972315e-03	3.83005500e-04	9.35214722e-03	2.91168962e-02	1.21630590e-01
3854            	-7.93801246e-03	4.19997615e-04	9.08532907e-03	2.90481908e-02	1.21355299e-01
3855            	-7.90702773e-03	4.57559318e-04	8.80225261e-03	2.90303028e-02	1.21296913e-01
3856            	-7.87341147e-03	4.97111672e-04	8.50358199e-03	2.90625010e-02	1.21452474e-01
3857            	-7.84842897e-03	5.42000555e-04	8.18456473e-03	2.91417742e-02	1.21809706e-01
3858            	-7.83891561e-03	5.89152641e-04	7.87459368e-03	2.92599939e-02	1.22332055e-01
3859            	-7.84490777e-03	6.29786586e-04	7.62913162e-03	2.94104343e-02	1.22987371e-01
3860            	-7.86458909e-03	6.56153087e-04	7.49437290e-03	2.95775136e-02	1.23706144e-01
3861            	-7.89467461e-03	6.62909126e-04	7.49890028e-03	2.97463243e-02	1.24423340e-01
3862            	-7.93152576e-03	6.49969248e-04	7.63743185e-03	2.99001932e-02	1.25068585e-01
3863            	-7.97015101e-03	6.21255607e-04	7.87743527e-03	3.00217813e-02	1.25570284e-01
3864            	-8.01153436e-03	5.86716504e-04	8.15722315e-03	3.00933648e-02	1.25856975e-01
3865            	-8.05344659e-03	5.54392332e-04	8.42256016e-03	3.00999624e-02	1.25868225e-01
3866            	-8.08725637e-03	5.23781247e-04	8.66423841e-03	3.00362004e-02	1.25581296e-01
3867            	-8.08945281e-03	4.78147714e-04	8.95376225e-03	2.99190046e-02	1.25063925e-01
3868            	-8.06030415e-03	4.17427204e-04	9.29218157e-03	2.97696185e-02	1.24406936e-01
3869            	-8.01956684e-03	3.61093469e-04	9.58574227e-03	2.96065138e-02	1.23695476e-01
3870            	-7.99020779e-03	3.32265813e-04	9.72226014e-03	2.94407584e-02	1.22983463e-01
3871            	-7.97892008e-03	3.39050423e-04	9.66056170e-03	2.92833206e-02	1.22319289e-01
3872            	-7.97308340e-03	3.70534623e-04	9.45126800e-03	2.91490819e-02	1.21762584e-01
3873            	-7.95903830e-03	4.10346471e-04	9.17794582e-03	2.90533147e-02	1.21373107e-01
3874            	-7.93472285e-03	4.50808928e-04	8.88631234e-03	2.90076994e-02	1.21197785e-01
3875            	-7.90230216e-03	4.90585960e-04	8.58798709e-03	2.90139106e-02	1.21243143e-01
3876            	-7.87371124e-03	5.33915097e-04	8.27350287e-03	2.90705070e-02	1.21503873e-01
3877            	-7.85804273e-03	5.81742313e-04	7.95014572e-03	2.91709783e-02	1.21951769e-01
3878            	-7.85756932e-03	6.25926636e-04	7.67260190e-03	2.93081845e-02	1.22552890e-01
3879            	-7.87083638e-03	6.57837014e-04	7.49322939e-03	2.94701159e-02	1.23252475e-01
3880            	-7.89545243e-03	6.71551062e-04	7.44565969e-03	2.96415816e-02	1.23983911e-01
3881            	-7.92808854e-03	6.64824274e-04	7.53875405e-03	2.98060929e-02	1.24676764e-01
3882            	-7.96249411e-03	6.39495781e-04	7.75130332e-03	2.99469397e-02	1.25261469e-01
3883            	-7.99850149e-03	6.04043086e-04	8.02909070e-03	3.00459111e-02	1.25664125e-01
3884            	-8.03785008e-03	5.68781632e-04	8.30936690e-03	3.00851969e-02	1.25812842e-01
3885            	-8.07238219e-03	5.36927162e-04	8.56010208e-03	3.00554623e-02	1.25669492e-01
3886            	-8.08389262e-03	4.96908709e-04	8.82792849e-03	2.99638140e-02	1.25261419e-01
3887            	-8.06211447e-03	4.39361695e-04	9.15710354e-03	2.98330802e-02	1.24683464e-01
3888            	-8.02147959e-03	3.77442552e-04	9.48591981e-03	2.96817290e-02	1.24018812e-01
3889            	-7.98471242e-03	3.34366457e-04	9.70127214e-03	2.95246718e-02	1.23338307e-01
3890            	-7.96687345e-03	3.26266616e-04	9.72363510e-03	2.93702433e-02	1.22681564e-01
3891            	-7.96050590e-03	3.48825232e-04	9.56955490e-03	2.92322689e-02	1.22105615e-01
3892            	-7.95012700e-03	3.85743663e-04	9.31948481e-03	2.91260661e-02	1.21670472e-01
3893            	-7.92955833e-03	4.25354829e-04	9.03828057e-03	2.90647515e-02	1.21428024e-01
3894            	-7.90021939e-03	4.65208761e-04	8.74363137e-03	2.90530501e-02	1.21397339e-01
3895            	-7.87135762e-03	5.07807407e-04	8.43315130e-03	2.90897904e-02	1.21573712e-01
3896            	-7.85306556e-03	5.55592394e-04	8.10611189e-03	2.91711918e-02	1.21941192e-01
3897            	-7.84987720e-03	6.02967563e-04	7.80440876e-03	2.92907254e-02	1.22469206e-01
3898            	-7.86170578e-03	6.41820054e-04	7.57909503e-03	2.94389654e-02	1.23114252e-01
3899            	-7.88615529e-03	6.65063067e-04	7.47129798e-03	2.96003340e-02	1.23807282e-01
3900            	-7.91955894e-03	6.68290568e-04	7.50306770e-03	2.97595341e-02	1.24482080e-01
3901            	-7.95776502e-03	6.52010930e-04	7.66464922e-03	2.99003567e-02	1.25070486e-01
3902            	-7.99616695e-03	6.22160697e-04	7.91136895e-03	3.00063315e-02	1.25505299e-01
3903            	-8.03772668e-03	5.88932488e-04	8.18287691e-03	3.00592571e-02	1.25712903e-01
3904            	-8.07687024e-03	5.58004102e-04	8.43508530e-03	3.00464132e-02	1.25641821e-01
3905            	-8.10163775e-03	5.24721432e-04	8.68020320e-03	2.99667382e-02	1.25286431e-01
3906            	-8.09136037e-03	4.73202801e-04	8.98845175e-03	2.98418541e-02	1.24734703e-01
3907            	-8.05391062e-03	4.10035111e-04	9.32996966e-03	2.96916422e-02	1.24073724e-01
3908            	-8.01177201e-03	3.57628256e-04	9.59641850e-03	2.95339512e-02	1.23386762e-01
3909            	-7.98537920e-03	3.36623345e-04	9.68759772e-03	2.93779093e-02	1.22718475e-01
3910            	-7.97427814e-03	3.49185847e-04	9.58939889e-03	2.92347377e-02	1.22116627e-01
3911            	-7.96355730e-03	3.80995861e-04	9.37065751e-03	2.91200292e-02	1.21642964e-01
3912            	-7.94235637e-03	4.17641069e-04	9.10669922e-03	2.90482655e-02	1.21354479e-01
3913            	-7.91179709e-03	4.55125387e-04	8.82465208e-03	2.90273980e-02	1.21283370e-01
3914            	-7.87737806e-03	4.94406499e-04	8.52647827e-03	2.90564117e-02	1.21425306e-01
3915            	-7.85079248e-03	5.38999543e-04	8.20693918e-03	2.91325984e-02	1.21769368e-01
3916            	-7.83965409e-03	5.86311181e-04	7.89351754e-03	2.92489321e-02	1.22283906e-01
3917            	-7.84426287e-03	6.27607884e-04	7.64178251e-03	2.93981600e-02	1.22934455e-01
3918            	-7.86263104e-03	6.54837282e-04	7.49959928e-03	2.95654490e-02	1.23654563e-01
3919            	-7.89170470e-03	6.62860771e-04	7.49462812e-03	2.97354364e-02	1.24377286e-01
3920            	-7.92801665e-03	6.51043901e-04	7.62529687e-03	2.98915187e-02	1.25032367e-01
3921            	-7.96620411e-03	6.22852249e-04	7.86140022e-03	3.00167100e-02	1.25549570e-01
3922            	-8.00709827e-03	5.88209440e-04	8.14117918e-03	3.00931569e-02	1.25856889e-01
3923            	-8.04897117e-03	5.55552886e-04	8.40863223e-03	3.01045798e-02	1.25888511e-01
3924            	-8.08367764e-03	5.25535145e-04	8.64794603e-03	3.00453837e-02	1.25621163e-01
3925            	-8.08836640e-03	4.81787515e-04	8.92926121e-03	2.99303689e-02	1.25113557e-01
3926            	-8.06096988e-03	4.21983622e-04	9.26448365e-03	2.97828367e-02	1.24464631e-01
3927            	-8.02066548e-03	3.64627328e-04	9.56514279e-03	2.96200496e-02	1.23754050e-01
3928            	-7.99030004e-03	3.33239373e-04	9.71635724e-03	2.94543047e-02	1.23041216e-01
3929            	-7.97856593e-03	3.37409391e-04	9.67050046e-03	2.92951952e-02	1.22369036e-01
3930            	-7.97341197e-03	3.67648868e-04	9.47004543e-03	2.91588132e-02	1.21802737e-01
3931            	-7.96068758e-03	4.07359664e-04	9.19925096e-03	2.90599129e-02	1.21399825e-01
3932            	-7.93748843e-03	4.48060703e-04	8.90769791e-03	2.90105454e-02	1.21208559e-01
3933            	-7.90580601e-03	4.88003510e-04	8.60936743e-03	2.90131487e-02	1.21238625e-01
3934            	-7.87686616e-03	5.31271731e-04	8.29474645e-03	2.90655507e-02	1.21481555e-01
3935            	-7.86036394e-03	5.79108081e-04	7.97010917e-03	2.91624368e-02	1.21914334e-01
3936            	-7.85902377e-03	6.23819794e-04	7.68795747e-03	2.92968766e-02	1.22504037e-01
3937            	-7.87177087e-03	6.56861147e-04	7.50067445e-03	2.94569596e-02	1.23196317e-01
3938            	-7.89619175e-03	6.72146729e-04	7.44289871e-03	2.96276218e-02	1.23924994e-01
3939            	-7.92865812e-03	6.66602346e-04	7.52830732e-03	2.97926713e-02	1.24620646e-01
3940            	-7.96303425e-03	6.42097599e-04	7.73566119e-03	2.99353560e-02	1.25213490e-01
3941            	-7.99867217e-03	6.06696457e-04	8.01264441e-03	3.00377034e-02	1.25630540e-01
3942            	-8.03769302e-03	5.71026535e-04	8.29508360e-03	3.00814396e-02	1.25798003e-01
3943            	-8.07241931e-03	5.38923244e-04	8.54770353e-03	3.00565223e-02	1.25675030e-01
3944            	-8.08566173e-03	5.00114523e-04	8.81046339e-03	2.99686097e-02	1.25283144e-01
3945            	-8.06519441e-03	4.43559389e-04	9.13532116e-03	2.98400565e-02	1.24714680e-01
3946            	-8.02466876e-03	3.81198175e-04	9.46709419e-03	2.96895328e-02	1.24053246e-01
3947            	-7.98673121e-03	3.36145722e-04	9.69319231e-03	2.95329895e-02	1.23374133e-01
3948            	-7.96741502e-03	3.25732923e-04	9.72794768e-03	2.93788304e-02	1.22717697e-01
3949            	-7.96041576e-03	3.46615803e-04	9.58346396e-03	2.92401930e-02	1.22138297e-01
3950            	-7.95015342e-03	3.82760648e-04	9.33838546e-03	2.91325897e-02	1.21696843e-01
3951            	-7.92963765e-03	4.21835171e-04	9.06056769e-03	2.90691775e-02	1.21445220e-01
3952            	-7.90022582e-03	4.61354395e-04	8.76786442e-03	2.90547877e-02	1.21402943e-01
3953            	-7.87093524e-03	5.03980047e-04	8.45654260e-03	2.90886582e-02	1.21567128e-01
3954            	-7.85182564e-03	5.52128745e-04	8.12597055e-03	2.91676367e-02	1.21924512e-01
3955            	-7.84778021e-03	6.00116850e-04	7.81911072e-03	2.92852264e-02	1.22444608e-01
3956            	-7.85916020e-03	6.39900902e-04	7.58723520e-03	2.94316979e-02	1.23082575e-01
3957            	-7.88337693e-03	6.64402775e-04	7.47113436e-03	2.95918636e-02	1.23771047e-01
3958            	-7.91637739e-03	6.68693532e-04	7.49561854e-03	2.97519151e-02	1.24449980e-01
3959            	-7.95451067e-03	6.53244029e-04	7.65190008e-03	2.98949519e-02	1.25048192e-01
3960            	-7.99349636e-03	6.23635692e-04	7.89801485e-03	3.00037263e-02	1.25495026e-01
3961            	-8.03546395e-03	5.90231472e-04	8.17131593e-03	3.00603862e-02	1.25718454e-01
3962            	-8.07546614e-03	5.59365207e-04	8.42446594e-03	3.00517209e-02	1.25665133e-01
3963            	-8.10237008e-03	5.27256677e-04	8.66537221e-03	2.99752013e-02	1.25323468e-01
3964            	-8.09478742e-03	4.77267510e-04	8.96797351e-03	2.98517303e-02	1.24778122e-01
3965            	-8.05867477e-03	4.14322763e-04	9.31008499e-03	2.97018939e-02	1.24118691e-01
3966            	-8.01631025e-03	3.60497881e-04	9.58518564e-03	2.95436713e-02	1.23428912e-01
3967            	-7.98882609e-03	3.37103472e-04	9.68986982e-03	2.93866947e-02	1.22755814e-01
3968            	-7.97726271e-03	3.47734491e-04	9.60318657e-03	2.92417015e-02	1.22145533e-01
3969            	-7.96701381e-03	3.78677042e-04	9.39057946e-03	2.91242770e-02	1.21659955e-01
3970            	-7.94659923e-03	4.15128749e-04	9.12892977e-03	2.90489564e-02	1.21356215e-01
3971            	-7.91666899e-03	4.52499522e-04	8.84844093e-03	2.90246824e-02	1.21270523e-01
3972            	-7.88168437e-03	4.91285910e-04	8.55248243e-03	2.90510623e-02	1.21401119e-01
3973            	-7.85354463e-03	5.35405329e-04	8.23361283e-03	2.91244404e-02	1.21733133e-01
3974            	-7.84070882e-03	5.82986983e-04	7.91596218e-03	2.92382543e-02	1.22237171e-01
3975            	-7.84396087e-03	6.25034105e-04	7.65745409e-03	2.93858061e-02	1.22881002e-01
3976            	-7.86115366e-03	6.53271417e-04	7.50713103e-03	2.95528813e-02	1.23600698e-01
3977            	-7.88920215e-03	6.62383879e-04	7.49376362e-03	2.97242177e-02	1.24329647e-01
3978            	-7.92483796e-03	6.51608388e-04	7.61688465e-03	2.98827084e-02	1.24995365e-01
3979            	-7.96243603e-03	6.24061239e-04	7.84809551e-03	3.00112726e-02	1.25527142e-01
3980            	-8.00272207e-03	5.89423363e-04	8.12700152e-03	3.00922721e-02	1.25853816e-01
3981            	-8.04458870e-03	5.56480597e-04	8.39631017e-03	3.01090720e-02	1.25908142e-01
3982            	-8.07993385e-03	5.26660343e-04	8.63537332e-03	3.00548280e-02	1.25661865e-01
3983            	-8.08682284e-03	4.84572940e-04	8.90948251e-03	2.99426291e-02	1.25166670e-01
3984            	-8.06144342e-03	4.26034064e-04	9.23969850e-03	2.97961449e-02	1.24522455e-01
3985            	-8.02111970e-03	3.67890887e-04	9.54529825e-03	2.96343912e-02	1.23815922e-01
3986            	-7.98942609e-03	3.34050711e-04	9.71004658e-03	2.94689787e-02	1.23103674e-01
3987            	-7.97689434e-03	3.35961328e-04	9.67728528e-03	2.93088649e-02	1.22426461e-01
3988            	-7.97240400e-03	3.64935665e-04	9.48576220e-03	2.91697516e-02	1.21848072e-01
3989            	-7.96115825e-03	4.04551933e-04	9.21769072e-03	2.90675406e-02	1.21430990e-01
3990            	-7.93915124e-03	4.45380197e-04	8.92702227e-03	2.90147207e-02	1.21225046e-01
3991            	-7.90808920e-03	4.85246873e-04	8.63004830e-03	2.90132517e-02	1.21237741e-01
3992            	-7.87901032e-03	5.28236230e-04	8.31695187e-03	2.90619279e-02	1.21464777e-01
3993            	-7.86189675e-03	5.76055674e-04	7.99151473e-03	2.91553154e-02	1.21882762e-01
3994            	-7.85992290e-03	6.21396890e-04	7.70445589e-03	2.92866668e-02	1.22459680e-01
3995            	-7.87229570e-03	6.55550072e-04	7.50959171e-03	2.94443493e-02	1.23142311e-01
3996            	-7.89627731e-03	6.72230245e-04	7.44237024e-03	2.96145375e-02	1.23869629e-01
3997            	-7.92838031e-03	6.68117483e-04	7.51823743e-03	2.97802724e-02	1.24568824e-01
3998            	-7.96297183e-03	6.44629252e-04	7.71955167e-03	2.99247818e-02	1.25169816e-01
3999            	-7.99857247e-03	6.09574153e-04	7.99436985e-03	3.00301276e-02	1.25599741e-01
4000            	-8.03756234e-03	5.73503097e-04	8.27937371e-03	3.00781760e-02	1.25785362e-01
