# y+ ()         
# Time          	patch           	min             	max             	average         
250             	rocket_body	8.79159116e-01	9.07231469e+01	1.57274688e+01
250             	rocket_fins	8.36997330e-01	6.81216147e+01	1.08922471e+01
250             	rocket_tab	1.87960232e+00	9.63894822e+01	1.49697787e+01
250             	rocket_slot	2.48603889e+00	7.11465182e+01	3.87068917e+01
500             	rocket_body	1.40291716e+00	1.30634768e+02	2.46451472e+01
500             	rocket_fins	1.28366676e+00	1.27712887e+02	1.40148085e+01
500             	rocket_tab	4.87883738e+00	1.34756574e+02	2.02067952e+01
500             	rocket_slot	3.16445258e+00	1.02009587e+02	5.30962075e+01
750             	rocket_body	1.68126770e+00	1.48316642e+02	2.69264284e+01
750             	rocket_fins	2.34088800e+00	1.00368114e+02	1.45208774e+01
750             	rocket_tab	5.67319484e+00	1.35349866e+02	2.05079368e+01
750             	rocket_slot	3.11214795e+00	1.02177846e+02	5.40776030e+01
1000            	rocket_body	1.71173646e+00	1.48443335e+02	2.70809261e+01
1000            	rocket_fins	2.33791606e+00	9.76249361e+01	1.46220449e+01
1000            	rocket_tab	5.71728451e+00	1.35195097e+02	2.05314363e+01
1000            	rocket_slot	3.10703966e+00	1.01837932e+02	5.41891294e+01
1250            	rocket_body	1.78577157e+00	1.55049522e+02	2.70694646e+01
1250            	rocket_fins	1.84136851e+00	9.76090161e+01	1.46305221e+01
1250            	rocket_tab	5.72114126e+00	1.35238025e+02	2.05343667e+01
1250            	rocket_slot	3.10730295e+00	1.01765280e+02	5.41983104e+01
1500            	rocket_body	1.17908051e+00	1.56050465e+02	2.70709330e+01
1500            	rocket_fins	1.63224667e+00	9.76083865e+01	1.46315542e+01
1500            	rocket_tab	5.71940574e+00	1.35215188e+02	2.05342898e+01
1500            	rocket_slot	3.10567280e+00	1.01773567e+02	5.41987305e+01
1750            	rocket_body	1.39577277e+00	1.59971237e+02	2.70718472e+01
1750            	rocket_fins	1.53401562e+00	9.76084196e+01	1.46321477e+01
1750            	rocket_tab	5.72091678e+00	1.35210133e+02	2.05346911e+01
1750            	rocket_slot	3.10753782e+00	1.01767365e+02	5.41996932e+01
2000            	rocket_body	1.54836705e+00	1.59477584e+02	2.70732373e+01
2000            	rocket_fins	1.39331634e+00	9.76083062e+01	1.46323878e+01
2000            	rocket_tab	5.72147137e+00	1.35245288e+02	2.05354587e+01
2000            	rocket_slot	3.10713564e+00	1.01778791e+02	5.42004344e+01
2250            	rocket_body	1.33042027e+00	1.59657197e+02	2.70732044e+01
2250            	rocket_fins	1.49520937e+00	9.76081299e+01	1.46321336e+01
2250            	rocket_tab	5.72005362e+00	1.35213700e+02	2.05355293e+01
2250            	rocket_slot	3.10571257e+00	1.01794848e+02	5.42008700e+01
2500            	rocket_body	1.77740989e+00	1.59033416e+02	2.70708550e+01
2500            	rocket_fins	1.37683808e+00	9.76082867e+01	1.46323137e+01
2500            	rocket_tab	5.72113227e+00	1.35209966e+02	2.05356540e+01
2500            	rocket_slot	3.10748912e+00	1.01792922e+02	5.42008614e+01
2750            	rocket_body	1.69740297e+00	1.57966394e+02	2.70719412e+01
2750            	rocket_fins	1.55525545e+00	9.76083574e+01	1.46322843e+01
2750            	rocket_tab	5.72142278e+00	1.35242813e+02	2.05359162e+01
2750            	rocket_slot	3.10689279e+00	1.01804036e+02	5.42006238e+01
3000            	rocket_body	1.78422541e+00	1.58880021e+02	2.70737587e+01
3000            	rocket_fins	1.41323526e+00	9.76082658e+01	1.46319354e+01
3000            	rocket_tab	5.72007737e+00	1.35208077e+02	2.05356685e+01
3000            	rocket_slot	3.10556653e+00	1.01811285e+02	5.42008619e+01
