# y+ ()         
# Time          	patch           	min             	max             	average         
250             	rocket_body	4.54075081e-01	6.47368232e+01	1.18767120e+01
250             	rocket_fins	6.11918814e-01	4.99400086e+01	8.62153130e+00
250             	rocket_tab	8.12650548e-01	5.77967045e+01	8.35978868e+00
250             	rocket_slot	1.76136250e+00	5.34965150e+01	3.26717955e+01
500             	rocket_body	1.05403590e+00	9.83607107e+01	1.70553533e+01
500             	rocket_fins	1.22465934e+00	1.08640603e+02	1.11913101e+01
500             	rocket_tab	1.14053293e+00	8.90266904e+01	1.06061889e+01
500             	rocket_slot	2.92065968e+00	7.12589897e+01	4.50530425e+01
750             	rocket_body	1.52646752e+00	1.10484756e+02	1.92099799e+01
750             	rocket_fins	9.29840224e-01	8.60201624e+01	1.16757581e+01
750             	rocket_tab	1.61708638e+00	9.12437620e+01	1.07584113e+01
750             	rocket_slot	2.75702555e+00	7.16054636e+01	4.56537414e+01
1000            	rocket_body	8.30064265e-01	1.08819812e+02	1.95434299e+01
1000            	rocket_fins	6.50907770e-01	8.36969655e+01	1.18004646e+01
1000            	rocket_tab	1.28385623e+00	9.66850755e+01	1.07768081e+01
1000            	rocket_slot	2.33163941e+00	7.20636957e+01	4.56669379e+01
1250            	rocket_body	6.91299697e-01	1.10235787e+02	1.95660695e+01
1250            	rocket_fins	5.53027350e-01	8.38894839e+01	1.18158918e+01
1250            	rocket_tab	8.49686999e-01	9.94408753e+01	1.07679610e+01
1250            	rocket_slot	2.38998301e+00	7.36479437e+01	4.55262347e+01
1500            	rocket_body	9.17826695e-01	1.09528058e+02	1.95672103e+01
1500            	rocket_fins	3.99124193e-01	8.33586920e+01	1.18162630e+01
1500            	rocket_tab	1.68270563e+00	9.87211571e+01	1.07302626e+01
1500            	rocket_slot	3.26053961e+00	7.33046655e+01	4.55205908e+01
1750            	rocket_body	9.72881085e-01	1.11140360e+02	1.95663722e+01
1750            	rocket_fins	4.29411714e-01	8.39880058e+01	1.18161365e+01
1750            	rocket_tab	1.44507615e+00	8.62788561e+01	1.07071252e+01
1750            	rocket_slot	2.27145471e+00	7.18323036e+01	4.54572315e+01
2000            	rocket_body	1.13555172e+00	1.09803263e+02	1.95668640e+01
2000            	rocket_fins	5.46284806e-01	8.36067471e+01	1.18158739e+01
2000            	rocket_tab	1.57918114e+00	9.07958774e+01	1.07772449e+01
2000            	rocket_slot	2.13187948e+00	7.18083832e+01	4.53916872e+01
2250            	rocket_body	8.61148483e-01	1.12556654e+02	1.95658774e+01
2250            	rocket_fins	6.06666790e-01	8.36335293e+01	1.18157697e+01
2250            	rocket_tab	1.15036742e+00	9.27988880e+01	1.08034171e+01
2250            	rocket_slot	3.23797098e+00	7.17484626e+01	4.55116050e+01
2500            	rocket_body	1.03048483e+00	1.09777454e+02	1.95665785e+01
2500            	rocket_fins	3.04708552e-01	8.36873615e+01	1.18156873e+01
2500            	rocket_tab	1.75491510e+00	9.73293780e+01	1.08074081e+01
2500            	rocket_slot	3.32642292e+00	7.16861973e+01	4.56822107e+01
2750            	rocket_body	7.40369863e-01	1.11981097e+02	1.95663531e+01
2750            	rocket_fins	4.55645662e-01	8.37345504e+01	1.18158468e+01
2750            	rocket_tab	1.01137967e+00	9.96895339e+01	1.07707522e+01
2750            	rocket_slot	2.93944214e+00	7.35685185e+01	4.57169359e+01
3000            	rocket_body	1.25557066e+00	1.11402493e+02	1.95658654e+01
3000            	rocket_fins	6.42071869e-01	8.38771735e+01	1.18160867e+01
3000            	rocket_tab	1.17934798e+00	1.00977216e+02	1.06956462e+01
3000            	rocket_slot	4.24450687e+00	7.36613233e+01	4.56715387e+01
