# y+ ()         
# Time          	patch           	min             	max             	average         
250             	rocket_body	5.63255698e-01	9.26489779e+01	1.56658331e+01
250             	rocket_fins	1.07886578e+00	5.89302070e+01	1.08549152e+01
250             	rocket_tab	6.38364441e-01	6.21076289e+01	9.62381759e+00
250             	rocket_slot	2.43807179e+00	6.22649271e+01	2.55289469e+01
500             	rocket_body	1.44780562e+00	1.32795549e+02	2.45919997e+01
500             	rocket_fins	8.21517331e-01	1.27582502e+02	1.39920047e+01
500             	rocket_tab	1.02173878e+00	7.99388819e+01	1.27927523e+01
500             	rocket_slot	3.28744897e+00	8.50992761e+01	3.54741673e+01
750             	rocket_body	1.56804075e+00	1.50477948e+02	2.68622558e+01
750             	rocket_fins	5.96138804e-01	1.00642315e+02	1.44917141e+01
750             	rocket_tab	1.24855213e+00	8.20380586e+01	1.28263386e+01
750             	rocket_slot	2.62038477e+00	8.46329757e+01	3.56499416e+01
1000            	rocket_body	1.47559040e+00	1.52493698e+02	2.70178438e+01
1000            	rocket_fins	1.08357617e+00	9.78654785e+01	1.45895482e+01
1000            	rocket_tab	1.23637065e+00	8.08224787e+01	1.27669448e+01
1000            	rocket_slot	6.92837173e+00	8.67831227e+01	3.59338997e+01
1250            	rocket_body	1.66708243e+00	1.55200012e+02	2.70194144e+01
1250            	rocket_fins	9.59703243e-01	9.78507042e+01	1.45906525e+01
1250            	rocket_tab	1.53861383e+00	8.13077556e+01	1.27964282e+01
1250            	rocket_slot	4.41668496e+00	8.55931096e+01	3.56497961e+01
1500            	rocket_body	1.33317428e+00	1.54691538e+02	2.70157604e+01
1500            	rocket_fins	1.27253565e+00	9.78506953e+01	1.45910213e+01
1500            	rocket_tab	1.42418468e+00	8.21009079e+01	1.28024551e+01
1500            	rocket_slot	4.65396209e+00	8.51514919e+01	3.57064719e+01
1750            	rocket_body	1.66924190e+00	1.52694706e+02	2.70150496e+01
1750            	rocket_fins	1.19953619e+00	9.78507841e+01	1.45907621e+01
1750            	rocket_tab	9.34633587e-01	8.04679747e+01	1.27977540e+01
1750            	rocket_slot	4.34268430e+00	8.64583745e+01	3.58742481e+01
2000            	rocket_body	1.46896173e+00	1.53574826e+02	2.70174725e+01
2000            	rocket_fins	1.07201544e+00	9.78501589e+01	1.45906648e+01
2000            	rocket_tab	1.32894852e+00	8.20003952e+01	1.28046274e+01
2000            	rocket_slot	2.22650683e+00	8.48983434e+01	3.56516039e+01
2250            	rocket_body	1.24966059e+00	1.54770583e+02	2.70142614e+01
2250            	rocket_fins	1.47402482e+00	9.78504120e+01	1.45910712e+01
2250            	rocket_tab	1.00308548e+00	8.14465237e+01	1.27758337e+01
2250            	rocket_slot	4.92889011e+00	8.62531852e+01	3.58147752e+01
2500            	rocket_body	1.66926094e+00	1.53062765e+02	2.70153283e+01
2500            	rocket_fins	1.09072356e+00	9.78505641e+01	1.45905904e+01
2500            	rocket_tab	1.20710846e+00	8.07069768e+01	1.27909156e+01
2500            	rocket_slot	4.01486443e+00	8.62526704e+01	3.57435479e+01
2750            	rocket_body	1.66653437e+00	1.52319080e+02	2.70167035e+01
2750            	rocket_fins	1.04224047e+00	9.78500102e+01	1.45908447e+01
2750            	rocket_tab	1.29249071e+00	8.22268041e+01	1.28268233e+01
2750            	rocket_slot	2.87195212e+00	8.46627078e+01	3.56662040e+01
3000            	rocket_body	1.66835935e+00	1.54086545e+02	2.70135397e+01
3000            	rocket_fins	1.57143954e+00	9.78504182e+01	1.45911266e+01
3000            	rocket_tab	1.10059520e+00	8.07736230e+01	1.27660094e+01
3000            	rocket_slot	6.72718284e+00	8.68095978e+01	3.59336081e+01
