# Force and moment coefficients
# dragDir       : (0.00000000e+00 0.00000000e+00 -1.00000000e+00)
# sideDir       : (-0.00000000e+00 1.00000000e+00 0.00000000e+00)
# liftDir       : (1.00000000e+00 0.00000000e+00 0.00000000e+00)
# rollAxis      : (0.00000000e+00 0.00000000e+00 -1.00000000e+00)
# pitchAxis     : (-0.00000000e+00 1.00000000e+00 0.00000000e+00)
# yawAxis       : (1.00000000e+00 0.00000000e+00 0.00000000e+00)
# magUInf       : 2.88200000e+02
# lRef          : 5.78100000e-02
# Aref          : 2.62480000e-03
# CofR          : (0.00000000e+00 0.00000000e+00 3.99000000e-01)
#
# Time          	Cd              	Cl              	CmPitch         	CmRoll          	CmYaw           
4001            	1.10771862e+00	2.33645729e-03	-1.12035447e-02	1.83952029e-02	1.37384055e-01
4002            	1.10750503e+00	1.28507146e-03	-3.63518712e-03	1.93691543e-02	1.31631993e-01
4003            	1.10743483e+00	3.26920919e-04	3.03063188e-03	2.05368738e-02	1.25606750e-01
4004            	1.10746758e+00	-4.23428821e-04	8.18647834e-03	2.16559617e-02	1.19608372e-01
4005            	1.10752607e+00	-1.09068867e-03	1.28389649e-02	2.24417016e-02	1.12667980e-01
4006            	1.10753395e+00	-1.66309222e-03	1.69008474e-02	2.28545232e-02	1.04684259e-01
4007            	1.10743353e+00	-2.20386339e-03	2.05407917e-02	2.30086717e-02	9.63644840e-02
4008            	1.10719267e+00	-2.92179457e-03	2.49378085e-02	2.30442460e-02	8.87364739e-02
4009            	1.10689756e+00	-3.75090901e-03	2.96612705e-02	2.30269551e-02	8.21632421e-02
4010            	1.10673728e+00	-4.58799563e-03	3.41256004e-02	2.29042251e-02	7.60368511e-02
4011            	1.10679812e+00	-5.32765119e-03	3.77799420e-02	2.27204748e-02	7.09002915e-02
4012            	1.10705912e+00	-5.85365701e-03	3.99545654e-02	2.25346760e-02	6.67312278e-02
4013            	1.10740143e+00	-6.04755778e-03	3.98923030e-02	2.23395126e-02	6.49496695e-02
4014            	1.10765633e+00	-6.00578002e-03	3.82353937e-02	2.20513218e-02	6.61796241e-02
4015            	1.10768594e+00	-5.80381520e-03	3.54945488e-02	2.16752689e-02	7.10955093e-02
4016            	1.10760369e+00	-5.41561580e-03	3.15304400e-02	2.12411075e-02	7.86343407e-02
4017            	1.10754830e+00	-4.83546817e-03	2.64144641e-02	2.07235057e-02	8.86387165e-02
4018            	1.10759597e+00	-4.02695015e-03	2.00171247e-02	2.00916963e-02	9.96652454e-02
4019            	1.10771206e+00	-3.18355689e-03	1.37768173e-02	1.93930480e-02	1.11856947e-01
4020            	1.10784110e+00	-2.46953998e-03	8.84560038e-03	1.87453023e-02	1.23927022e-01
4021            	1.10789165e+00	-1.85562742e-03	4.97313192e-03	1.82128599e-02	1.34016027e-01
4022            	1.10779723e+00	-1.28309728e-03	1.74979883e-03	1.77129338e-02	1.40775816e-01
4023            	1.10752260e+00	-5.86714761e-04	-1.94927234e-03	1.72631790e-02	1.45891298e-01
4024            	1.10719178e+00	2.43914548e-04	-6.26907349e-03	1.68711305e-02	1.49793663e-01
4025            	1.10699151e+00	1.18270823e-03	-1.10958746e-02	1.65772789e-02	1.52500608e-01
4026            	1.10700173e+00	2.10513829e-03	-1.56485362e-02	1.63440633e-02	1.53407474e-01
4027            	1.10715765e+00	2.86476295e-03	-1.90213129e-02	1.61209534e-02	1.51794190e-01
4028            	1.10735662e+00	3.27622260e-03	-2.00833976e-02	1.59743370e-02	1.48562034e-01
4029            	1.10750086e+00	3.13083300e-03	-1.76187099e-02	1.60747117e-02	1.44960851e-01
4030            	1.10750384e+00	2.39625116e-03	-1.16437788e-02	1.65514473e-02	1.40276636e-01
4031            	1.10741808e+00	1.49574230e-03	-4.97409439e-03	1.73359528e-02	1.33655025e-01
4032            	1.10731734e+00	6.09659971e-04	1.31734850e-03	1.81994090e-02	1.25487572e-01
4033            	1.10725332e+00	-1.25851803e-04	6.49057473e-03	1.90594538e-02	1.15530379e-01
4034            	1.10722881e+00	-8.10581794e-04	1.13143467e-02	1.98817157e-02	1.05582558e-01
4035            	1.10728174e+00	-1.50760177e-03	1.61518948e-02	2.06177153e-02	9.64450432e-02
4036            	1.10740968e+00	-2.13510530e-03	2.03171224e-02	2.12046667e-02	8.80900308e-02
4037            	1.10747668e+00	-2.69850410e-03	2.37529057e-02	2.17308567e-02	8.10642203e-02
4038            	1.10738092e+00	-3.31474836e-03	2.71800361e-02	2.23444954e-02	7.72008055e-02
4039            	1.10720079e+00	-4.05511083e-03	3.11211295e-02	2.30132737e-02	7.56043251e-02
4040            	1.10712222e+00	-4.88490297e-03	3.54078483e-02	2.36336348e-02	7.55072147e-02
4041            	1.10721301e+00	-5.61961335e-03	3.89250259e-02	2.40443720e-02	7.59982145e-02
4042            	1.10743828e+00	-6.05452061e-03	4.04350805e-02	2.41763900e-02	7.66816972e-02
4043            	1.10771113e+00	-6.24237517e-03	4.03792446e-02	2.40444567e-02	7.87768760e-02
4044            	1.10791668e+00	-6.25067655e-03	3.92032384e-02	2.35544187e-02	8.25271653e-02
4045            	1.10794061e+00	-6.07626751e-03	3.67732017e-02	2.27323708e-02	8.82436354e-02
4046            	1.10781652e+00	-5.57252583e-03	3.21879772e-02	2.17005585e-02	9.54284894e-02
4047            	1.10762524e+00	-4.81899128e-03	2.61764279e-02	2.06417147e-02	1.05406591e-01
4048            	1.10744536e+00	-3.88726600e-03	1.94082467e-02	1.96112719e-02	1.16768879e-01
4049            	1.10729893e+00	-3.03679642e-03	1.36131193e-02	1.86016110e-02	1.28568907e-01
4050            	1.10725193e+00	-2.36731069e-03	9.29277956e-03	1.77070038e-02	1.39079923e-01
4051            	1.10728067e+00	-1.87966576e-03	6.32469560e-03	1.70458668e-02	1.47354126e-01
4052            	1.10726016e+00	-1.30656219e-03	2.98529190e-03	1.66237847e-02	1.52406007e-01
4053            	1.10711465e+00	-6.05185672e-04	-9.28543410e-04	1.63087559e-02	1.55377880e-01
4054            	1.10691885e+00	2.12190104e-04	-5.32945564e-03	1.59121920e-02	1.56126167e-01
4055            	1.10680786e+00	1.13059858e-03	-1.01591520e-02	1.54991836e-02	1.55085842e-01
4056            	1.10685517e+00	2.09920950e-03	-1.51562243e-02	1.52239201e-02	1.52585956e-01
4057            	1.10707568e+00	2.84453162e-03	-1.86474540e-02	1.51796815e-02	1.48787922e-01
4058            	1.10743769e+00	3.11286499e-03	-1.90430601e-02	1.53598471e-02	1.44497774e-01
4059            	1.10781812e+00	2.80640503e-03	-1.58658314e-02	1.58956661e-02	1.41066244e-01
4060            	1.10799381e+00	2.17699017e-03	-1.08856064e-02	1.69179094e-02	1.37717704e-01
4061            	1.10796792e+00	1.51416741e-03	-5.95289676e-03	1.83080186e-02	1.32993115e-01
4062            	1.10785603e+00	8.07856211e-04	-8.36575671e-04	1.97936685e-02	1.26772292e-01
4063            	1.10774890e+00	9.50578092e-05	4.30878161e-03	2.11182882e-02	1.18428518e-01
4064            	1.10769737e+00	-6.22394275e-04	9.42017632e-03	2.21564794e-02	1.10279812e-01
4065            	1.10774011e+00	-1.41081127e-03	1.49024183e-02	2.28694921e-02	1.02939571e-01
4066            	1.10779608e+00	-2.04334789e-03	1.92360934e-02	2.32062063e-02	9.60200094e-02
4067            	1.10773521e+00	-2.62909971e-03	2.30079644e-02	2.32782318e-02	9.01931382e-02
4068            	1.10751271e+00	-3.31805958e-03	2.71122670e-02	2.32709488e-02	8.64444371e-02
4069            	1.10721814e+00	-4.18506317e-03	3.20265993e-02	2.33423571e-02	8.45662040e-02
4070            	1.10698723e+00	-5.03813037e-03	3.66130262e-02	2.33959584e-02	8.37860130e-02
4071            	1.10691183e+00	-5.75969965e-03	4.01910197e-02	2.32762568e-02	8.29779249e-02
4072            	1.10704117e+00	-6.29715841e-03	4.25327753e-02	2.29623905e-02	8.23904366e-02
4073            	1.10736766e+00	-6.61047040e-03	4.33513170e-02	2.25638555e-02	8.35643794e-02
4074            	1.10770208e+00	-6.60474209e-03	4.19556659e-02	2.21055257e-02	8.77047351e-02
4075            	1.10778955e+00	-6.19805713e-03	3.78436655e-02	2.14541974e-02	9.43026686e-02
4076            	1.10763255e+00	-5.44610920e-03	3.16000361e-02	2.04892302e-02	1.02131661e-01
4077            	1.10738509e+00	-4.54439063e-03	2.47356423e-02	1.93563597e-02	1.11929092e-01
4078            	1.10720885e+00	-3.53464308e-03	1.75019669e-02	1.82746178e-02	1.22272113e-01
4079            	1.10718597e+00	-2.73261245e-03	1.18701492e-02	1.74219140e-02	1.33244166e-01
4080            	1.10732291e+00	-2.10246202e-03	7.53731642e-03	1.68507302e-02	1.43239811e-01
4081            	1.10751046e+00	-1.53438885e-03	3.78368957e-03	1.66278377e-02	1.50729894e-01
4082            	1.10759596e+00	-8.77569278e-04	-2.64099601e-04	1.67899627e-02	1.56087056e-01
4083            	1.10751870e+00	-1.50399930e-04	-4.44216141e-03	1.71783213e-02	1.60407459e-01
4084            	1.10734733e+00	6.98358239e-04	-9.11989980e-03	1.75765656e-02	1.63355843e-01
4085            	1.10724843e+00	1.65753541e-03	-1.43001925e-02	1.78588325e-02	1.64855564e-01
4086            	1.10733290e+00	2.55566046e-03	-1.88698347e-02	1.80194003e-02	1.64170745e-01
4087            	1.10759990e+00	3.12848318e-03	-2.11722808e-02	1.81034928e-02	1.61386608e-01
4088            	1.10795381e+00	3.26062134e-03	-2.05247128e-02	1.80807345e-02	1.57018975e-01
4089            	1.10820065e+00	2.98259611e-03	-1.73142818e-02	1.80737431e-02	1.51801635e-01
4090            	1.10816932e+00	2.38204454e-03	-1.22361918e-02	1.82733547e-02	1.44545330e-01
4091            	1.10790720e+00	1.67517946e-03	-6.62205883e-03	1.87722971e-02	1.34791114e-01
4092            	1.10755995e+00	8.87172825e-04	-5.69249522e-04	1.94230991e-02	1.23836954e-01
4093            	1.10728707e+00	1.18460104e-04	5.19088172e-03	2.00257030e-02	1.11713237e-01
4094            	1.10714973e+00	-7.20284372e-04	1.12337773e-02	2.04870722e-02	1.00657482e-01
4095            	1.10718225e+00	-1.49831014e-03	1.66689861e-02	2.08590567e-02	9.18673012e-02
4096            	1.10729138e+00	-2.16846990e-03	2.11525136e-02	2.11690857e-02	8.54261378e-02
4097            	1.10730616e+00	-2.84750923e-03	2.53443732e-02	2.13674227e-02	8.09697349e-02
4098            	1.10713813e+00	-3.61775290e-03	2.97563546e-02	2.13490427e-02	7.78797071e-02
4099            	1.10685666e+00	-4.38866080e-03	3.38215677e-02	2.12173270e-02	7.54081153e-02
4100            	1.10666574e+00	-5.16408140e-03	3.76719421e-02	2.11063513e-02	7.39942970e-02
4101            	1.10675028e+00	-5.90166131e-03	4.10954175e-02	2.10842754e-02	7.34393442e-02
4102            	1.10716275e+00	-6.42996651e-03	4.30285816e-02	2.11088548e-02	7.43979358e-02
4103            	1.10772531e+00	-6.54471368e-03	4.21726683e-02	2.12219442e-02	7.83688792e-02
4104            	1.10814295e+00	-6.16835905e-03	3.80951563e-02	2.14312754e-02	8.65703273e-02
4105            	1.10819553e+00	-5.44417024e-03	3.18760703e-02	2.15871901e-02	9.87430585e-02
4106            	1.10797324e+00	-4.53254035e-03	2.47098625e-02	2.15251461e-02	1.13031847e-01
4107            	1.10770523e+00	-3.61638128e-03	1.78142750e-02	2.11800010e-02	1.28323832e-01
4108            	1.10758727e+00	-2.70527721e-03	1.12173599e-02	2.06111721e-02	1.42649108e-01
4109            	1.10760349e+00	-1.88073218e-03	5.48025348e-03	1.99532521e-02	1.55500339e-01
4110            	1.10771238e+00	-1.21825627e-03	1.09150095e-03	1.92492395e-02	1.64730004e-01
4111            	1.10781300e+00	-6.45250175e-04	-2.46047332e-03	1.86001502e-02	1.69818395e-01
4112            	1.10775791e+00	-5.94764052e-05	-5.80468239e-03	1.81402151e-02	1.71506775e-01
4113            	1.10749579e+00	6.18034613e-04	-9.41232853e-03	1.79155137e-02	1.71953523e-01
4114            	1.10715017e+00	1.40555469e-03	-1.34321496e-02	1.77697330e-02	1.70931255e-01
4115            	1.10693182e+00	2.14950678e-03	-1.69048778e-02	1.75721116e-02	1.68688624e-01
4116            	1.10698758e+00	2.77265278e-03	-1.94788017e-02	1.73053112e-02	1.64504810e-01
4117            	1.10730152e+00	3.21204040e-03	-2.08830982e-02	1.70947438e-02	1.59023652e-01
4118            	1.10771434e+00	3.40381589e-03	-2.07344113e-02	1.69991174e-02	1.52837646e-01
4119            	1.10796700e+00	3.22095206e-03	-1.82151157e-02	1.70145717e-02	1.45212355e-01
4120            	1.10787648e+00	2.64838448e-03	-1.32812427e-02	1.70770246e-02	1.34503246e-01
4121            	1.10755775e+00	1.93753760e-03	-7.62681129e-03	1.72798069e-02	1.21442383e-01
4122            	1.10726529e+00	1.05832270e-03	-1.11082767e-03	1.77068770e-02	1.08313180e-01
4123            	1.10715404e+00	2.46356533e-04	4.68850751e-03	1.83497084e-02	9.59623700e-02
4124            	1.10722421e+00	-5.43550686e-04	1.00987783e-02	1.90910379e-02	8.68279404e-02
4125            	1.10743617e+00	-1.25123639e-03	1.47779790e-02	1.98868993e-02	8.09684237e-02
4126            	1.10766390e+00	-1.89588751e-03	1.88275136e-02	2.07591980e-02	7.85966015e-02
4127            	1.10771140e+00	-2.53750767e-03	2.25515303e-02	2.16189191e-02	7.91918490e-02
4128            	1.10755090e+00	-3.21297676e-03	2.61365259e-02	2.23345355e-02	8.18691958e-02
4129            	1.10732622e+00	-4.00567099e-03	3.02108741e-02	2.28442776e-02	8.49558810e-02
4130            	1.10726451e+00	-4.88145488e-03	3.46443917e-02	2.31529095e-02	8.83674862e-02
4131            	1.10746543e+00	-5.59301796e-03	3.78876260e-02	2.33077704e-02	9.13854581e-02
4132            	1.10784854e+00	-5.93150784e-03	3.86675216e-02	2.32781562e-02	9.49606041e-02
4133            	1.10823692e+00	-5.82065032e-03	3.65912073e-02	2.31122307e-02	1.00940186e-01
4134            	1.10839422e+00	-5.35480340e-03	3.23452091e-02	2.28652326e-02	1.10394372e-01
4135            	1.10820542e+00	-4.64805471e-03	2.66460069e-02	2.25426053e-02	1.22525216e-01
4136            	1.10782984e+00	-3.76714474e-03	1.99654545e-02	2.20131921e-02	1.35471200e-01
4137            	1.10747839e+00	-2.91549140e-03	1.37113171e-02	2.11991074e-02	1.48467218e-01
4138            	1.10729859e+00	-1.97966401e-03	7.12842497e-03	2.01898440e-02	1.59339431e-01
4139            	1.10729759e+00	-1.21998081e-03	1.92619797e-03	1.92365593e-02	1.68386335e-01
4140            	1.10745293e+00	-6.54052850e-04	-1.86821402e-03	1.84887693e-02	1.74201918e-01
4141            	1.10759489e+00	-1.51711802e-04	-5.06853482e-03	1.79408737e-02	1.76231746e-01
4142            	1.10754158e+00	4.77433398e-04	-8.82696412e-03	1.74692403e-02	1.74632089e-01
4143            	1.10731648e+00	1.17837112e-03	-1.27032990e-02	1.70761914e-02	1.71296686e-01
4144            	1.10710421e+00	1.84808154e-03	-1.60987905e-02	1.67602551e-02	1.66613223e-01
4145            	1.10710013e+00	2.51779981e-03	-1.93466253e-02	1.65527690e-02	1.61652531e-01
4146            	1.10735321e+00	3.27421304e-03	-2.30988705e-02	1.64315029e-02	1.55863849e-01
4147            	1.10775212e+00	3.93630236e-03	-2.61609933e-02	1.64505927e-02	1.49436835e-01
4148            	1.10813370e+00	4.29156985e-03	-2.70952021e-02	1.67148019e-02	1.42919861e-01
4149            	1.10830100e+00	4.09709316e-03	-2.44656875e-02	1.72414628e-02	1.36437103e-01
4150            	1.10819344e+00	3.52912061e-03	-1.96366954e-02	1.79987410e-02	1.28800741e-01
4151            	1.10797024e+00	2.74914507e-03	-1.37066785e-02	1.88535938e-02	1.19755549e-01
4152            	1.10776909e+00	1.92176670e-03	-7.65401340e-03	1.96962767e-02	1.10851117e-01
4153            	1.10766362e+00	1.14394225e-03	-2.05532916e-03	2.04730417e-02	1.03004633e-01
4154            	1.10762796e+00	3.33897629e-04	3.67381947e-03	2.10486417e-02	9.72184817e-02
4155            	1.10767591e+00	-4.61324458e-04	9.16911234e-03	2.13772024e-02	9.30430546e-02
4156            	1.10770459e+00	-1.13973090e-03	1.36446490e-02	2.15370198e-02	9.05254419e-02
4157            	1.10756555e+00	-1.87208741e-03	1.81111182e-02	2.16307025e-02	8.99370500e-02
4158            	1.10728651e+00	-2.71914849e-03	2.29940337e-02	2.16284186e-02	9.09440825e-02
4159            	1.10704291e+00	-3.68886142e-03	2.83646140e-02	2.15271614e-02	9.20113476e-02
4160            	1.10698143e+00	-4.57752588e-03	3.29691118e-02	2.13975513e-02	9.34766734e-02
4161            	1.10714274e+00	-5.11786991e-03	3.51530154e-02	2.13641658e-02	9.55363748e-02
4162            	1.10747104e+00	-5.21932494e-03	3.44976397e-02	2.14560470e-02	1.00018904e-01
4163            	1.10778766e+00	-4.98239092e-03	3.17314926e-02	2.15784328e-02	1.07623041e-01
4164            	1.10788765e+00	-4.48831570e-03	2.73135686e-02	2.14736064e-02	1.17357903e-01
4165            	1.10774593e+00	-3.84389869e-03	2.19095034e-02	2.10574303e-02	1.27841150e-01
4166            	1.10750284e+00	-2.98154418e-03	1.51762663e-02	2.04235915e-02	1.38565595e-01
4167            	1.10732385e+00	-2.06780179e-03	8.28508511e-03	1.97019919e-02	1.48896513e-01
4168            	1.10733335e+00	-1.11579225e-03	1.35007487e-03	1.89950729e-02	1.58184295e-01
4169            	1.10749320e+00	-3.85463212e-04	-3.90661493e-03	1.84598089e-02	1.66260352e-01
4170            	1.10772532e+00	2.16406311e-04	-8.12791688e-03	1.82776687e-02	1.71995992e-01
4171            	1.10789165e+00	7.78278365e-04	-1.18656016e-02	1.84290715e-02	1.74956389e-01
4172            	1.10789442e+00	1.32577024e-03	-1.51653752e-02	1.87797166e-02	1.75675540e-01
4173            	1.10777949e+00	1.86276192e-03	-1.80337665e-02	1.90780185e-02	1.75071304e-01
4174            	1.10769611e+00	2.48396696e-03	-2.11989339e-02	1.91809091e-02	1.72554200e-01
4175            	1.10771674e+00	3.30258211e-03	-2.54133700e-02	1.90597607e-02	1.68754524e-01
4176            	1.10785775e+00	4.22360351e-03	-3.00316103e-02	1.86914798e-02	1.62056980e-01
4177            	1.10805693e+00	4.92161677e-03	-3.29327659e-02	1.81609440e-02	1.52892312e-01
4178            	1.10822760e+00	5.19416096e-03	-3.29410589e-02	1.76911250e-02	1.43271164e-01
4179            	1.10823617e+00	4.82767634e-03	-2.89483958e-02	1.75231119e-02	1.34262661e-01
4180            	1.10800816e+00	4.13305263e-03	-2.31088923e-02	1.76404927e-02	1.24291193e-01
4181            	1.10764107e+00	3.38846200e-03	-1.72156196e-02	1.79422435e-02	1.13950821e-01
4182            	1.10731120e+00	2.53013436e-03	-1.07688656e-02	1.83581205e-02	1.04558970e-01
4183            	1.10715771e+00	1.62568809e-03	-4.28046541e-03	1.88918822e-02	9.70205261e-02
4184            	1.10716566e+00	6.66587238e-04	2.31318518e-03	1.94382131e-02	9.21740709e-02
4185            	1.10728136e+00	-1.29552926e-04	7.58284302e-03	1.98510793e-02	8.89144628e-02
4186            	1.10738142e+00	-8.09477126e-04	1.18371918e-02	1.99488144e-02	8.62372336e-02
4187            	1.10734188e+00	-1.58605631e-03	1.64077698e-02	1.98253430e-02	8.45665398e-02
4188            	1.10720312e+00	-2.47367324e-03	2.13260779e-02	1.97228848e-02	8.47320926e-02
4189            	1.10710092e+00	-3.31789285e-03	2.55889947e-02	1.98335982e-02	8.61160781e-02
4190            	1.10716130e+00	-3.96450137e-03	2.83382726e-02	2.01610121e-02	8.97548606e-02
4191            	1.10739350e+00	-4.28392066e-03	2.89361127e-02	2.06995753e-02	9.51259199e-02
4192            	1.10773818e+00	-4.20186274e-03	2.70320451e-02	2.14727219e-02	1.03258866e-01
4193            	1.10809008e+00	-3.87339873e-03	2.35717108e-02	2.23765782e-02	1.14642439e-01
4194            	1.10828619e+00	-3.39635795e-03	1.91160796e-02	2.31441215e-02	1.28764710e-01
4195            	1.10824661e+00	-2.66808035e-03	1.30398051e-02	2.34814162e-02	1.42861639e-01
4196            	1.10806796e+00	-1.78161287e-03	6.10459808e-03	2.32904931e-02	1.55452307e-01
4197            	1.10789743e+00	-8.77862049e-04	-6.31254869e-04	2.26976436e-02	1.66233993e-01
4198            	1.10781119e+00	2.16005194e-05	-7.01944928e-03	2.18266607e-02	1.74524551e-01
4199            	1.10779866e+00	7.19237923e-04	-1.17956176e-02	2.08963453e-02	1.80335959e-01
4200            	1.10786705e+00	1.23121237e-03	-1.51693324e-02	2.01586107e-02	1.82863868e-01
4201            	1.10795747e+00	1.55429809e-03	-1.70799301e-02	1.97431681e-02	1.82377112e-01
4202            	1.10793510e+00	1.87025108e-03	-1.86509600e-02	1.94854010e-02	1.79622501e-01
4203            	1.10777804e+00	2.38248987e-03	-2.12019228e-02	1.91565762e-02	1.75415708e-01
4204            	1.10757359e+00	3.14024055e-03	-2.50657901e-02	1.86614639e-02	1.68985323e-01
4205            	1.10744215e+00	4.04732882e-03	-2.95786340e-02	1.80738548e-02	1.60960233e-01
4206            	1.10746698e+00	4.97896484e-03	-3.40198815e-02	1.74755583e-02	1.50933281e-01
4207            	1.10766710e+00	5.59467303e-03	-3.63469960e-02	1.69048621e-02	1.40127833e-01
4208            	1.10794013e+00	5.69713873e-03	-3.53922596e-02	1.63059357e-02	1.29008557e-01
4209            	1.10803821e+00	5.30756844e-03	-3.14498660e-02	1.58402649e-02	1.17941075e-01
4210            	1.10788730e+00	4.64175883e-03	-2.60058208e-02	1.57285986e-02	1.07133444e-01
4211            	1.10763125e+00	3.89731249e-03	-2.03410345e-02	1.60763292e-02	9.72896289e-02
4212            	1.10744052e+00	3.01748969e-03	-1.40459793e-02	1.67481795e-02	8.94474777e-02
4213            	1.10738261e+00	2.15427634e-03	-8.10108377e-03	1.75970561e-02	8.41041558e-02
4214            	1.10745092e+00	1.24850344e-03	-2.08250812e-03	1.85945199e-02	8.25503025e-02
4215            	1.10765756e+00	4.48581400e-04	3.04680485e-03	1.96172140e-02	8.37437968e-02
4216            	1.10790459e+00	-3.06988479e-04	7.61580003e-03	2.05264137e-02	8.66871789e-02
4217            	1.10802570e+00	-1.08034517e-03	1.19369154e-02	2.12209971e-02	9.10787069e-02
4218            	1.10796201e+00	-1.82561894e-03	1.57557510e-02	2.17371947e-02	9.67952226e-02
4219            	1.10778943e+00	-2.47893803e-03	1.88181824e-02	2.21917924e-02	1.03198989e-01
4220            	1.10764299e+00	-3.00921891e-03	2.11478297e-02	2.25514975e-02	1.10453474e-01
4221            	1.10765168e+00	-3.32312435e-03	2.21437845e-02	2.28196529e-02	1.17145224e-01
4222            	1.10787361e+00	-3.36628834e-03	2.13746358e-02	2.30677431e-02	1.24599692e-01
4223            	1.10815779e+00	-3.15588025e-03	1.88912036e-02	2.33423908e-02	1.33848297e-01
4224            	1.10824106e+00	-2.64476140e-03	1.43748959e-02	2.33763103e-02	1.43673163e-01
4225            	1.10806252e+00	-1.88040535e-03	8.26413724e-03	2.30031863e-02	1.52529052e-01
4226            	1.10775653e+00	-1.06041040e-03	1.98407971e-03	2.22469240e-02	1.60084938e-01
4227            	1.10749220e+00	-2.95606186e-04	-3.67964064e-03	2.13242936e-02	1.66563322e-01
4228            	1.10734951e+00	5.18287926e-04	-9.50663452e-03	2.04474033e-02	1.72021279e-01
4229            	1.10737676e+00	1.09665505e-03	-1.36083751e-02	1.97120579e-02	1.75794967e-01
4230            	1.10760357e+00	1.44743073e-03	-1.60843452e-02	1.90543563e-02	1.76013838e-01
4231            	1.10787528e+00	1.75057384e-03	-1.80465688e-02	1.84604577e-02	1.72249426e-01
4232            	1.10796666e+00	2.25626517e-03	-2.10550695e-02	1.79798039e-02	1.66435169e-01
4233            	1.10783271e+00	3.03013012e-03	-2.54478807e-02	1.75858411e-02	1.59625313e-01
4234            	1.10763596e+00	3.95001629e-03	-3.04269019e-02	1.72055788e-02	1.51122825e-01
4235            	1.10754979e+00	4.95607884e-03	-3.56644023e-02	1.67994824e-02	1.41971439e-01
4236            	1.10769264e+00	5.89163114e-03	-4.03161341e-02	1.65534821e-02	1.32859011e-01
4237            	1.10803430e+00	6.43818874e-03	-4.23955485e-02	1.65134403e-02	1.24897169e-01
4238            	1.10837692e+00	6.58277335e-03	-4.18799370e-02	1.66627455e-02	1.19053632e-01
4239            	1.10849472e+00	6.22555794e-03	-3.82583415e-02	1.69764866e-02	1.14295774e-01
4240            	1.10836023e+00	5.57840699e-03	-3.30095459e-02	1.74533916e-02	1.09217482e-01
4241            	1.10807092e+00	4.79786090e-03	-2.71076778e-02	1.80645296e-02	1.04332124e-01
4242            	1.10777571e+00	3.91599434e-03	-2.07053340e-02	1.86405424e-02	9.97556870e-02
4243            	1.10760961e+00	3.00402628e-03	-1.42851666e-02	1.91158714e-02	9.61608830e-02
4244            	1.10762919e+00	1.95532370e-03	-7.12550022e-03	1.95530318e-02	9.47338508e-02
4245            	1.10781712e+00	9.60496890e-04	-5.50462325e-04	2.00142990e-02	9.54140967e-02
4246            	1.10799573e+00	1.66701664e-04	4.41661332e-03	2.03650792e-02	9.71686730e-02
4247            	1.10793068e+00	-4.74389631e-04	8.08672170e-03	2.05866892e-02	1.00560384e-01
4248            	1.10760902e+00	-1.12748935e-03	1.16519041e-02	2.07885631e-02	1.05933538e-01
4249            	1.10723555e+00	-1.78096216e-03	1.50649600e-02	2.11027316e-02	1.12122673e-01
4250            	1.10705013e+00	-2.37083901e-03	1.78703808e-02	2.15653972e-02	1.19137537e-01
4251            	1.10719547e+00	-2.80018211e-03	1.94815500e-02	2.20552220e-02	1.25310237e-01
4252            	1.10757393e+00	-2.82443426e-03	1.83632678e-02	2.23804648e-02	1.31127356e-01
4253            	1.10795269e+00	-2.55975420e-03	1.53337085e-02	2.24641056e-02	1.36464373e-01
4254            	1.10809018e+00	-2.04395869e-03	1.06477998e-02	2.23250107e-02	1.42295020e-01
4255            	1.10796550e+00	-1.32021656e-03	4.63262373e-03	2.20074631e-02	1.48106899e-01
4256            	1.10772985e+00	-4.83395080e-04	-1.98705005e-03	2.15409168e-02	1.53839926e-01
4257            	1.10756742e+00	3.23182889e-04	-8.21210546e-03	2.10151362e-02	1.59147726e-01
4258            	1.10759174e+00	1.03072777e-03	-1.35708507e-02	2.06737894e-02	1.64647832e-01
4259            	1.10784669e+00	1.48330350e-03	-1.70614356e-02	2.05736382e-02	1.69585776e-01
4260            	1.10824433e+00	1.91845032e-03	-2.02834750e-02	2.06223404e-02	1.72082678e-01
4261            	1.10858403e+00	2.46246822e-03	-2.39557597e-02	2.06616778e-02	1.70725551e-01
4262            	1.10862536e+00	3.17389662e-03	-2.82478597e-02	2.05308379e-02	1.66133922e-01
4263            	1.10835505e+00	3.99232744e-03	-3.26607027e-02	2.01706427e-02	1.59434166e-01
4264            	1.10799523e+00	4.86244764e-03	-3.69752116e-02	1.95005197e-02	1.50653663e-01
4265            	1.10780399e+00	5.76146176e-03	-4.12485735e-02	1.85879602e-02	1.41072670e-01
4266            	1.10787766e+00	6.62313001e-03	-4.52145686e-02	1.77100259e-02	1.31429192e-01
4267            	1.10812885e+00	7.16096985e-03	-4.70677846e-02	1.70776770e-02	1.23632669e-01
4268            	1.10835743e+00	7.22904805e-03	-4.58620256e-02	1.66518039e-02	1.17637989e-01
4269            	1.10833382e+00	6.72094477e-03	-4.10654989e-02	1.64309417e-02	1.12344113e-01
4270            	1.10802851e+00	5.96873731e-03	-3.49440237e-02	1.64108685e-02	1.06451101e-01
4271            	1.10761199e+00	5.09709352e-03	-2.83406714e-02	1.66279543e-02	1.00719132e-01
4272            	1.10731675e+00	4.04330669e-03	-2.08069784e-02	1.70685213e-02	9.59886289e-02
4273            	1.10727720e+00	2.91806348e-03	-1.30905406e-02	1.76171367e-02	9.27020415e-02
4274            	1.10747073e+00	1.80523498e-03	-5.71375209e-03	1.80589218e-02	9.06854274e-02
4275            	1.10775968e+00	9.72097456e-04	-3.96373905e-04	1.83597975e-02	8.97090425e-02
4276            	1.10793551e+00	4.47351238e-04	2.68893128e-03	1.86198313e-02	9.04855715e-02
4277            	1.10781634e+00	-7.82891508e-05	5.58228999e-03	1.90020954e-02	9.45006996e-02
4278            	1.10748974e+00	-6.75182261e-04	8.70886991e-03	1.95610485e-02	1.00823156e-01
4279            	1.10721259e+00	-1.32864665e-03	1.19042010e-02	2.03085639e-02	1.07854603e-01
4280            	1.10718933e+00	-1.90179533e-03	1.43622811e-02	2.13005723e-02	1.16049508e-01
4281            	1.10747467e+00	-2.18946831e-03	1.48364322e-02	2.24449198e-02	1.23713054e-01
4282            	1.10795611e+00	-2.13634162e-03	1.30550520e-02	2.35484833e-02	1.31806983e-01
4283            	1.10841019e+00	-1.86286957e-03	9.84131082e-03	2.43790219e-02	1.40009573e-01
4284            	1.10855192e+00	-1.36821350e-03	5.22196938e-03	2.47424414e-02	1.48009195e-01
4285            	1.10835785e+00	-6.24593909e-04	-8.97149787e-04	2.46410335e-02	1.54949762e-01
4286            	1.10800844e+00	1.58027993e-04	-7.00403134e-03	2.40587187e-02	1.60403502e-01
4287            	1.10776945e+00	8.11948827e-04	-1.19701577e-02	2.31216483e-02	1.64058121e-01
4288            	1.10778677e+00	1.33072910e-03	-1.58796361e-02	2.21380400e-02	1.67012706e-01
4289            	1.10801599e+00	1.76778303e-03	-1.91191664e-02	2.12906787e-02	1.68537992e-01
4290            	1.10828470e+00	2.28513425e-03	-2.26701663e-02	2.05672200e-02	1.66615794e-01
4291            	1.10838037e+00	2.92717521e-03	-2.65830427e-02	1.98720227e-02	1.59950893e-01
4292            	1.10814386e+00	3.66399139e-03	-3.05766419e-02	1.90868256e-02	1.50517808e-01
4293            	1.10769422e+00	4.48067051e-03	-3.46819362e-02	1.82309516e-02	1.40501482e-01
4294            	1.10736038e+00	5.25526593e-03	-3.83485529e-02	1.74019334e-02	1.30481168e-01
4295            	1.10729914e+00	6.14492769e-03	-4.26938678e-02	1.66226785e-02	1.21492188e-01
4296            	1.10751690e+00	6.97837708e-03	-4.66539190e-02	1.58492739e-02	1.13109561e-01
4297            	1.10787941e+00	7.47011324e-03	-4.83552611e-02	1.50862302e-02	1.05435941e-01
4298            	1.10817358e+00	7.46048452e-03	-4.68141623e-02	1.44905317e-02	9.93949300e-02
4299            	1.10816990e+00	6.94230576e-03	-4.21654045e-02	1.42678493e-02	9.44856585e-02
4300            	1.10793320e+00	6.17539171e-03	-3.62173524e-02	1.44960080e-02	8.99715389e-02
4301            	1.10769217e+00	5.18777862e-03	-2.91328918e-02	1.50815438e-02	8.62348609e-02
4302            	1.10764634e+00	4.04577229e-03	-2.13181935e-02	1.60594522e-02	8.41826736e-02
4303            	1.10781269e+00	3.02749531e-03	-1.45834531e-02	1.73328979e-02	8.47588319e-02
4304            	1.10809408e+00	2.16265237e-03	-9.03378175e-03	1.86825909e-02	8.81778062e-02
4305            	1.10835718e+00	1.55064133e-03	-5.21023971e-03	1.99215993e-02	9.39750933e-02
4306            	1.10843488e+00	1.07872047e-03	-2.36401521e-03	2.09310291e-02	1.01249115e-01
4307            	1.10822611e+00	5.47005454e-04	6.71372899e-04	2.17715202e-02	1.09701998e-01
4308            	1.10785845e+00	-1.51516749e-04	4.52423227e-03	2.24188466e-02	1.17846831e-01
4309            	1.10756100e+00	-8.29125188e-04	7.99657895e-03	2.28951837e-02	1.24651404e-01
4310            	1.10748668e+00	-1.38656822e-03	1.05167944e-02	2.33633432e-02	1.30322515e-01
4311            	1.10766562e+00	-1.69964016e-03	1.13704750e-02	2.38749638e-02	1.34559298e-01
4312            	1.10799261e+00	-1.73133939e-03	1.03740888e-02	2.43335864e-02	1.38502270e-01
4313            	1.10823553e+00	-1.50711567e-03	7.73219656e-03	2.45838980e-02	1.42454982e-01
4314            	1.10816788e+00	-1.05981601e-03	3.63804070e-03	2.44611562e-02	1.46488284e-01
4315            	1.10787156e+00	-4.91640651e-04	-1.17447304e-03	2.40037175e-02	1.49926924e-01
4316            	1.10761042e+00	3.56666510e-05	-5.62110760e-03	2.33354019e-02	1.53524116e-01
4317            	1.10757083e+00	5.93130983e-04	-1.01390128e-02	2.25180058e-02	1.56205127e-01
4318            	1.10773437e+00	1.26414270e-03	-1.52442972e-02	2.15422410e-02	1.57493247e-01
4319            	1.10797012e+00	1.95311111e-03	-2.01809760e-02	2.04308120e-02	1.55320358e-01
4320            	1.10814789e+00	2.58830401e-03	-2.43825230e-02	1.93531919e-02	1.48738566e-01
4321            	1.10817326e+00	3.27119576e-03	-2.84944091e-02	1.84476959e-02	1.38666636e-01
4322            	1.10802122e+00	4.00122312e-03	-3.26022700e-02	1.77187311e-02	1.28186810e-01
4323            	1.10778335e+00	4.77059225e-03	-3.66994970e-02	1.70583356e-02	1.18441189e-01
4324            	1.10761944e+00	5.69411147e-03	-4.15902228e-02	1.65739470e-02	1.10924275e-01
4325            	1.10767281e+00	6.67555707e-03	-4.67030667e-02	1.63377515e-02	1.05945253e-01
4326            	1.10796642e+00	7.47938023e-03	-5.05894027e-02	1.62870163e-02	1.02859041e-01
4327            	1.10836164e+00	7.90869416e-03	-5.19866143e-02	1.62799280e-02	1.01149044e-01
4328            	1.10863799e+00	7.86936504e-03	-5.03521727e-02	1.62441295e-02	1.00711603e-01
4329            	1.10859740e+00	7.28209359e-03	-4.52817113e-02	1.63375559e-02	1.00501826e-01
4330            	1.10833716e+00	6.34023045e-03	-3.80742184e-02	1.65651928e-02	9.89307105e-02
4331            	1.10806401e+00	5.17007153e-03	-2.96019152e-02	1.68836842e-02	9.67174435e-02
4332            	1.10794009e+00	4.03469833e-03	-2.16386536e-02	1.74190365e-02	9.48469355e-02
4333            	1.10796033e+00	3.11030774e-03	-1.53040170e-02	1.81693473e-02	9.52782607e-02
4334            	1.10802687e+00	2.30176133e-03	-9.77854551e-03	1.90215787e-02	9.87021377e-02
4335            	1.10804882e+00	1.68055314e-03	-5.49791819e-03	1.97934397e-02	1.03602569e-01
4336            	1.10791863e+00	1.15372685e-03	-2.01235357e-03	2.03604709e-02	1.08702128e-01
4337            	1.10759965e+00	4.70866119e-04	2.13896942e-03	2.08223575e-02	1.14404924e-01
4338            	1.10722555e+00	-2.88881017e-04	6.37449987e-03	2.13186622e-02	1.19669029e-01
4339            	1.10701322e+00	-1.01792859e-03	1.00605585e-02	2.18639284e-02	1.23702089e-01
4340            	1.10705924e+00	-1.62669029e-03	1.27493039e-02	2.23486586e-02	1.25961645e-01
4341            	1.10732038e+00	-1.96889164e-03	1.36389045e-02	2.26766621e-02	1.26022768e-01
4342            	1.10765927e+00	-1.94561732e-03	1.21427990e-02	2.29225679e-02	1.25911316e-01
4343            	1.10791007e+00	-1.67678051e-03	9.03501618e-03	2.31376706e-02	1.26979511e-01
4344            	1.10795502e+00	-1.32353973e-03	5.33176791e-03	2.32204050e-02	1.29555694e-01
4345            	1.10790850e+00	-8.53535120e-04	8.46374251e-04	2.30487861e-02	1.32477264e-01
4346            	1.10789708e+00	-2.04232498e-04	-4.70248149e-03	2.27562514e-02	1.36610740e-01
4347            	1.10798362e+00	6.53464180e-04	-1.13901708e-02	2.24175207e-02	1.40440941e-01
4348            	1.10814069e+00	1.55494493e-03	-1.80095775e-02	2.20236612e-02	1.43173810e-01
4349            	1.10831000e+00	2.30474466e-03	-2.32177890e-02	2.15018701e-02	1.42876071e-01
4350            	1.10845055e+00	2.93390686e-03	-2.72929457e-02	2.08359026e-02	1.38724966e-01
4351            	1.10848995e+00	3.55012188e-03	-3.09354115e-02	2.01342164e-02	1.31434329e-01
4352            	1.10832775e+00	4.25527534e-03	-3.47825755e-02	1.93568603e-02	1.23480648e-01
4353            	1.10801514e+00	5.06775371e-03	-3.89882144e-02	1.84006111e-02	1.15857996e-01
4354            	1.10777387e+00	6.00113857e-03	-4.37502465e-02	1.74413797e-02	1.09552347e-01
4355            	1.10773378e+00	6.92939061e-03	-4.83167119e-02	1.66076670e-02	1.04852446e-01
4356            	1.10786677e+00	7.66999128e-03	-5.15392519e-02	1.59321299e-02	1.01260736e-01
4357            	1.10806356e+00	7.99194790e-03	-5.19639538e-02	1.53615183e-02	9.85907109e-02
4358            	1.10818530e+00	7.68208330e-03	-4.82881692e-02	1.48570689e-02	9.68734238e-02
4359            	1.10810735e+00	6.79663596e-03	-4.11132791e-02	1.45964800e-02	9.49958403e-02
4360            	1.10792990e+00	5.72956671e-03	-3.31463173e-02	1.47551214e-02	9.25044691e-02
4361            	1.10777489e+00	4.67095324e-03	-2.55937511e-02	1.53132766e-02	9.06261582e-02
4362            	1.10770703e+00	3.75335497e-03	-1.91962338e-02	1.61021582e-02	8.96179136e-02
4363            	1.10768926e+00	2.93970567e-03	-1.35455984e-02	1.69271780e-02	9.05590906e-02
4364            	1.10772230e+00	2.18882325e-03	-8.36447444e-03	1.77459089e-02	9.32292551e-02
4365            	1.10778736e+00	1.55832656e-03	-4.16829410e-03	1.85747585e-02	9.69538405e-02
4366            	1.10777884e+00	1.00483965e-03	-8.18821669e-04	1.94127875e-02	1.01555970e-01
4367            	1.10762298e+00	4.10879739e-04	2.37440003e-03	2.02451589e-02	1.06519491e-01
4368            	1.10741558e+00	-2.64495018e-04	5.74843432e-03	2.12412058e-02	1.11618843e-01
4369            	1.10733781e+00	-9.57728684e-04	8.97184419e-03	2.24298323e-02	1.16676443e-01
4370            	1.10743667e+00	-1.51056345e-03	1.11201678e-02	2.36864904e-02	1.20912529e-01
4371            	1.10771990e+00	-1.74661730e-03	1.11502538e-02	2.48063652e-02	1.23792329e-01
4372            	1.10810867e+00	-1.71761339e-03	9.53660075e-03	2.56433111e-02	1.26280917e-01
4373            	1.10844193e+00	-1.57600419e-03	7.26216269e-03	2.61454879e-02	1.29327908e-01
4374            	1.10852977e+00	-1.29667555e-03	4.09828163e-03	2.61621560e-02	1.32739717e-01
4375            	1.10840941e+00	-7.11818398e-04	-9.86534043e-04	2.55781921e-02	1.34837109e-01
4376            	1.10823326e+00	8.16466755e-05	-7.19730347e-03	2.45995556e-02	1.36199322e-01
4377            	1.10810487e+00	9.83752522e-04	-1.37480521e-02	2.34349282e-02	1.35731523e-01
4378            	1.10804784e+00	1.80132361e-03	-1.93746706e-02	2.22463495e-02	1.34251471e-01
4379            	1.10804680e+00	2.46633411e-03	-2.37139235e-02	2.10667913e-02	1.30631053e-01
4380            	1.10808463e+00	2.98683334e-03	-2.68715740e-02	1.98817785e-02	1.23976747e-01
4381            	1.10803084e+00	3.60242004e-03	-3.03676788e-02	1.87779240e-02	1.15559436e-01
4382            	1.10783765e+00	4.27613078e-03	-3.39610180e-02	1.78337580e-02	1.08231152e-01
4383            	1.10756972e+00	5.05665912e-03	-3.80127874e-02	1.69945642e-02	1.02278130e-01
4384            	1.10739144e+00	5.93200851e-03	-4.24993686e-02	1.61410997e-02	9.74598651e-02
4385            	1.10738744e+00	6.84276862e-03	-4.70687445e-02	1.51756051e-02	9.23404152e-02
4386            	1.10757553e+00	7.47278893e-03	-4.97178241e-02	1.42443285e-02	8.74135870e-02
4387            	1.10789962e+00	7.59635904e-03	-4.90070044e-02	1.35069465e-02	8.36732236e-02
4388            	1.10821916e+00	7.13467837e-03	-4.46121005e-02	1.31082019e-02	8.17516643e-02
4389            	1.10832377e+00	6.30485063e-03	-3.81406228e-02	1.31852789e-02	8.05653669e-02
4390            	1.10824157e+00	5.47865627e-03	-3.20286661e-02	1.39145683e-02	8.02875769e-02
4391            	1.10807840e+00	4.67522101e-03	-2.62314153e-02	1.52569206e-02	8.27389702e-02
4392            	1.10795942e+00	3.88654145e-03	-2.06292349e-02	1.69589766e-02	8.71852026e-02
4393            	1.10794189e+00	3.11354421e-03	-1.52773313e-02	1.86839714e-02	9.33905787e-02
4394            	1.10806099e+00	2.32399450e-03	-9.99029351e-03	2.01848426e-02	1.00191695e-01
4395            	1.10819376e+00	1.73620103e-03	-6.20162487e-03	2.13996253e-02	1.06691327e-01
4396            	1.10814474e+00	1.23832562e-03	-3.20269625e-03	2.22878340e-02	1.11969389e-01
4397            	1.10785934e+00	6.75172564e-04	-3.35282210e-05	2.28357803e-02	1.16011296e-01
4398            	1.10748382e+00	-5.52294385e-05	3.91630956e-03	2.32745771e-02	1.18382599e-01
4399            	1.10723043e+00	-7.91820645e-04	7.64234049e-03	2.37453268e-02	1.19764213e-01
4400            	1.10720012e+00	-1.38619353e-03	1.02662807e-02	2.42893458e-02	1.19751386e-01
4401            	1.10739894e+00	-1.76573296e-03	1.14786631e-02	2.48017819e-02	1.18635403e-01
4402            	1.10775390e+00	-1.93109598e-03	1.13293908e-02	2.51029319e-02	1.17589010e-01
4403            	1.10806203e+00	-1.84965745e-03	9.55559521e-03	2.50977814e-02	1.17274283e-01
4404            	1.10811975e+00	-1.45429041e-03	5.67062008e-03	2.47528542e-02	1.17797694e-01
4405            	1.10798093e+00	-7.46445552e-04	-1.47486650e-04	2.40526251e-02	1.17422107e-01
4406            	1.10777256e+00	6.66568490e-05	-6.35501953e-03	2.29909252e-02	1.15817613e-01
4407            	1.10763100e+00	9.63497892e-04	-1.28028789e-02	2.15827561e-02	1.12174117e-01
4408            	1.10763367e+00	1.71263304e-03	-1.80547028e-02	2.00804936e-02	1.07955346e-01
4409            	1.10778101e+00	2.31256892e-03	-2.21500053e-02	1.87419507e-02	1.02884547e-01
4410            	1.10798862e+00	2.85101117e-03	-2.56715699e-02	1.77005616e-02	9.72890520e-02
4411            	1.10808750e+00	3.48240670e-03	-2.95128904e-02	1.69274326e-02	9.12635773e-02
4412            	1.10800181e+00	4.16888213e-03	-3.33996332e-02	1.64621421e-02	8.72167302e-02
4413            	1.10778312e+00	4.98133139e-03	-3.78161033e-02	1.62196355e-02	8.54024384e-02
4414            	1.10762327e+00	5.89948780e-03	-4.27186193e-02	1.60584560e-02	8.58131851e-02
4415            	1.10767747e+00	6.72419329e-03	-4.68110724e-02	1.58369008e-02	8.66358068e-02
4416            	1.10799411e+00	7.18616701e-03	-4.84117008e-02	1.55318297e-02	8.73429389e-02
4417            	1.10845655e+00	7.20871035e-03	-4.70953219e-02	1.52353863e-02	8.83304838e-02
4418            	1.10878492e+00	6.79654252e-03	-4.30272917e-02	1.50910433e-02	8.99078800e-02
4419            	1.10875742e+00	6.09105972e-03	-3.72231347e-02	1.51630576e-02	9.13085390e-02
4420            	1.10846022e+00	5.32355635e-03	-3.11626814e-02	1.56127579e-02	9.27032277e-02
4421            	1.10808507e+00	4.49403546e-03	-2.48215752e-02	1.64697428e-02	9.50823240e-02
4422            	1.10781723e+00	3.68324414e-03	-1.88237145e-02	1.76478520e-02	9.80212467e-02
4423            	1.10769764e+00	2.84074675e-03	-1.28362565e-02	1.89026400e-02	1.02114407e-01
4424            	1.10771289e+00	2.10151464e-03	-7.72108863e-03	1.99548488e-02	1.05506451e-01
4425            	1.10775027e+00	1.50413890e-03	-3.75138204e-03	2.07438927e-02	1.07752771e-01
4426            	1.10767030e+00	9.14226811e-04	-1.78745741e-04	2.13724912e-02	1.09309306e-01
4427            	1.10743466e+00	2.45988891e-04	3.49527099e-03	2.19707796e-02	1.10867307e-01
4428            	1.10712886e+00	-4.61313497e-04	7.04464497e-03	2.25699804e-02	1.11362043e-01
4429            	1.10694676e+00	-1.16177335e-03	1.03207602e-02	2.30723515e-02	1.10420434e-01
4430            	1.10703711e+00	-1.79944149e-03	1.30798370e-02	2.35258752e-02	1.07641722e-01
4431            	1.10743566e+00	-2.21209340e-03	1.43195997e-02	2.39529240e-02	1.04415907e-01
4432            	1.10798242e+00	-2.21874582e-03	1.28745978e-02	2.43108658e-02	1.02289297e-01
4433            	1.10839099e+00	-1.86977343e-03	9.09107516e-03	2.44624943e-02	1.01310691e-01
4434            	1.10845877e+00	-1.24972888e-03	3.63922236e-03	2.43882415e-02	1.01210023e-01
4435            	1.10829056e+00	-4.32672660e-04	-2.87304741e-03	2.40927874e-02	1.01367865e-01
4436            	1.10810096e+00	4.08709671e-04	-9.28542708e-03	2.35569041e-02	1.02136147e-01
4437            	1.10808426e+00	1.23984425e-03	-1.54264186e-02	2.27745166e-02	1.02484524e-01
4438            	1.10820783e+00	1.99402137e-03	-2.08040912e-02	2.18143359e-02	1.02845139e-01
4439            	1.10840973e+00	2.60127194e-03	-2.49609751e-02	2.08033123e-02	1.02252116e-01
4440            	1.10854530e+00	3.13848574e-03	-2.83357905e-02	1.98521957e-02	1.00274126e-01
4441            	1.10846454e+00	3.67946979e-03	-3.13435928e-02	1.88746598e-02	9.69145569e-02
4442            	1.10814456e+00	4.30253264e-03	-3.45216529e-02	1.79085306e-02	9.39262167e-02
4443            	1.10775413e+00	4.99934178e-03	-3.79271017e-02	1.69812793e-02	9.17244189e-02
4444            	1.10751210e+00	5.70486129e-03	-4.11667040e-02	1.61464112e-02	9.12036588e-02
4445            	1.10756752e+00	6.25533338e-03	-4.32485386e-02	1.53865706e-02	9.06238673e-02
4446            	1.10788461e+00	6.53873314e-03	-4.35273850e-02	1.46663463e-02	8.97708845e-02
4447            	1.10824507e+00	6.58466899e-03	-4.22247958e-02	1.40695324e-02	8.97024103e-02
4448            	1.10842108e+00	6.25535656e-03	-3.85596113e-02	1.38322066e-02	9.13805184e-02
4449            	1.10826595e+00	5.59442175e-03	-3.29106629e-02	1.41106425e-02	9.37767554e-02
4450            	1.10791897e+00	4.82188237e-03	-2.67999592e-02	1.48241275e-02	9.54300450e-02
4451            	1.10761831e+00	3.89645847e-03	-1.99886256e-02	1.57289994e-02	9.60993657e-02
4452            	1.10747995e+00	3.07293339e-03	-1.41368516e-02	1.67614614e-02	9.61886690e-02
4453            	1.10749942e+00	2.30684861e-03	-8.89758886e-03	1.78511572e-02	9.66410604e-02
4454            	1.10766045e+00	1.65575986e-03	-4.61377208e-03	1.89379223e-02	9.71481030e-02
4455            	1.10781346e+00	1.10706250e-03	-1.25689241e-03	1.99487552e-02	9.76289849e-02
4456            	1.10777243e+00	5.91985848e-04	1.55073750e-03	2.10058484e-02	9.88005892e-02
4457            	1.10754102e+00	1.28429047e-05	4.39234567e-03	2.22225127e-02	1.01270978e-01
4458            	1.10730322e+00	-6.95639920e-04	7.76812626e-03	2.35468686e-02	1.03754788e-01
4459            	1.10729353e+00	-1.48531765e-03	1.14652120e-02	2.47984728e-02	1.05949645e-01
4460            	1.10759261e+00	-2.10697836e-03	1.39696157e-02	2.57961045e-02	1.06332950e-01
4461            	1.10809818e+00	-2.34076077e-03	1.39815619e-02	2.64391908e-02	1.05563066e-01
4462            	1.10854828e+00	-2.17306190e-03	1.15645879e-02	2.66994420e-02	1.04132415e-01
4463            	1.10868198e+00	-1.75647070e-03	7.76727926e-03	2.64130460e-02	1.01693680e-01
4464            	1.10846275e+00	-1.18787069e-03	3.11419559e-03	2.56168603e-02	9.88954877e-02
4465            	1.10812684e+00	-4.81693652e-04	-2.36403286e-03	2.44443908e-02	9.63726933e-02
4466            	1.10787689e+00	2.07477329e-04	-7.57316164e-03	2.31038024e-02	9.47499569e-02
4467            	1.10778282e+00	1.03475034e-03	-1.34777316e-02	2.16861029e-02	9.38090827e-02
4468            	1.10778348e+00	1.73096395e-03	-1.82305769e-02	2.02317426e-02	9.33300359e-02
4469            	1.10786070e+00	2.20481358e-03	-2.13007815e-02	1.88572646e-02	9.19395160e-02
4470            	1.10790951e+00	2.55988059e-03	-2.33970018e-02	1.77005879e-02	8.96803125e-02
4471            	1.10778031e+00	3.02542410e-03	-2.59711180e-02	1.67623406e-02	8.68905092e-02
4472            	1.10748708e+00	3.58342662e-03	-2.88425080e-02	1.59051302e-02	8.46209713e-02
4473            	1.10722917e+00	4.15883668e-03	-3.15766982e-02	1.49527772e-02	8.21426862e-02
4474            	1.10719947e+00	4.77473588e-03	-3.44000492e-02	1.39979038e-02	8.04907552e-02
4475            	1.10744214e+00	5.42318550e-03	-3.73444338e-02	1.32260640e-02	7.89907845e-02
4476            	1.10786122e+00	5.90199713e-03	-3.91226886e-02	1.27649937e-02	7.88298375e-02
4477            	1.10826137e+00	6.10405373e-03	-3.89882426e-02	1.26510907e-02	8.11004525e-02
4478            	1.10842330e+00	5.86948520e-03	-3.60398604e-02	1.30735030e-02	8.60255903e-02
4479            	1.10828578e+00	5.28637876e-03	-3.10685638e-02	1.41427614e-02	9.16821297e-02
4480            	1.10805393e+00	4.49734258e-03	-2.50888944e-02	1.57085137e-02	9.68543594e-02
4481            	1.10787872e+00	3.68255585e-03	-1.92102541e-02	1.74781763e-02	1.01142450e-01
4482            	1.10785206e+00	2.95449075e-03	-1.41365690e-02	1.91794470e-02	1.03988365e-01
4483            	1.10793931e+00	2.25732315e-03	-9.42295308e-03	2.06448127e-02	1.06321302e-01
4484            	1.10806984e+00	1.64025380e-03	-5.34866982e-03	2.18401250e-02	1.07678218e-01
4485            	1.10807939e+00	1.13900473e-03	-2.18671106e-03	2.26864030e-02	1.07774981e-01
4486            	1.10787707e+00	5.84928909e-04	1.03611627e-03	2.33099106e-02	1.07235098e-01
4487            	1.10755137e+00	-1.73990382e-04	5.28593010e-03	2.38822570e-02	1.06978814e-01
4488            	1.10730045e+00	-1.10314465e-03	1.03222572e-02	2.45362018e-02	1.06475851e-01
4489            	1.10726522e+00	-1.97956567e-03	1.47792154e-02	2.51556475e-02	1.05520622e-01
4490            	1.10745173e+00	-2.53529128e-03	1.70769525e-02	2.55495652e-02	1.02214119e-01
4491            	1.10777022e+00	-2.68318840e-03	1.68506659e-02	2.56383787e-02	9.71759450e-02
4492            	1.10806167e+00	-2.54814807e-03	1.49494828e-02	2.54821740e-02	9.19759763e-02
4493            	1.10814231e+00	-2.19804976e-03	1.16642823e-02	2.50624193e-02	8.78845671e-02
4494            	1.10799973e+00	-1.76546138e-03	7.77547808e-03	2.42723645e-02	8.44997221e-02
4495            	1.10777732e+00	-1.13293520e-03	2.62137785e-03	2.30238548e-02	8.13518677e-02
4496            	1.10761820e+00	-4.29584265e-04	-2.80025555e-03	2.15144417e-02	7.94883214e-02
4497            	1.10761321e+00	3.75474061e-04	-8.67007748e-03	1.99884999e-02	7.87834540e-02
4498            	1.10771928e+00	9.79892585e-04	-1.30195191e-02	1.86325681e-02	7.93606898e-02
4499            	1.10787890e+00	1.42899585e-03	-1.61805255e-02	1.75028776e-02	7.95390440e-02
4500            	1.10797855e+00	1.81296061e-03	-1.86976747e-02	1.67132006e-02	7.92573535e-02
4501            	1.10792608e+00	2.21953973e-03	-2.10378402e-02	1.62976716e-02	7.96921590e-02
4502            	1.10779498e+00	2.66189597e-03	-2.33077032e-02	1.61239980e-02	8.17920946e-02
4503            	1.10772611e+00	3.22926223e-03	-2.61802322e-02	1.59960070e-02	8.46271141e-02
4504            	1.10780640e+00	4.02086524e-03	-3.03040555e-02	1.57915189e-02	8.84137489e-02
4505            	1.10803746e+00	4.90725239e-03	-3.47952691e-02	1.55469216e-02	9.22685838e-02
4506            	1.10831625e+00	5.50458582e-03	-3.70929937e-02	1.53791655e-02	9.69131576e-02
4507            	1.10849815e+00	5.69053807e-03	-3.64871596e-02	1.52806710e-02	1.01952358e-01
4508            	1.10846481e+00	5.35437817e-03	-3.25995994e-02	1.53986506e-02	1.06843172e-01
4509            	1.10822057e+00	4.65398198e-03	-2.66958123e-02	1.58868184e-02	1.10392595e-01
4510            	1.10789835e+00	3.91468350e-03	-2.09233681e-02	1.67824665e-02	1.12028371e-01
4511            	1.10763741e+00	3.13349602e-03	-1.51329477e-02	1.78889013e-02	1.11996278e-01
4512            	1.10751077e+00	2.39678690e-03	-9.85481452e-03	1.89780761e-02	1.10303252e-01
4513            	1.10748132e+00	1.62361386e-03	-4.50461465e-03	1.99406205e-02	1.08133028e-01
4514            	1.10751540e+00	9.79500229e-04	-2.07344782e-04	2.08260176e-02	1.05822644e-01
4515            	1.10751849e+00	4.03480152e-04	3.37212547e-03	2.16407047e-02	1.03469007e-01
4516            	1.10741554e+00	-3.20217160e-04	7.55393423e-03	2.23445112e-02	1.01285102e-01
4517            	1.10725808e+00	-1.16988912e-03	1.21831524e-02	2.28304652e-02	9.89352113e-02
4518            	1.10714482e+00	-1.97414569e-03	1.62008705e-02	2.31967625e-02	9.54151751e-02
4519            	1.10717133e+00	-2.59759458e-03	1.89033050e-02	2.35245845e-02	9.10984694e-02
4520            	1.10736339e+00	-2.98771779e-03	2.01347995e-02	2.38363345e-02	8.48286075e-02
4521            	1.10769167e+00	-3.10328134e-03	1.96739425e-02	2.40400947e-02	7.83099270e-02
4522            	1.10804003e+00	-2.96938653e-03	1.76056160e-02	2.41729226e-02	7.36742124e-02
4523            	1.10823885e+00	-2.65700194e-03	1.43184228e-02	2.42188256e-02	7.19489146e-02
4524            	1.10820361e+00	-2.11865795e-03	9.54690973e-03	2.40439404e-02	7.28850799e-02
4525            	1.10805831e+00	-1.43967357e-03	3.99260298e-03	2.35292771e-02	7.58709499e-02
4526            	1.10794061e+00	-7.43025696e-04	-1.43393199e-03	2.26609874e-02	7.99906505e-02
4527            	1.10790828e+00	-1.72273457e-05	-6.79593072e-03	2.15157249e-02	8.45352850e-02
4528            	1.10791846e+00	5.62000392e-04	-1.09008863e-02	2.02672344e-02	8.90236209e-02
4529            	1.10795100e+00	9.60646320e-04	-1.35494119e-02	1.89723489e-02	9.17210411e-02
4530            	1.10796802e+00	1.21409213e-03	-1.49588105e-02	1.77534456e-02	9.21791319e-02
4531            	1.10789379e+00	1.44945421e-03	-1.59665244e-02	1.67297778e-02	9.20538023e-02
4532            	1.10773252e+00	1.85162166e-03	-1.78046778e-02	1.59732457e-02	9.29282174e-02
4533            	1.10753153e+00	2.55320414e-03	-2.13236006e-02	1.53525956e-02	9.46117499e-02
4534            	1.10739605e+00	3.48987757e-03	-2.60127878e-02	1.47825176e-02	9.78246188e-02
4535            	1.10738883e+00	4.38734500e-03	-3.01392908e-02	1.43066018e-02	1.01193554e-01
4536            	1.10753470e+00	4.92909789e-03	-3.18473795e-02	1.40667490e-02	1.05154036e-01
4537            	1.10776475e+00	4.98909739e-03	-3.05103991e-02	1.41060577e-02	1.09628134e-01
4538            	1.10787525e+00	4.59543372e-03	-2.65066615e-02	1.44368129e-02	1.13284254e-01
4539            	1.10777756e+00	3.93496224e-03	-2.11449289e-02	1.49590861e-02	1.13614492e-01
4540            	1.10755934e+00	3.23861179e-03	-1.58553522e-02	1.57121033e-02	1.11291204e-01
4541            	1.10738295e+00	2.46829963e-03	-1.03292419e-02	1.67253489e-02	1.07708453e-01
4542            	1.10733216e+00	1.79223950e-03	-5.68497063e-03	1.79647203e-02	1.03998292e-01
4543            	1.10740315e+00	1.07910511e-03	-1.03029262e-03	1.92684439e-02	1.00922510e-01
4544            	1.10758410e+00	4.07237644e-04	3.15594481e-03	2.06208591e-02	9.87154350e-02
4545            	1.10778394e+00	-2.65952215e-04	7.08536461e-03	2.20098923e-02	9.76402887e-02
4546            	1.10786694e+00	-9.41073068e-04	1.06873177e-02	2.33517548e-02	9.81484449e-02
4547            	1.10781829e+00	-1.57373534e-03	1.36983594e-02	2.45270791e-02	9.93070181e-02
4548            	1.10772006e+00	-2.18789977e-03	1.64419843e-02	2.54373104e-02	9.83115433e-02
4549            	1.10769123e+00	-2.78058078e-03	1.91151213e-02	2.60119210e-02	9.50440606e-02
4550            	1.10778436e+00	-3.20588374e-03	2.08222613e-02	2.62729973e-02	8.94279317e-02
4551            	1.10801045e+00	-3.39141256e-03	2.10273115e-02	2.61775557e-02	8.36201902e-02
4552            	1.10824900e+00	-3.35180468e-03	1.97768890e-02	2.57828214e-02	7.88808907e-02
4553            	1.10830955e+00	-3.04328719e-03	1.67341200e-02	2.51488236e-02	7.69690797e-02
4554            	1.10813883e+00	-2.56470979e-03	1.25883931e-02	2.43228878e-02	7.76831604e-02
4555            	1.10785137e+00	-1.99523760e-03	7.97455409e-03	2.32284645e-02	8.03614598e-02
4556            	1.10757031e+00	-1.41697482e-03	3.52779116e-03	2.18242395e-02	8.37371975e-02
4557            	1.10737814e+00	-7.58252159e-04	-1.22712024e-03	2.02213729e-02	8.71857979e-02
4558            	1.10732416e+00	-3.23436117e-04	-4.28438810e-03	1.86872796e-02	9.06856431e-02
4559            	1.10744516e+00	-1.10490189e-04	-5.73958728e-03	1.73802126e-02	9.31401611e-02
4560            	1.10762358e+00	5.11154578e-05	-6.69018587e-03	1.63163497e-02	9.35656534e-02
4561            	1.10766482e+00	4.17438931e-04	-8.71269855e-03	1.53441546e-02	9.28038624e-02
4562            	1.10750221e+00	1.14416785e-03	-1.27234352e-02	1.44774900e-02	9.28965416e-02
4563            	1.10727494e+00	2.07903030e-03	-1.77086645e-02	1.38326734e-02	9.44430355e-02
4564            	1.10716555e+00	3.05705708e-03	-2.26718797e-02	1.34821115e-02	9.78204747e-02
4565            	1.10727266e+00	3.91920042e-03	-2.67605952e-02	1.33776600e-02	1.01433075e-01
4566            	1.10758348e+00	4.42401682e-03	-2.85170015e-02	1.35963726e-02	1.06140213e-01
4567            	1.10794208e+00	4.56766662e-03	-2.80055829e-02	1.42120139e-02	1.11613429e-01
4568            	1.10812665e+00	4.24455100e-03	-2.46815576e-02	1.52395173e-02	1.16586031e-01
4569            	1.10809131e+00	3.65268450e-03	-1.99302236e-02	1.65860704e-02	1.19273640e-01
4570            	1.10792138e+00	2.98419039e-03	-1.49646023e-02	1.80846146e-02	1.19635048e-01
4571            	1.10774549e+00	2.27260164e-03	-9.91219589e-03	1.95803679e-02	1.18251834e-01
4572            	1.10764434e+00	1.58926971e-03	-5.19514777e-03	2.09831292e-02	1.15791393e-01
4573            	1.10764297e+00	7.41340926e-04	5.40746472e-04	2.21336072e-02	1.12866922e-01
4574            	1.10776781e+00	-9.27637242e-05	6.02683734e-03	2.29960104e-02	1.09624115e-01
4575            	1.10789912e+00	-8.07287278e-04	1.04257129e-02	2.36216876e-02	1.06182511e-01
4576            	1.10785353e+00	-1.44144897e-03	1.39627154e-02	2.41164856e-02	1.03271001e-01
4577            	1.10758867e+00	-2.08748709e-03	1.74036122e-02	2.44435107e-02	9.93395979e-02
4578            	1.10725119e+00	-2.76444369e-03	2.09957805e-02	2.45470090e-02	9.30651373e-02
4579            	1.10702847e+00	-3.41733447e-03	2.43887114e-02	2.44469962e-02	8.55438442e-02
4580            	1.10707295e+00	-3.99917823e-03	2.72353273e-02	2.42879682e-02	7.73155328e-02
4581            	1.10735483e+00	-4.27127207e-03	2.79623033e-02	2.41011467e-02	7.11070411e-02
4582            	1.10768875e+00	-4.25029385e-03	2.67018747e-02	2.38097133e-02	6.77106495e-02
4583            	1.10781482e+00	-3.97506815e-03	2.37200362e-02	2.31608976e-02	6.64634992e-02
4584            	1.10767179e+00	-3.52674768e-03	1.96101024e-02	2.21264254e-02	6.67190839e-02
4585            	1.10739482e+00	-2.93486038e-03	1.46755910e-02	2.08459017e-02	6.89234570e-02
4586            	1.10717484e+00	-2.34615142e-03	9.93668878e-03	1.94932804e-02	7.26983115e-02
4587            	1.10715309e+00	-1.78466145e-03	5.57248965e-03	1.81650346e-02	7.76563952e-02
4588            	1.10735036e+00	-1.43612982e-03	2.78454584e-03	1.70601672e-02	8.32604675e-02
4589            	1.10769897e+00	-1.12878812e-03	4.13632158e-04	1.63832481e-02	8.86122890e-02
4590            	1.10797220e+00	-6.99330865e-04	-2.48134072e-03	1.61226758e-02	9.32510041e-02
4591            	1.10799118e+00	-5.93209896e-05	-6.30655071e-03	1.61284562e-02	9.89061425e-02
4592            	1.10775268e+00	7.75505429e-04	-1.08816750e-02	1.61832461e-02	1.06000427e-01
4593            	1.10746757e+00	1.77404285e-03	-1.61428673e-02	1.61590880e-02	1.12950769e-01
4594            	1.10735748e+00	2.73745807e-03	-2.09401790e-02	1.60778125e-02	1.19238005e-01
4595            	1.10747322e+00	3.56516929e-03	-2.47061476e-02	1.59289166e-02	1.23961495e-01
4596            	1.10773552e+00	4.11322231e-03	-2.66073447e-02	1.57729511e-02	1.27080884e-01
4597            	1.10800182e+00	4.22692104e-03	-2.57243615e-02	1.57900906e-02	1.29471505e-01
4598            	1.10804849e+00	3.79052413e-03	-2.14752371e-02	1.61941811e-02	1.30563804e-01
4599            	1.10782050e+00	3.13363919e-03	-1.60944773e-02	1.69514907e-02	1.28969867e-01
4600            	1.10745035e+00	2.43965396e-03	-1.07504319e-02	1.79240529e-02	1.25286028e-01
4601            	1.10714146e+00	1.58749912e-03	-4.57912594e-03	1.90037219e-02	1.20197952e-01
4602            	1.10705866e+00	6.55411372e-04	1.84735342e-03	2.01679587e-02	1.15111542e-01
4603            	1.10722764e+00	-3.53850645e-04	8.51253715e-03	2.12854218e-02	1.10785243e-01
4604            	1.10751868e+00	-1.10197243e-03	1.32194520e-02	2.21908824e-02	1.06434131e-01
4605            	1.10769625e+00	-1.61911443e-03	1.62091460e-02	2.26789942e-02	1.00519114e-01
4606            	1.10757667e+00	-2.14932268e-03	1.91435228e-02	2.28186084e-02	9.36302343e-02
4607            	1.10723770e+00	-2.81384608e-03	2.27860487e-02	2.28434957e-02	8.60819410e-02
4608            	1.10695777e+00	-3.56799058e-03	2.67606919e-02	2.29225922e-02	7.81906439e-02
4609            	1.10692706e+00	-4.31354010e-03	3.04666532e-02	2.30427310e-02	7.06066531e-02
4610            	1.10718130e+00	-4.80743074e-03	3.24221904e-02	2.32425401e-02	6.44386065e-02
4611            	1.10761979e+00	-4.97001486e-03	3.21850946e-02	2.35739399e-02	6.18691148e-02
4612            	1.10804137e+00	-4.88346460e-03	3.03070972e-02	2.39283449e-02	6.32693956e-02
4613            	1.10818605e+00	-4.59085872e-03	2.70502992e-02	2.40374850e-02	6.79794234e-02
4614            	1.10802866e+00	-4.05999719e-03	2.22647056e-02	2.36668436e-02	7.39709376e-02
4615            	1.10775406e+00	-3.43837746e-03	1.70682519e-02	2.27961568e-02	8.12202787e-02
4616            	1.10756806e+00	-2.89971330e-03	1.27236758e-02	2.15781361e-02	8.87277182e-02
4617            	1.10757005e+00	-2.44097533e-03	9.17066575e-03	2.01631111e-02	9.62008479e-02
4618            	1.10772293e+00	-2.05416922e-03	6.31209164e-03	1.87693300e-02	1.02899339e-01
4619            	1.10791890e+00	-1.61957194e-03	3.35688616e-03	1.76515190e-02	1.08647035e-01
4620            	1.10796375e+00	-1.05923887e-03	-8.53583200e-06	1.69624315e-02	1.13900168e-01
4621            	1.10772935e+00	-3.41956475e-04	-3.89082791e-03	1.65444961e-02	1.19547425e-01
4622            	1.10730202e+00	5.19770072e-04	-8.29529046e-03	1.61658083e-02	1.24984758e-01
4623            	1.10694310e+00	1.40170108e-03	-1.25946915e-02	1.57487075e-02	1.29677420e-01
4624            	1.10682447e+00	2.31384393e-03	-1.69821734e-02	1.54053751e-02	1.33389119e-01
4625            	1.10699301e+00	3.10536046e-03	-2.05779554e-02	1.52002208e-02	1.35371308e-01
4626            	1.10734391e+00	3.57871063e-03	-2.21223039e-02	1.51184648e-02	1.35715275e-01
4627            	1.10766868e+00	3.63061706e-03	-2.10107089e-02	1.50893835e-02	1.34594200e-01
4628            	1.10770999e+00	3.21912027e-03	-1.71082855e-02	1.52858962e-02	1.31448735e-01
4629            	1.10750087e+00	2.56039619e-03	-1.19252292e-02	1.58926481e-02	1.26022424e-01
4630            	1.10725364e+00	1.71752549e-03	-5.83295926e-03	1.69386226e-02	1.19932733e-01
4631            	1.10718246e+00	7.25859045e-04	9.51447535e-04	1.82561293e-02	1.13568773e-01
4632            	1.10732274e+00	-1.24401401e-04	6.53077810e-03	1.96836298e-02	1.08230910e-01
4633            	1.10759985e+00	-8.57365643e-04	1.11669473e-02	2.11571337e-02	1.04640029e-01
4634            	1.10787660e+00	-1.37362504e-03	1.43132797e-02	2.25279253e-02	1.01391371e-01
4635            	1.10797568e+00	-1.83474532e-03	1.70197904e-02	2.36239356e-02	9.75039689e-02
4636            	1.10782446e+00	-2.41027401e-03	2.02687126e-02	2.43559015e-02	9.35178580e-02
4637            	1.10753871e+00	-3.18804516e-03	2.45725219e-02	2.47702547e-02	8.90609665e-02
4638            	1.10730193e+00	-3.98176287e-03	2.87959982e-02	2.49503827e-02	8.41635564e-02
4639            	1.10721377e+00	-4.66981233e-03	3.22616737e-02	2.49031977e-02	7.93778694e-02
4640            	1.10734239e+00	-5.14043773e-03	3.43114377e-02	2.46716268e-02	7.47325506e-02
4641            	1.10763615e+00	-5.39648188e-03	3.49132522e-02	2.43574756e-02	7.22908471e-02
4642            	1.10787848e+00	-5.40672339e-03	3.38423724e-02	2.40078372e-02	7.31577913e-02
4643            	1.10782311e+00	-5.11770573e-03	3.07784701e-02	2.33673657e-02	7.63994534e-02
4644            	1.10751763e+00	-4.66812607e-03	2.67517755e-02	2.22978453e-02	8.04146972e-02
4645            	1.10719037e+00	-4.19847307e-03	2.27635572e-02	2.08897072e-02	8.56803449e-02
4646            	1.10704191e+00	-3.75529791e-03	1.91244092e-02	1.93927500e-02	9.16400860e-02
4647            	1.10710476e+00	-3.21888019e-03	1.50197113e-02	1.80356631e-02	9.88178681e-02
4648            	1.10730162e+00	-2.65118931e-03	1.09468214e-02	1.69288098e-02	1.06514348e-01
4649            	1.10746454e+00	-2.09012200e-03	7.25698174e-03	1.60140779e-02	1.13104904e-01
4650            	1.10743981e+00	-1.42440654e-03	3.30647271e-03	1.53054993e-02	1.17695055e-01
4651            	1.10721680e+00	-6.96822853e-04	-6.91173518e-04	1.48464395e-02	1.21774452e-01
4652            	1.10693005e+00	1.39997234e-04	-5.13725350e-03	1.46424352e-02	1.26362166e-01
4653            	1.10678919e+00	1.08329144e-03	-1.01372042e-02	1.45885631e-02	1.30497330e-01
4654            	1.10689231e+00	2.02697134e-03	-1.50236523e-02	1.46556777e-02	1.33501525e-01
4655            	1.10722530e+00	2.79495470e-03	-1.86943608e-02	1.49698950e-02	1.35581808e-01
4656            	1.10763499e+00	3.27320781e-03	-2.04418775e-02	1.55532164e-02	1.37122153e-01
4657            	1.10794182e+00	3.34102295e-03	-1.95885636e-02	1.63704330e-02	1.38730483e-01
4658            	1.10797485e+00	2.89828279e-03	-1.56067090e-02	1.73849798e-02	1.38566673e-01
4659            	1.10783813e+00	2.11871579e-03	-9.70385423e-03	1.85600644e-02	1.35559438e-01
4660            	1.10771142e+00	1.16131343e-03	-2.89773531e-03	1.98100061e-02	1.31028036e-01
4661            	1.10767471e+00	2.27551241e-04	3.55616623e-03	2.09460657e-02	1.24897076e-01
4662            	1.10771649e+00	-5.11228210e-04	8.59684398e-03	2.18708207e-02	1.18174341e-01
4663            	1.10779619e+00	-1.19166317e-03	1.32698046e-02	2.26091133e-02	1.11127954e-01
4664            	1.10782605e+00	-1.78014881e-03	1.73250022e-02	2.32133837e-02	1.04028705e-01
4665            	1.10771522e+00	-2.34337776e-03	2.10126213e-02	2.35410110e-02	9.67239743e-02
4666            	1.10742784e+00	-3.06980199e-03	2.54541906e-02	2.35921561e-02	8.98198912e-02
4667            	1.10703618e+00	-3.89123260e-03	3.02010641e-02	2.34943861e-02	8.34824864e-02
4668            	1.10675963e+00	-4.74808283e-03	3.49070386e-02	2.33859922e-02	7.84531242e-02
4669            	1.10674378e+00	-5.52314924e-03	3.88672248e-02	2.33361293e-02	7.46767836e-02
4670            	1.10698700e+00	-6.04600067e-03	4.10517124e-02	2.32499371e-02	7.16851925e-02
4671            	1.10733040e+00	-6.22180523e-03	4.08905617e-02	2.29445517e-02	6.98647937e-02
4672            	1.10756446e+00	-6.10431995e-03	3.88156803e-02	2.23538248e-02	6.98843764e-02
4673            	1.10755110e+00	-5.83254844e-03	3.57370311e-02	2.15126710e-02	7.22755224e-02
4674            	1.10741582e+00	-5.43469596e-03	3.18218205e-02	2.05095508e-02	7.64513259e-02
4675            	1.10732295e+00	-4.87624035e-03	2.69296982e-02	1.94260791e-02	8.30602011e-02
4676            	1.10735812e+00	-4.14325127e-03	2.10999588e-02	1.83924343e-02	9.10838144e-02
4677            	1.10748048e+00	-3.29929243e-03	1.48701183e-02	1.76817956e-02	1.01930418e-01
4678            	1.10764812e+00	-2.58096814e-03	9.85792214e-03	1.73924139e-02	1.14447546e-01
4679            	1.10778121e+00	-1.95963720e-03	5.80659400e-03	1.74388761e-02	1.26220800e-01
4680            	1.10781503e+00	-1.32269601e-03	1.96733012e-03	1.76235443e-02	1.35559326e-01
4681            	1.10768110e+00	-5.80737746e-04	-2.20002639e-03	1.77710451e-02	1.43297700e-01
4682            	1.10744046e+00	2.98050999e-04	-6.91744875e-03	1.77818065e-02	1.48948920e-01
4683            	1.10724090e+00	1.27032257e-03	-1.19385028e-02	1.75617188e-02	1.52505707e-01
4684            	1.10720448e+00	2.15660623e-03	-1.61829907e-02	1.71987250e-02	1.53253656e-01
4685            	1.10735371e+00	2.83577296e-03	-1.90105262e-02	1.69412659e-02	1.52286173e-01
4686            	1.10759572e+00	3.18392087e-03	-1.97013079e-02	1.69502064e-02	1.50625280e-01
4687            	1.10777099e+00	3.02282043e-03	-1.71377499e-02	1.71748411e-02	1.48581689e-01
4688            	1.10773798e+00	2.30782822e-03	-1.11969952e-02	1.76072983e-02	1.44803640e-01
4689            	1.10756749e+00	1.37407864e-03	-4.15782310e-03	1.82286764e-02	1.38365919e-01
4690            	1.10738936e+00	4.52344407e-04	2.51275561e-03	1.90259691e-02	1.30608808e-01
4691            	1.10730354e+00	-3.79108752e-04	8.40003108e-03	1.99369693e-02	1.21279525e-01
4692            	1.10728935e+00	-1.11915532e-03	1.35937309e-02	2.07739325e-02	1.11458589e-01
4693            	1.10732815e+00	-1.84097129e-03	1.85965602e-02	2.13074773e-02	1.01332925e-01
4694            	1.10737842e+00	-2.49452374e-03	2.29685312e-02	2.14913137e-02	9.09640180e-02
4695            	1.10735091e+00	-3.10274994e-03	2.67473499e-02	2.14941589e-02	8.12785535e-02
4696            	1.10718521e+00	-3.78654739e-03	3.06661058e-02	2.15215830e-02	7.41971483e-02
4697            	1.10695141e+00	-4.61611784e-03	3.52003833e-02	2.16434801e-02	6.89121598e-02
4698            	1.10683462e+00	-5.48219397e-03	3.96920397e-02	2.18636088e-02	6.60310242e-02
4699            	1.10691099e+00	-6.18786379e-03	4.29413476e-02	2.22734509e-02	6.53122055e-02
4700            	1.10718609e+00	-6.54078012e-03	4.37690685e-02	2.27842611e-02	6.64998651e-02
4701            	1.10757742e+00	-6.58347071e-03	4.25658466e-02	2.32245587e-02	7.02364830e-02
4702            	1.10792707e+00	-6.46479537e-03	4.03379504e-02	2.33715515e-02	7.63008397e-02
4703            	1.10805804e+00	-6.20099399e-03	3.71716168e-02	2.30691360e-02	8.41342802e-02
4704            	1.10797775e+00	-5.64527168e-03	3.21849009e-02	2.23465468e-02	9.27889165e-02
4705            	1.10778812e+00	-4.85937364e-03	2.59767294e-02	2.12500311e-02	1.02777071e-01
4706            	1.10761207e+00	-3.96759078e-03	1.95110491e-02	1.99758407e-02	1.13272565e-01
4707            	1.10750586e+00	-3.10963154e-03	1.36404959e-02	1.88577560e-02	1.25025582e-01
4708            	1.10750687e+00	-2.43898740e-03	9.24877501e-03	1.80746544e-02	1.36594941e-01
4709            	1.10755127e+00	-1.92502522e-03	6.11271400e-03	1.75522463e-02	1.45886111e-01
4710            	1.10747906e+00	-1.24923322e-03	2.23825863e-03	1.71701621e-02	1.51474173e-01
4711            	1.10722693e+00	-4.79291443e-04	-1.88376454e-03	1.68085715e-02	1.54677619e-01
4712            	1.10689473e+00	3.22443718e-04	-5.91117994e-03	1.64770187e-02	1.56084956e-01
4713            	1.10668689e+00	1.17869787e-03	-1.01580668e-02	1.62375407e-02	1.56722308e-01
4714            	1.10670529e+00	2.02714373e-03	-1.42934590e-02	1.60879166e-02	1.55613046e-01
4715            	1.10693956e+00	2.66434710e-03	-1.70391483e-02	1.59565999e-02	1.52550792e-01
4716            	1.10729612e+00	2.87213056e-03	-1.69668600e-02	1.58384859e-02	1.47805237e-01
4717            	1.10763190e+00	2.53879129e-03	-1.34826431e-02	1.59115158e-02	1.42709875e-01
4718            	1.10774620e+00	1.86137938e-03	-8.04546002e-03	1.63479989e-02	1.36862635e-01
4719            	1.10768282e+00	1.13233976e-03	-2.59832173e-03	1.71391836e-02	1.29269331e-01
4720            	1.10756369e+00	4.01039062e-04	2.68058130e-03	1.81484230e-02	1.20159505e-01
4721            	1.10748771e+00	-3.43409874e-04	7.96490951e-03	1.93706801e-02	1.10282833e-01
4722            	1.10749595e+00	-1.05553653e-03	1.29000011e-02	2.06774515e-02	1.01926761e-01
4723            	1.10762931e+00	-1.83417412e-03	1.81148335e-02	2.18744232e-02	9.51391899e-02
4724            	1.10779465e+00	-2.47297077e-03	2.22181042e-02	2.27747295e-02	8.94178336e-02
4725            	1.10784072e+00	-3.05254670e-03	2.56722596e-02	2.33290049e-02	8.53662785e-02
4726            	1.10768967e+00	-3.72755570e-03	2.94803266e-02	2.36399915e-02	8.31220101e-02
4727            	1.10741250e+00	-4.59343556e-03	3.42904447e-02	2.37149154e-02	8.14654335e-02
4728            	1.10716991e+00	-5.43432414e-03	3.87389302e-02	2.35858216e-02	8.04901639e-02
4729            	1.10709292e+00	-6.12507128e-03	4.20477234e-02	2.34518752e-02	8.01016877e-02
4730            	1.10725404e+00	-6.58808960e-03	4.38139051e-02	2.33513928e-02	8.09604087e-02
4731            	1.10759601e+00	-6.77230195e-03	4.37476593e-02	2.31789929e-02	8.37067203e-02
4732            	1.10789503e+00	-6.67031322e-03	4.17882960e-02	2.27875174e-02	8.84555710e-02
4733            	1.10790710e+00	-6.21939761e-03	3.75392927e-02	2.20673618e-02	9.51491419e-02
4734            	1.10768284e+00	-5.46588377e-03	3.14824924e-02	2.11199403e-02	1.03926509e-01
4735            	1.10737808e+00	-4.61245184e-03	2.50785270e-02	2.01303481e-02	1.15483182e-01
4736            	1.10716942e+00	-3.71067742e-03	1.86528367e-02	1.91709524e-02	1.27580635e-01
4737            	1.10713108e+00	-2.91481268e-03	1.31271229e-02	1.82273359e-02	1.39180311e-01
4738            	1.10724819e+00	-2.28149949e-03	8.85181978e-03	1.73362446e-02	1.48246468e-01
4739            	1.10739562e+00	-1.68288762e-03	5.01108648e-03	1.66560125e-02	1.53762305e-01
4740            	1.10743393e+00	-9.80201766e-04	8.01485843e-04	1.62840091e-02	1.56356116e-01
4741            	1.10730033e+00	-2.44494654e-04	-3.30017707e-03	1.61192416e-02	1.57306178e-01
4742            	1.10706789e+00	5.49055044e-04	-7.49956569e-03	1.60558540e-02	1.56821050e-01
4743            	1.10693046e+00	1.46905260e-03	-1.23736602e-02	1.62443302e-02	1.56783677e-01
4744            	1.10702875e+00	2.30556159e-03	-1.65908404e-02	1.66931527e-02	1.56241974e-01
4745            	1.10740157e+00	2.80616102e-03	-1.85848110e-02	1.72974627e-02	1.55296364e-01
4746            	1.10792283e+00	2.93524407e-03	-1.81621655e-02	1.78933357e-02	1.53543020e-01
4747            	1.10833344e+00	2.66674477e-03	-1.52457687e-02	1.84452956e-02	1.50912666e-01
4748            	1.10839640e+00	2.10994108e-03	-1.05868644e-02	1.90560745e-02	1.45754435e-01
4749            	1.10814873e+00	1.42666715e-03	-5.14559854e-03	1.96530196e-02	1.37087195e-01
4750            	1.10777704e+00	6.32493073e-04	9.70155632e-04	2.01572456e-02	1.26104729e-01
4751            	1.10750841e+00	-1.89235505e-04	7.06344404e-03	2.06994733e-02	1.14530570e-01
4752            	1.10742386e+00	-1.05200419e-03	1.31715215e-02	2.12656696e-02	1.04422752e-01
4753            	1.10748279e+00	-1.82185622e-03	1.84745285e-02	2.17522331e-02	9.60670952e-02
4754            	1.10754929e+00	-2.47782805e-03	2.28488683e-02	2.20285648e-02	8.93135155e-02
4755            	1.10746497e+00	-3.13407508e-03	2.69590793e-02	2.20372403e-02	8.43299343e-02
4756            	1.10718718e+00	-3.93900027e-03	3.17010915e-02	2.19046715e-02	8.13417719e-02
4757            	1.10682952e+00	-4.83376113e-03	3.66445668e-02	2.18008785e-02	7.94180608e-02
4758            	1.10660378e+00	-5.69256106e-03	4.10508995e-02	2.17246124e-02	7.87005946e-02
4759            	1.10665908e+00	-6.43392418e-03	4.45131920e-02	2.15822946e-02	7.78625095e-02
4760            	1.10702861e+00	-6.88604996e-03	4.60106172e-02	2.12932264e-02	7.73385373e-02
4761            	1.10752635e+00	-6.89860580e-03	4.45994639e-02	2.09668646e-02	7.89738782e-02
4762            	1.10786159e+00	-6.47884241e-03	4.03690688e-02	2.06467819e-02	8.39708489e-02
4763            	1.10786037e+00	-5.77393885e-03	3.43655468e-02	2.02844541e-02	9.26389100e-02
4764            	1.10763543e+00	-4.87153587e-03	2.72867559e-02	1.98218278e-02	1.04172140e-01
4765            	1.10740485e+00	-3.92450024e-03	2.01796157e-02	1.94310402e-02	1.18184993e-01
4766            	1.10734981e+00	-2.99792637e-03	1.34201355e-02	1.91779361e-02	1.33132803e-01
4767            	1.10745778e+00	-2.15369608e-03	7.42846251e-03	1.90681335e-02	1.48064123e-01
4768            	1.10767961e+00	-1.49367622e-03	2.87542971e-03	1.89852798e-02	1.59801282e-01
4769            	1.10787396e+00	-8.83189032e-04	-1.06163740e-03	1.88724902e-02	1.67298677e-01
4770            	1.10787440e+00	-2.06809892e-04	-5.04136261e-03	1.87793004e-02	1.70830495e-01
4771            	1.10761427e+00	5.48002610e-04	-9.11092422e-03	1.86025425e-02	1.71619961e-01
4772            	1.10725696e+00	1.32777798e-03	-1.30204370e-02	1.82538802e-02	1.69674673e-01
4773            	1.10706165e+00	2.05231305e-03	-1.63696829e-02	1.79395381e-02	1.67118139e-01
4774            	1.10716094e+00	2.62988940e-03	-1.86935552e-02	1.77617817e-02	1.63427625e-01
4775            	1.10750622e+00	3.01254358e-03	-1.97468062e-02	1.76921551e-02	1.59118342e-01
4776            	1.10789179e+00	3.17868630e-03	-1.93510551e-02	1.76441635e-02	1.53815675e-01
4777            	1.10805679e+00	2.94783465e-03	-1.63428839e-02	1.75985772e-02	1.46828592e-01
4778            	1.10786748e+00	2.32832696e-03	-1.08909966e-02	1.76904550e-02	1.36982298e-01
4779            	1.10749849e+00	1.56194943e-03	-4.73380290e-03	1.80435307e-02	1.25399573e-01
4780            	1.10720614e+00	6.20475374e-04	2.22388383e-03	1.85964041e-02	1.13503456e-01
4781            	1.10711015e+00	-2.62569632e-04	8.47495559e-03	1.91673205e-02	1.01638346e-01
4782            	1.10716890e+00	-1.08437456e-03	1.40969369e-02	1.95804848e-02	9.15485580e-02
4783            	1.10733042e+00	-1.82539751e-03	1.90487677e-02	1.98835774e-02	8.31450104e-02
4784            	1.10747518e+00	-2.50833386e-03	2.34012829e-02	2.01279758e-02	7.69320955e-02
4785            	1.10746190e+00	-3.18093078e-03	2.73366379e-02	2.03441006e-02	7.35690282e-02
4786            	1.10724977e+00	-3.92327727e-03	3.13116964e-02	2.05072902e-02	7.26518616e-02
4787            	1.10700870e+00	-4.76847053e-03	3.56298485e-02	2.08315776e-02	7.36364910e-02
4788            	1.10698757e+00	-5.62913269e-03	3.97955011e-02	2.13780703e-02	7.69463001e-02
4789            	1.10728001e+00	-6.27291327e-03	4.23865128e-02	2.20490322e-02	8.11421093e-02
4790            	1.10780348e+00	-6.46279588e-03	4.19461870e-02	2.26463360e-02	8.65567957e-02
4791            	1.10832471e+00	-6.18020873e-03	3.85206778e-02	2.30446812e-02	9.44965657e-02
4792            	1.10854830e+00	-5.59480916e-03	3.33730862e-02	2.31959008e-02	1.05516853e-01
4793            	1.10836890e+00	-4.82618843e-03	2.72802011e-02	2.29606688e-02	1.17975655e-01
4794            	1.10799395e+00	-3.92237125e-03	2.04987271e-02	2.22869183e-02	1.30536346e-01
4795            	1.10767277e+00	-3.03578035e-03	1.40148385e-02	2.14434608e-02	1.43772517e-01
4796            	1.10754822e+00	-2.10556986e-03	7.42292475e-03	2.06032183e-02	1.56212015e-01
4797            	1.10758632e+00	-1.31963771e-03	2.02445080e-03	1.98629467e-02	1.67072403e-01
4798            	1.10770144e+00	-7.23975996e-04	-1.88027655e-03	1.92228767e-02	1.74274009e-01
4799            	1.10774046e+00	-1.97238460e-04	-5.05185964e-03	1.86551385e-02	1.77019973e-01
4800            	1.10756686e+00	4.47214612e-04	-8.66152853e-03	1.82146227e-02	1.76476139e-01
4801            	1.10724008e+00	1.12170052e-03	-1.21539520e-02	1.79441005e-02	1.74532333e-01
4802            	1.10696920e+00	1.72204759e-03	-1.49468361e-02	1.77546692e-02	1.71201058e-01
4803            	1.10695369e+00	2.31787962e-03	-1.76192892e-02	1.75135196e-02	1.66913251e-01
4804            	1.10720660e+00	2.99358312e-03	-2.07755271e-02	1.71158773e-02	1.60208127e-01
4805            	1.10760326e+00	3.58507644e-03	-2.33142023e-02	1.66904393e-02	1.52019405e-01
4806            	1.10795534e+00	3.86779605e-03	-2.36859465e-02	1.63628398e-02	1.42684767e-01
4807            	1.10806264e+00	3.65535864e-03	-2.08150599e-02	1.62742295e-02	1.32763127e-01
4808            	1.10789969e+00	3.00784099e-03	-1.53597327e-02	1.64940004e-02	1.21672579e-01
4809            	1.10765512e+00	2.16851421e-03	-9.00674975e-03	1.71679024e-02	1.10720772e-01
4810            	1.10749277e+00	1.30398911e-03	-2.78795099e-03	1.82389964e-02	1.01626458e-01
4811            	1.10749732e+00	4.91465720e-04	2.83978295e-03	1.95178276e-02	9.50236267e-02
4812            	1.10763689e+00	-2.96266548e-04	8.11567557e-03	2.07084685e-02	9.10675350e-02
4813            	1.10784151e+00	-1.07184282e-03	1.31643909e-02	2.15980478e-02	8.86213674e-02
4814            	1.10794449e+00	-1.74601316e-03	1.73618430e-02	2.21482061e-02	8.73569396e-02
4815            	1.10780688e+00	-2.42852078e-03	2.13800255e-02	2.23380470e-02	8.76637760e-02
4816            	1.10747575e+00	-3.26326672e-03	2.61552394e-02	2.21947789e-02	8.89142263e-02
4817            	1.10717601e+00	-4.25633872e-03	3.16587353e-02	2.20144724e-02	9.03792008e-02
4818            	1.10713017e+00	-5.17462235e-03	3.63672226e-02	2.19472210e-02	9.28815358e-02
4819            	1.10734646e+00	-5.69773845e-03	3.83273816e-02	2.20185500e-02	9.59858072e-02
4820            	1.10769885e+00	-5.68665152e-03	3.68916172e-02	2.21230799e-02	1.01097541e-01
4821            	1.10796263e+00	-5.30820956e-03	3.32781658e-02	2.21309193e-02	1.08693559e-01
4822            	1.10794393e+00	-4.69783566e-03	2.82964323e-02	2.19622423e-02	1.18163815e-01
4823            	1.10770042e+00	-4.06151585e-03	2.31442109e-02	2.16044331e-02	1.29091394e-01
4824            	1.10741878e+00	-3.27335672e-03	1.70330934e-02	2.10560576e-02	1.40806615e-01
4825            	1.10724551e+00	-2.40793704e-03	1.05490425e-02	2.02944107e-02	1.51669629e-01
4826            	1.10722895e+00	-1.45913185e-03	3.72639770e-03	1.93144545e-02	1.60257253e-01
4827            	1.10733899e+00	-6.94291684e-04	-1.64621928e-03	1.83856743e-02	1.66724084e-01
4828            	1.10750141e+00	-1.31791164e-04	-5.47641554e-03	1.77162842e-02	1.70237383e-01
4829            	1.10760468e+00	3.93015809e-04	-8.85273550e-03	1.73973379e-02	1.70656800e-01
4830            	1.10757691e+00	9.53277926e-04	-1.21632154e-02	1.73309559e-02	1.69064918e-01
4831            	1.10746320e+00	1.53403693e-03	-1.52964061e-02	1.75194340e-02	1.67143809e-01
4832            	1.10741183e+00	2.18605773e-03	-1.86913215e-02	1.78771245e-02	1.64937910e-01
4833            	1.10751611e+00	2.97989328e-03	-2.28474017e-02	1.82570773e-02	1.62699681e-01
4834            	1.10777475e+00	3.89121069e-03	-2.75739533e-02	1.84649308e-02	1.58113095e-01
4835            	1.10810124e+00	4.52891236e-03	-3.02630992e-02	1.84459759e-02	1.51503664e-01
4836            	1.10836002e+00	4.75398444e-03	-3.00862911e-02	1.83016506e-02	1.43699839e-01
4837            	1.10838806e+00	4.43814520e-03	-2.64373314e-02	1.81677661e-02	1.35169224e-01
4838            	1.10815528e+00	3.72321382e-03	-2.04247693e-02	1.80913701e-02	1.24666714e-01
4839            	1.10782589e+00	2.94815413e-03	-1.43508179e-02	1.82690003e-02	1.14171257e-01
4840            	1.10757864e+00	2.07976746e-03	-7.93161433e-03	1.87413318e-02	1.05267057e-01
4841            	1.10748540e+00	1.22391952e-03	-1.84028339e-03	1.94195128e-02	9.85204952e-02
4842            	1.10747860e+00	3.17173243e-04	4.41697338e-03	2.00616804e-02	9.41421915e-02
4843            	1.10748661e+00	-4.87845691e-04	9.85366562e-03	2.04452181e-02	9.07845634e-02
4844            	1.10742964e+00	-1.24375757e-03	1.47379314e-02	2.05357421e-02	8.83129124e-02
4845            	1.10728047e+00	-2.10024771e-03	1.98985295e-02	2.04886722e-02	8.79477271e-02
4846            	1.10710834e+00	-3.10421405e-03	2.55674240e-02	2.04525165e-02	8.94401173e-02
4847            	1.10701954e+00	-4.00525960e-03	3.01727915e-02	2.04705871e-02	9.13099105e-02
4848            	1.10707851e+00	-4.61834650e-03	3.27092404e-02	2.04681717e-02	9.38807345e-02
4849            	1.10725747e+00	-4.88217291e-03	3.29867989e-02	2.05501727e-02	9.70405969e-02
4850            	1.10752949e+00	-4.75943828e-03	3.08760481e-02	2.07678120e-02	1.02569072e-01
4851            	1.10782491e+00	-4.36742130e-03	2.70791258e-02	2.10747808e-02	1.10661655e-01
4852            	1.10799149e+00	-3.81915816e-03	2.22292161e-02	2.13074492e-02	1.20997965e-01
4853            	1.10794331e+00	-3.08107517e-03	1.61042445e-02	2.14553442e-02	1.32659036e-01
4854            	1.10781140e+00	-2.19232969e-03	9.09901775e-03	2.15184878e-02	1.45087298e-01
4855            	1.10774420e+00	-1.28998454e-03	2.24856819e-03	2.14642448e-02	1.57473169e-01
4856            	1.10779531e+00	-3.48382495e-04	-4.62164111e-03	2.12437747e-02	1.68264388e-01
4857            	1.10791693e+00	4.35856178e-04	-1.01711650e-02	2.09203301e-02	1.76581245e-01
4858            	1.10806225e+00	9.81410801e-04	-1.38816492e-02	2.05940231e-02	1.80990891e-01
4859            	1.10813423e+00	1.37088664e-03	-1.62059078e-02	2.03356820e-02	1.81315323e-01
4860            	1.10806563e+00	1.74594735e-03	-1.80668648e-02	2.00005856e-02	1.78750708e-01
4861            	1.10789711e+00	2.27609857e-03	-2.06741207e-02	1.96141152e-02	1.74659900e-01
4862            	1.10773505e+00	3.01545929e-03	-2.44275920e-02	1.91985323e-02	1.69023844e-01
4863            	1.10765133e+00	3.90705363e-03	-2.88698362e-02	1.87882259e-02	1.62102530e-01
4864            	1.10768124e+00	4.75318273e-03	-3.27224780e-02	1.83160754e-02	1.53116130e-01
4865            	1.10780191e+00	5.32735862e-03	-3.46382081e-02	1.77127426e-02	1.43173018e-01
4866            	1.10795338e+00	5.39279159e-03	-3.32405848e-02	1.70913822e-02	1.33182333e-01
4867            	1.10795627e+00	4.97623306e-03	-2.89334137e-02	1.67091846e-02	1.23765946e-01
4868            	1.10777447e+00	4.22376593e-03	-2.28182622e-02	1.67173735e-02	1.14289766e-01
4869            	1.10753111e+00	3.40550182e-03	-1.66231779e-02	1.70349748e-02	1.05055655e-01
4870            	1.10736118e+00	2.47535973e-03	-9.98159117e-03	1.74338159e-02	9.63939763e-02
4871            	1.10730027e+00	1.63047631e-03	-4.13554506e-03	1.78627021e-02	8.92106083e-02
4872            	1.10733541e+00	7.52017350e-04	1.73088987e-03	1.83012280e-02	8.42930181e-02
4873            	1.10746718e+00	-1.13763324e-04	7.32493771e-03	1.87224901e-02	8.11995950e-02
4874            	1.10762669e+00	-9.59361293e-04	1.24759348e-02	1.90370254e-02	7.95285939e-02
4875            	1.10768464e+00	-1.74913604e-03	1.68559520e-02	1.94380773e-02	8.12402535e-02
4876            	1.10761371e+00	-2.49064317e-03	2.05457027e-02	2.00838247e-02	8.63756827e-02
4877            	1.10752188e+00	-3.11049119e-03	2.32173687e-02	2.09537926e-02	9.36113965e-02
4878            	1.10753644e+00	-3.61342857e-03	2.50908683e-02	2.19005374e-02	1.02675221e-01
4879            	1.10771266e+00	-3.85832630e-03	2.53110987e-02	2.27764583e-02	1.11707687e-01
4880            	1.10803201e+00	-3.76260796e-03	2.33624303e-02	2.34721568e-02	1.21150409e-01
4881            	1.10833330e+00	-3.38452547e-03	1.97100870e-02	2.39245125e-02	1.31548349e-01
4882            	1.10838470e+00	-2.75812909e-03	1.45310267e-02	2.39118213e-02	1.41445924e-01
4883            	1.10818311e+00	-2.02346230e-03	8.70868018e-03	2.34796904e-02	1.50392307e-01
4884            	1.10791238e+00	-1.22782939e-03	2.58444802e-03	2.27636321e-02	1.58723490e-01
4885            	1.10770468e+00	-4.40642515e-04	-3.29058496e-03	2.19557453e-02	1.66235328e-01
4886            	1.10759924e+00	4.39591307e-04	-9.54066963e-03	2.11227797e-02	1.72439626e-01
4887            	1.10758049e+00	1.08854764e-03	-1.39703856e-02	2.02905128e-02	1.76309778e-01
4888            	1.10766819e+00	1.43295328e-03	-1.61656575e-02	1.95551410e-02	1.76684208e-01
4889            	1.10780031e+00	1.68157357e-03	-1.75510815e-02	1.90349579e-02	1.73645813e-01
4890            	1.10782377e+00	2.12528012e-03	-1.99948106e-02	1.86817412e-02	1.68955505e-01
4891            	1.10768485e+00	2.88309297e-03	-2.41744517e-02	1.83133579e-02	1.62561901e-01
4892            	1.10747572e+00	3.77958427e-03	-2.88782290e-02	1.77048095e-02	1.53307846e-01
4893            	1.10733972e+00	4.72807083e-03	-3.35986464e-02	1.69434803e-02	1.42500941e-01
4894            	1.10741014e+00	5.60015199e-03	-3.76947869e-02	1.62019609e-02	1.31086691e-01
4895            	1.10770237e+00	6.09269801e-03	-3.93382722e-02	1.56280412e-02	1.20476868e-01
4896            	1.10805022e+00	6.14753000e-03	-3.82197040e-02	1.52737109e-02	1.11959471e-01
4897            	1.10820282e+00	5.74023546e-03	-3.42861784e-02	1.53771898e-02	1.05628470e-01
4898            	1.10811685e+00	5.04419089e-03	-2.87731707e-02	1.60276541e-02	1.00456517e-01
4899            	1.10791825e+00	4.24120126e-03	-2.28530754e-02	1.70637793e-02	9.67517744e-02
4900            	1.10775301e+00	3.35684395e-03	-1.66354063e-02	1.82003094e-02	9.41046838e-02
4901            	1.10771579e+00	2.49826286e-03	-1.07859042e-02	1.92209106e-02	9.26995392e-02
4902            	1.10781646e+00	1.49725286e-03	-4.12636654e-03	1.99984869e-02	9.24693296e-02
4903            	1.10801179e+00	5.31661712e-04	2.14332968e-03	2.05298236e-02	9.30042748e-02
4904            	1.10815162e+00	-2.86653995e-04	7.17949588e-03	2.07356886e-02	9.37774472e-02
4905            	1.10809530e+00	-9.81979137e-04	1.10872389e-02	2.08086483e-02	9.68636786e-02
4906            	1.10783440e+00	-1.64298276e-03	1.45548549e-02	2.09821026e-02	1.02675987e-01
4907            	1.10751610e+00	-2.27065937e-03	1.76789514e-02	2.13981853e-02	1.10045664e-01
4908            	1.10731854e+00	-2.77725954e-03	1.99323411e-02	2.19376366e-02	1.17842615e-01
4909            	1.10736807e+00	-3.11054331e-03	2.10130093e-02	2.24123452e-02	1.24524231e-01
4910            	1.10761164e+00	-3.07474675e-03	1.96597693e-02	2.27354740e-02	1.30836889e-01
4911            	1.10790009e+00	-2.73752170e-03	1.62963082e-02	2.29321964e-02	1.37632196e-01
4912            	1.10801546e+00	-2.18977169e-03	1.14964646e-02	2.29142624e-02	1.44892978e-01
4913            	1.10790928e+00	-1.52870004e-03	5.94030426e-03	2.25766556e-02	1.51296910e-01
4914            	1.10769257e+00	-7.27156387e-04	-3.96805567e-04	2.18545070e-02	1.56583126e-01
4915            	1.10751266e+00	9.54760405e-05	-6.62735303e-03	2.09530054e-02	1.60496513e-01
4916            	1.10749095e+00	8.59617345e-04	-1.22338670e-02	2.01045692e-02	1.63673367e-01
4917            	1.10768002e+00	1.33099686e-03	-1.57382815e-02	1.94559464e-02	1.65781182e-01
4918            	1.10800893e+00	1.71958694e-03	-1.85668819e-02	1.90041799e-02	1.65259547e-01
4919            	1.10828998e+00	2.23460560e-03	-2.19890212e-02	1.88626896e-02	1.62185138e-01
4920            	1.10833554e+00	2.96920046e-03	-2.64308004e-02	1.89648188e-02	1.57695376e-01
4921            	1.10813931e+00	3.83789414e-03	-3.12471795e-02	1.90954583e-02	1.51946609e-01
4922            	1.10791531e+00	4.74880189e-03	-3.59955089e-02	1.90586853e-02	1.45236431e-01
4923            	1.10785339e+00	5.63616210e-03	-4.03746495e-02	1.87771685e-02	1.37832323e-01
4924            	1.10801941e+00	6.45903901e-03	-4.42233573e-02	1.83049220e-02	1.29878133e-01
4925            	1.10829398e+00	6.99113940e-03	-4.60745239e-02	1.77925491e-02	1.22903727e-01
4926            	1.10851233e+00	7.02547746e-03	-4.46010222e-02	1.72572169e-02	1.17199874e-01
4927            	1.10848634e+00	6.47646097e-03	-3.94805261e-02	1.69242421e-02	1.12357219e-01
4928            	1.10822425e+00	5.64276556e-03	-3.28518500e-02	1.69386028e-02	1.07326740e-01
4929            	1.10786509e+00	4.76656266e-03	-2.62806726e-02	1.73381823e-02	1.03222128e-01
4930            	1.10758794e+00	3.73710350e-03	-1.89184130e-02	1.79109831e-02	9.97002285e-02
4931            	1.10750159e+00	2.66526422e-03	-1.14755295e-02	1.84356447e-02	9.69049480e-02
4932            	1.10760141e+00	1.50534885e-03	-3.65898865e-03	1.88328090e-02	9.52733719e-02
4933            	1.10779208e+00	5.95132332e-04	2.25147912e-03	1.91692970e-02	9.49439785e-02
4934            	1.10788444e+00	-8.71126752e-05	6.37609456e-03	1.94965807e-02	9.65918590e-02
4935            	1.10774002e+00	-7.12571638e-04	9.88089135e-03	1.98281777e-02	1.01058732e-01
4936            	1.10742129e+00	-1.33089005e-03	1.31008217e-02	2.00979921e-02	1.06415539e-01
4937            	1.10714106e+00	-1.93518968e-03	1.59834961e-02	2.03987856e-02	1.11568744e-01
4938            	1.10707552e+00	-2.46899598e-03	1.82170539e-02	2.08391464e-02	1.16848589e-01
4939            	1.10728442e+00	-2.72409050e-03	1.85289608e-02	2.14013560e-02	1.21231216e-01
4940            	1.10768829e+00	-2.65221848e-03	1.66757835e-02	2.19626629e-02	1.25652728e-01
4941            	1.10809742e+00	-2.31671301e-03	1.31060157e-02	2.25421895e-02	1.31577094e-01
4942            	1.10825346e+00	-1.74364063e-03	7.95940747e-03	2.30807089e-02	1.39088408e-01
4943            	1.10814184e+00	-9.69938028e-04	1.51168033e-03	2.34330456e-02	1.46967241e-01
4944            	1.10795451e+00	-1.33292294e-04	-5.19079287e-03	2.34838882e-02	1.54863122e-01
4945            	1.10789738e+00	5.60035072e-04	-1.06666233e-02	2.32170864e-02	1.61467745e-01
4946            	1.10803664e+00	1.16647731e-03	-1.53084015e-02	2.26945691e-02	1.66725832e-01
4947            	1.10826970e+00	1.70413611e-03	-1.92214075e-02	2.20473807e-02	1.69674868e-01
4948            	1.10846255e+00	2.26946018e-03	-2.29907438e-02	2.12692028e-02	1.68042727e-01
4949            	1.10848677e+00	2.89928593e-03	-2.67241788e-02	2.04666012e-02	1.61609511e-01
4950            	1.10826454e+00	3.59384923e-03	-3.04135786e-02	1.96843207e-02	1.52804747e-01
4951            	1.10788471e+00	4.40063434e-03	-3.44925296e-02	1.89498566e-02	1.43374500e-01
4952            	1.10757274e+00	5.21696806e-03	-3.84106257e-02	1.81772862e-02	1.33910931e-01
4953            	1.10743967e+00	6.14496992e-03	-4.28766137e-02	1.72992224e-02	1.24554721e-01
4954            	1.10752663e+00	6.95056765e-03	-4.64395662e-02	1.63999672e-02	1.15887347e-01
4955            	1.10777418e+00	7.35393116e-03	-4.73605646e-02	1.56695430e-02	1.08881953e-01
4956            	1.10802043e+00	7.22600028e-03	-4.49090486e-02	1.51899578e-02	1.04183164e-01
4957            	1.10801685e+00	6.62846029e-03	-3.96606205e-02	1.49988281e-02	1.00308007e-01
4958            	1.10777871e+00	5.77741860e-03	-3.31052936e-02	1.49896248e-02	9.52675992e-02
4959            	1.10751505e+00	4.78439323e-03	-2.59147224e-02	1.52073529e-02	9.01970770e-02
4960            	1.10744083e+00	3.62296981e-03	-1.78990116e-02	1.56990112e-02	8.57461145e-02
4961            	1.10757971e+00	2.58661473e-03	-1.09953502e-02	1.64130354e-02	8.30909235e-02
4962            	1.10784027e+00	1.66874276e-03	-5.09408698e-03	1.72398530e-02	8.29292013e-02
4963            	1.10809006e+00	1.02825317e-03	-1.15678908e-03	1.81787498e-02	8.58053010e-02
4964            	1.10815457e+00	4.88931350e-04	1.98305407e-03	1.92672910e-02	9.20076815e-02
4965            	1.10798395e+00	-8.32972173e-05	5.09755121e-03	2.04430953e-02	1.01054481e-01
4966            	1.10771860e+00	-7.66752695e-04	8.62451327e-03	2.15923258e-02	1.10717472e-01
4967            	1.10754597e+00	-1.42633831e-03	1.17316387e-02	2.26319457e-02	1.19790370e-01
4968            	1.10757108e+00	-1.91513870e-03	1.35887750e-02	2.34901864e-02	1.26791410e-01
4969            	1.10779064e+00	-2.10996430e-03	1.35361487e-02	2.41625652e-02	1.31668725e-01
4970            	1.10811850e+00	-2.04593877e-03	1.18872624e-02	2.45427792e-02	1.35338720e-01
4971            	1.10836491e+00	-1.73858534e-03	8.71701726e-03	2.46715699e-02	1.39082433e-01
4972            	1.10833218e+00	-1.21836295e-03	4.13903114e-03	2.45654644e-02	1.43469421e-01
4973            	1.10808038e+00	-6.01671966e-04	-1.02533784e-03	2.42751830e-02	1.47875062e-01
4974            	1.10783360e+00	1.68684283e-05	-6.04294537e-03	2.37391928e-02	1.52423802e-01
4975            	1.10775483e+00	5.77350276e-04	-1.04479959e-02	2.29127374e-02	1.55554659e-01
4976            	1.10783797e+00	1.24823971e-03	-1.53617704e-02	2.18971823e-02	1.57382225e-01
4977            	1.10798663e+00	1.89020543e-03	-1.98179525e-02	2.08897345e-02	1.56629196e-01
4978            	1.10810321e+00	2.50744834e-03	-2.37909434e-02	1.99835661e-02	1.51710655e-01
4979            	1.10809588e+00	3.16154334e-03	-2.76365594e-02	1.91738357e-02	1.43089096e-01
4980            	1.10792781e+00	3.86776953e-03	-3.14879030e-02	1.82986542e-02	1.32606765e-01
4981            	1.10765325e+00	4.65598170e-03	-3.55646395e-02	1.73476989e-02	1.21393032e-01
4982            	1.10744890e+00	5.59450007e-03	-4.04265352e-02	1.64497027e-02	1.11903785e-01
4983            	1.10746089e+00	6.53518076e-03	-4.51795295e-02	1.57107415e-02	1.03974771e-01
4984            	1.10772559e+00	7.24372307e-03	-4.83774118e-02	1.51335027e-02	9.76807557e-02
4985            	1.10809142e+00	7.59960766e-03	-4.92380600e-02	1.48294534e-02	9.38448568e-02
4986            	1.10837050e+00	7.50721958e-03	-4.72541995e-02	1.49111978e-02	9.29578793e-02
4987            	1.10839113e+00	6.89834334e-03	-4.21222396e-02	1.54017256e-02	9.37240678e-02
4988            	1.10826570e+00	5.94450782e-03	-3.50367193e-02	1.61840693e-02	9.41092630e-02
4989            	1.10817768e+00	4.83027535e-03	-2.71997097e-02	1.70995457e-02	9.42347151e-02
4990            	1.10821249e+00	3.73805090e-03	-1.97545014e-02	1.80497457e-02	9.40592862e-02
4991            	1.10830708e+00	2.87044642e-03	-1.39279685e-02	1.89780928e-02	9.52020411e-02
4992            	1.10835605e+00	2.08873945e-03	-8.60604006e-03	1.97689045e-02	9.83426733e-02
4993            	1.10831843e+00	1.44416133e-03	-4.20932923e-03	2.04091951e-02	1.02863977e-01
4994            	1.10816373e+00	8.33735601e-04	-2.90571604e-04	2.09525226e-02	1.08267180e-01
4995            	1.10788636e+00	1.00992130e-04	4.02814293e-03	2.15362943e-02	1.15174163e-01
4996            	1.10754366e+00	-6.18641496e-04	7.91115410e-03	2.21153028e-02	1.21413746e-01
4997            	1.10727912e+00	-1.28328462e-03	1.11982890e-02	2.25984032e-02	1.26072677e-01
4998            	1.10720948e+00	-1.81916848e-03	1.35263713e-02	2.29621796e-02	1.28379668e-01
4999            	1.10737424e+00	-2.10680454e-03	1.41636253e-02	2.33121294e-02	1.29112730e-01
5000            	1.10767952e+00	-2.05790340e-03	1.25706467e-02	2.36568417e-02	1.30094458e-01
