# y+ ()         
# Time          	patch           	min             	max             	average         
4250            	rocket_body	2.30877421e+00	4.47372300e+02	7.06625991e+01
4250            	rocket_fins	1.21526481e+00	2.98453562e+02	3.78598424e+01
4250            	rocket_tab	3.28726047e+00	2.18365742e+02	3.62546951e+01
4250            	rocket_slot	2.58783428e+01	2.14006072e+02	1.06961253e+02
4500            	rocket_body	2.31037434e+00	4.45472053e+02	7.06575382e+01
4500            	rocket_fins	1.21233580e+00	2.98455584e+02	3.78600021e+01
4500            	rocket_tab	3.28599147e+00	2.18023201e+02	3.62502577e+01
4500            	rocket_slot	2.59450399e+01	2.13985884e+02	1.06977661e+02
4750            	rocket_body	2.30840540e+00	4.30138154e+02	7.06516125e+01
4750            	rocket_fins	1.79995980e+00	2.98452506e+02	3.78597903e+01
4750            	rocket_tab	3.22751569e+00	2.17690668e+02	3.62505166e+01
4750            	rocket_slot	2.60701348e+01	2.13969581e+02	1.06975865e+02
5000            	rocket_body	2.30926943e+00	4.53213794e+02	7.06532906e+01
5000            	rocket_fins	1.31972447e+00	2.98453865e+02	3.78595919e+01
5000            	rocket_tab	3.29158858e+00	2.16659029e+02	3.62551539e+01
5000            	rocket_slot	2.62244023e+01	2.13980111e+02	1.07015805e+02
