# y+ ()         
# Time          	patch           	min             	max             	average         
5250            	rocket_body	2.30969282e+00	4.37030762e+02	7.06529046e+01
5250            	rocket_fins	1.58071351e+00	2.98453247e+02	3.78597259e+01
5250            	rocket_tab	3.30202443e+00	2.14907222e+02	3.62681646e+01
5250            	rocket_slot	2.63640753e+01	2.13972032e+02	1.07022603e+02
5500            	rocket_body	2.30902358e+00	4.59065332e+02	7.06561041e+01
5500            	rocket_fins	1.27540742e+00	2.98453166e+02	3.78591787e+01
5500            	rocket_tab	3.39828727e+00	2.14232713e+02	3.62783116e+01
5500            	rocket_slot	2.64454761e+01	2.14004509e+02	1.07057475e+02
5750            	rocket_body	2.31129778e+00	4.49899561e+02	7.06587073e+01
5750            	rocket_fins	1.56365867e+00	2.98455192e+02	3.78592995e+01
5750            	rocket_tab	3.43992339e+00	2.12927818e+02	3.62853641e+01
5750            	rocket_slot	2.64655403e+01	2.14007758e+02	1.07058914e+02
6000            	rocket_body	2.30877145e+00	4.59860824e+02	7.06634635e+01
6000            	rocket_fins	1.57279723e+00	2.98453002e+02	3.78598228e+01
6000            	rocket_tab	3.47229773e+00	2.13834787e+02	3.62885317e+01
6000            	rocket_slot	2.64104733e+01	2.14030445e+02	1.07054700e+02
