# y+ ()         
# Time          	patch           	min             	max             	average         
250             	rocket_body	9.67005553e-01	1.29656133e+02	2.19210430e+01
250             	rocket_fins	1.76664624e+00	1.80637128e+02	1.53964472e+01
250             	rocket_tab	3.25747578e+00	1.06011004e+02	2.04908468e+01
250             	rocket_slot	3.49487927e+00	9.96666302e+01	7.04055257e+01
500             	rocket_body	2.56509969e+00	2.63340407e+02	4.57330094e+01
500             	rocket_fins	2.34963700e+00	2.83259120e+02	2.66402673e+01
500             	rocket_tab	4.09849805e+00	1.54885580e+02	3.42229356e+01
500             	rocket_slot	1.73878197e+01	1.73460085e+02	1.10957011e+02
750             	rocket_body	2.23816419e+00	2.89051405e+02	5.14711883e+01
750             	rocket_fins	2.45422397e+00	2.04030159e+02	2.81283891e+01
750             	rocket_tab	4.06135221e+00	1.60149362e+02	3.43942201e+01
750             	rocket_slot	1.72347126e+01	2.11987698e+02	1.13221786e+02
1000            	rocket_body	1.90037089e+00	2.98304099e+02	5.21719769e+01
1000            	rocket_fins	2.58344642e+00	1.97887319e+02	2.86244211e+01
1000            	rocket_tab	4.06328573e+00	1.61381775e+02	3.45112646e+01
1000            	rocket_slot	1.71835809e+01	2.13525042e+02	1.13476667e+02
1250            	rocket_body	1.47604669e+00	3.00824764e+02	5.21921217e+01
1250            	rocket_fins	2.06308482e+00	1.97815471e+02	2.86415623e+01
1250            	rocket_tab	4.06525168e+00	1.61404652e+02	3.45199729e+01
1250            	rocket_slot	1.71828954e+01	2.13697273e+02	1.13497372e+02
1500            	rocket_body	1.88669247e+00	3.01143199e+02	5.21914094e+01
1500            	rocket_fins	1.80880183e+00	1.97813893e+02	2.86415879e+01
1500            	rocket_tab	4.06625566e+00	1.61402261e+02	3.45203843e+01
1500            	rocket_slot	1.71820121e+01	2.13701132e+02	1.13499413e+02
1750            	rocket_body	1.88673970e+00	3.01113109e+02	5.21919379e+01
1750            	rocket_fins	1.78036101e+00	1.97813794e+02	2.86415132e+01
1750            	rocket_tab	4.06737465e+00	1.61403323e+02	3.45206443e+01
1750            	rocket_slot	1.71811668e+01	2.13692084e+02	1.13499975e+02
2000            	rocket_body	1.79906698e+00	3.01026741e+02	5.21917654e+01
2000            	rocket_fins	1.99129164e+00	1.97813763e+02	2.86416203e+01
2000            	rocket_tab	4.06823168e+00	1.61406470e+02	3.45208022e+01
2000            	rocket_slot	1.71805592e+01	2.13675687e+02	1.13499819e+02
2250            	rocket_body	1.88618740e+00	3.01120984e+02	5.21917698e+01
2250            	rocket_fins	1.89140298e+00	1.97813789e+02	2.86416318e+01
2250            	rocket_tab	4.06858251e+00	1.61411177e+02	3.45208220e+01
2250            	rocket_slot	1.71802003e+01	2.13654609e+02	1.13498891e+02
2500            	rocket_body	1.88576885e+00	3.00414656e+02	5.21915965e+01
2500            	rocket_fins	1.90185184e+00	1.97813871e+02	2.86417770e+01
2500            	rocket_tab	4.06842883e+00	1.61416082e+02	3.45206436e+01
2500            	rocket_slot	1.71801333e+01	2.13628944e+02	1.13497398e+02
2750            	rocket_body	1.88547885e+00	3.00453979e+02	5.21917215e+01
2750            	rocket_fins	1.89796334e+00	1.97813983e+02	2.86416163e+01
2750            	rocket_tab	4.06782298e+00	1.61419898e+02	3.45202841e+01
2750            	rocket_slot	1.71804431e+01	2.13598041e+02	1.13495735e+02
3000            	rocket_body	1.88547149e+00	3.00635006e+02	5.21928001e+01
3000            	rocket_fins	1.85262716e+00	1.97814118e+02	2.86411734e+01
3000            	rocket_tab	4.06676557e+00	1.61421733e+02	3.45199643e+01
3000            	rocket_slot	1.71810906e+01	2.13576800e+02	1.13494557e+02
