# Force and moment coefficients
# dragDir       : (0.00000000e+00 0.00000000e+00 -1.00000000e+00)
# sideDir       : (-0.00000000e+00 1.00000000e+00 0.00000000e+00)
# liftDir       : (1.00000000e+00 0.00000000e+00 0.00000000e+00)
# rollAxis      : (0.00000000e+00 0.00000000e+00 -1.00000000e+00)
# pitchAxis     : (-0.00000000e+00 1.00000000e+00 0.00000000e+00)
# yawAxis       : (1.00000000e+00 0.00000000e+00 0.00000000e+00)
# magUInf       : 2.88200000e+02
# lRef          : 5.78100000e-02
# Aref          : 2.62480000e-03
# CofR          : (0.00000000e+00 0.00000000e+00 3.99000000e-01)
#
# Time          	Cd              	Cl              	CmPitch         	CmRoll          	CmYaw           
3001            	1.10774232e+00	6.52000036e-04	-1.06326211e-02	2.22948410e-02	1.52384639e-01
3002            	1.10791966e+00	1.38615187e-03	-1.63100186e-02	2.18845481e-02	1.55556841e-01
3003            	1.10819639e+00	2.12066570e-03	-2.16819024e-02	2.14746513e-02	1.56542558e-01
3004            	1.10846177e+00	2.79122621e-03	-2.62608312e-02	2.09542563e-02	1.53439311e-01
3005            	1.10857701e+00	3.39523629e-03	-3.00247604e-02	2.02866354e-02	1.46295938e-01
3006            	1.10845449e+00	4.04674590e-03	-3.37268192e-02	1.95367285e-02	1.37525094e-01
3007            	1.10818059e+00	4.83117231e-03	-3.79278027e-02	1.86724920e-02	1.29035074e-01
3008            	1.10792188e+00	5.80569795e-03	-4.30492282e-02	1.76564339e-02	1.20650439e-01
3009            	1.10785959e+00	6.84551665e-03	-4.83702551e-02	1.67428267e-02	1.14122863e-01
3010            	1.10801382e+00	7.69681814e-03	-5.23651215e-02	1.60862330e-02	1.08845887e-01
3011            	1.10824882e+00	8.14054087e-03	-5.36485911e-02	1.56899898e-02	1.04956857e-01
3012            	1.10835666e+00	8.13918305e-03	-5.20958940e-02	1.54617236e-02	1.02240662e-01
3013            	1.10820217e+00	7.59125839e-03	-4.71551039e-02	1.53763629e-02	9.98291689e-02
3014            	1.10790944e+00	6.65663046e-03	-3.99414941e-02	1.55218976e-02	9.68679343e-02
3015            	1.10766844e+00	5.45796713e-03	-3.13024487e-02	1.59851286e-02	9.42255647e-02
3016            	1.10759392e+00	4.38267844e-03	-2.37833585e-02	1.67045819e-02	9.22343989e-02
3017            	1.10763096e+00	3.45348477e-03	-1.74127755e-02	1.75083505e-02	9.21148398e-02
3018            	1.10772394e+00	2.70018674e-03	-1.22486897e-02	1.81938537e-02	9.44287909e-02
3019            	1.10781127e+00	2.14014053e-03	-8.38660613e-03	1.87897848e-02	9.85328520e-02
3020            	1.10780696e+00	1.68944520e-03	-5.43904363e-03	1.93809813e-02	1.03147373e-01
3021            	1.10763150e+00	1.13528185e-03	-2.18346560e-03	2.00136030e-02	1.08217701e-01
3022            	1.10738681e+00	4.99018237e-04	1.18924004e-03	2.07060307e-02	1.13279915e-01
3023            	1.10726766e+00	-1.72336293e-04	4.46728808e-03	2.16109221e-02	1.18075759e-01
3024            	1.10739195e+00	-7.57174413e-04	6.96264308e-03	2.27000764e-02	1.23228966e-01
3025            	1.10770606e+00	-1.17134935e-03	8.24683413e-03	2.38300389e-02	1.27651956e-01
3026            	1.10809661e+00	-1.27642672e-03	7.48282207e-03	2.48213540e-02	1.31864141e-01
3027            	1.10839134e+00	-1.20925771e-03	5.57310890e-03	2.55272496e-02	1.36382878e-01
3028            	1.10845594e+00	-9.87988554e-04	2.69551154e-03	2.58542499e-02	1.41779977e-01
3029            	1.10833335e+00	-5.63597170e-04	-1.36116394e-03	2.57141865e-02	1.46682226e-01
3030            	1.10814126e+00	1.35893079e-05	-6.20363244e-03	2.50332418e-02	1.50120208e-01
3031            	1.10801423e+00	8.35134368e-04	-1.24095617e-02	2.40315163e-02	1.51665651e-01
3032            	1.10798482e+00	1.62489362e-03	-1.80652849e-02	2.28846866e-02	1.51010871e-01
3033            	1.10805065e+00	2.31550491e-03	-2.27266172e-02	2.17362741e-02	1.47809524e-01
3034            	1.10813873e+00	2.94940010e-03	-2.67374606e-02	2.05750890e-02	1.41244383e-01
3035            	1.10812721e+00	3.44063334e-03	-2.95353971e-02	1.93533821e-02	1.31347670e-01
3036            	1.10790768e+00	4.05567473e-03	-3.28186800e-02	1.81189876e-02	1.20861214e-01
3037            	1.10760242e+00	4.79928550e-03	-3.66787433e-02	1.69875670e-02	1.12353900e-01
3038            	1.10740229e+00	5.71998874e-03	-4.14884530e-02	1.59786987e-02	1.05110527e-01
3039            	1.10742923e+00	6.69134492e-03	-4.64945100e-02	1.50567370e-02	9.93294919e-02
3040            	1.10762527e+00	7.51177505e-03	-5.04197356e-02	1.41563993e-02	9.31374386e-02
3041            	1.10787455e+00	7.91465123e-03	-5.15627944e-02	1.33897536e-02	8.76365219e-02
3042            	1.10806125e+00	7.73002675e-03	-4.89579025e-02	1.29444343e-02	8.36981823e-02
3043            	1.10810857e+00	6.99370075e-03	-4.30539025e-02	1.30007070e-02	8.13081312e-02
3044            	1.10805613e+00	6.07051918e-03	-3.62725438e-02	1.35582864e-02	7.94521711e-02
3045            	1.10795736e+00	5.12138797e-03	-2.95693693e-02	1.46563863e-02	7.93154109e-02
3046            	1.10790213e+00	4.34618768e-03	-2.41565531e-02	1.62304655e-02	8.19627241e-02
3047            	1.10788914e+00	3.55965335e-03	-1.86747374e-02	1.80384314e-02	8.82323147e-02
3048            	1.10796399e+00	2.85832159e-03	-1.38211820e-02	1.97218840e-02	9.67356315e-02
3049            	1.10810758e+00	2.26045806e-03	-9.79546595e-03	2.10775871e-02	1.05437916e-01
3050            	1.10814639e+00	1.77923430e-03	-6.75474490e-03	2.21112257e-02	1.13138934e-01
3051            	1.10793450e+00	1.27629756e-03	-3.84506781e-03	2.28500261e-02	1.19065832e-01
3052            	1.10759927e+00	6.63945965e-04	-5.12817549e-04	2.32779496e-02	1.23037811e-01
3053            	1.10737274e+00	-5.37869662e-05	3.23567602e-03	2.35999331e-02	1.24954343e-01
3054            	1.10736583e+00	-7.08957998e-04	6.38560891e-03	2.39482192e-02	1.26059112e-01
3055            	1.10752523e+00	-1.15826063e-03	8.10171876e-03	2.43602160e-02	1.26240197e-01
3056            	1.10777311e+00	-1.37117332e-03	8.31975170e-03	2.47375614e-02	1.26650530e-01
3057            	1.10796794e+00	-1.47742362e-03	7.81508658e-03	2.48933202e-02	1.27779629e-01
3058            	1.10799029e+00	-1.35409971e-03	5.72768451e-03	2.47097016e-02	1.29813821e-01
3059            	1.10788125e+00	-8.57935339e-04	1.20052169e-03	2.42235323e-02	1.31884303e-01
3060            	1.10773419e+00	-1.29281634e-04	-4.67521415e-03	2.34698878e-02	1.33123076e-01
3061            	1.10763407e+00	7.75773883e-04	-1.13916981e-02	2.24366786e-02	1.31931582e-01
3062            	1.10760584e+00	1.58538257e-03	-1.71283626e-02	2.11270809e-02	1.28316183e-01
3063            	1.10770239e+00	2.28278940e-03	-2.18752123e-02	1.97861825e-02	1.22497502e-01
3064            	1.10790040e+00	2.84694186e-03	-2.55674693e-02	1.85877919e-02	1.14664703e-01
3065            	1.10802304e+00	3.37988720e-03	-2.88431803e-02	1.75979240e-02	1.06023451e-01
3066            	1.10795804e+00	4.00120713e-03	-3.24221618e-02	1.67783140e-02	9.84323657e-02
3067            	1.10777564e+00	4.76994572e-03	-3.66872673e-02	1.61967105e-02	9.36323321e-02
3068            	1.10765330e+00	5.70970556e-03	-4.18249542e-02	1.58331256e-02	9.09739927e-02
3069            	1.10771911e+00	6.73956553e-03	-4.73648630e-02	1.56022728e-02	9.02074485e-02
3070            	1.10797847e+00	7.54119766e-03	-5.12836194e-02	1.53940306e-02	8.96823990e-02
3071            	1.10835300e+00	7.80260554e-03	-5.15690779e-02	1.51667882e-02	8.97003819e-02
3072            	1.10868580e+00	7.43511336e-03	-4.78535828e-02	1.50580045e-02	9.00845290e-02
3073            	1.10875393e+00	6.70143843e-03	-4.19692704e-02	1.52216813e-02	9.05597083e-02
3074            	1.10855498e+00	5.89689772e-03	-3.58020806e-02	1.56300886e-02	9.04634812e-02
3075            	1.10821624e+00	5.07334832e-03	-2.95626008e-02	1.63795931e-02	9.17341611e-02
3076            	1.10791886e+00	4.27360626e-03	-2.35617926e-02	1.74531888e-02	9.44345545e-02
3077            	1.10774489e+00	3.43924842e-03	-1.74767624e-02	1.87358120e-02	9.93522063e-02
3078            	1.10774021e+00	2.64627829e-03	-1.18686745e-02	1.99818574e-02	1.05743369e-01
3079            	1.10779883e+00	2.06390850e-03	-7.83631833e-03	2.09693413e-02	1.11532020e-01
3080            	1.10774378e+00	1.55807359e-03	-4.56598208e-03	2.16766900e-02	1.15353498e-01
3081            	1.10751596e+00	9.83539585e-04	-1.20611709e-03	2.22434353e-02	1.17853090e-01
3082            	1.10721845e+00	2.93067355e-04	2.50819381e-03	2.27858709e-02	1.19464533e-01
3083            	1.10702114e+00	-4.03107466e-04	5.96085216e-03	2.32831083e-02	1.19510856e-01
3084            	1.10704145e+00	-1.02852739e-03	8.75719896e-03	2.36116174e-02	1.17764653e-01
3085            	1.10730090e+00	-1.52375945e-03	1.06679361e-02	2.38123876e-02	1.14641063e-01
3086            	1.10774417e+00	-1.84798957e-03	1.14084476e-02	2.39532628e-02	1.12073126e-01
3087            	1.10814444e+00	-1.87486754e-03	1.00801173e-02	2.39956107e-02	1.11158907e-01
3088            	1.10829931e+00	-1.46154460e-03	5.80516897e-03	2.38130328e-02	1.11691528e-01
3089            	1.10821559e+00	-6.93263463e-04	-6.02690238e-04	2.34613736e-02	1.12464167e-01
3090            	1.10802725e+00	1.69153415e-04	-7.27981196e-03	2.30055882e-02	1.13333359e-01
3091            	1.10791097e+00	1.09774201e-03	-1.40927545e-02	2.24486153e-02	1.13772008e-01
3092            	1.10797657e+00	1.81029202e-03	-1.92666159e-02	2.17811002e-02	1.13834739e-01
3093            	1.10819304e+00	2.47292915e-03	-2.38907770e-02	2.10153040e-02	1.12356658e-01
3094            	1.10843173e+00	3.07303634e-03	-2.78554242e-02	2.02145993e-02	1.09415634e-01
3095            	1.10847760e+00	3.65421886e-03	-3.13167742e-02	1.94199499e-02	1.05189194e-01
3096            	1.10824579e+00	4.24540829e-03	-3.44378317e-02	1.84895236e-02	1.00999982e-01
3097            	1.10787121e+00	4.95343833e-03	-3.80004679e-02	1.74608140e-02	9.76148052e-02
3098            	1.10757648e+00	5.81093405e-03	-4.23332242e-02	1.64162729e-02	9.46734767e-02
3099            	1.10753718e+00	6.61894343e-03	-4.61681527e-02	1.54901735e-02	9.27427245e-02
3100            	1.10775856e+00	7.13146080e-03	-4.79584989e-02	1.46922468e-02	9.05656868e-02
3101            	1.10811779e+00	7.15922219e-03	-4.65562644e-02	1.39909055e-02	8.86450606e-02
3102            	1.10835087e+00	6.78598851e-03	-4.26772638e-02	1.35151212e-02	8.71966426e-02
3103            	1.10828690e+00	6.17418193e-03	-3.74745240e-02	1.35068399e-02	8.69610699e-02
3104            	1.10798071e+00	5.45818392e-03	-3.17592260e-02	1.40555525e-02	8.76146700e-02
3105            	1.10762352e+00	4.61773847e-03	-2.53933741e-02	1.50139188e-02	8.91596677e-02
3106            	1.10739567e+00	3.76468500e-03	-1.91969573e-02	1.61179701e-02	9.05176875e-02
3107            	1.10734973e+00	2.92204838e-03	-1.32889887e-02	1.72776444e-02	9.32486870e-02
3108            	1.10748162e+00	2.26004513e-03	-8.79275937e-03	1.84327864e-02	9.68361621e-02
3109            	1.10768185e+00	1.77203559e-03	-5.64661095e-03	1.95679934e-02	1.00540985e-01
3110            	1.10775962e+00	1.28516156e-03	-2.81853078e-03	2.06288264e-02	1.03178122e-01
3111            	1.10760716e+00	7.36740328e-04	5.13805466e-05	2.17565065e-02	1.05797618e-01
3112            	1.10735662e+00	1.77645098e-04	2.62850874e-03	2.30278480e-02	1.08863411e-01
3113            	1.10722118e+00	-4.50037693e-04	5.44245612e-03	2.43333461e-02	1.11422955e-01
3114            	1.10738211e+00	-1.12234227e-03	8.45017790e-03	2.54611239e-02	1.13003775e-01
3115            	1.10782916e+00	-1.68170138e-03	1.06676454e-02	2.62553827e-02	1.13197065e-01
3116            	1.10837459e+00	-1.90074353e-03	1.06245802e-02	2.66618621e-02	1.13046093e-01
3117            	1.10870502e+00	-1.73744401e-03	8.11884637e-03	2.66371327e-02	1.13108671e-01
3118            	1.10864880e+00	-1.18591615e-03	3.28309538e-03	2.60232588e-02	1.12276540e-01
3119            	1.10832625e+00	-4.28263297e-04	-2.60984542e-03	2.49442566e-02	1.10265856e-01
3120            	1.10798253e+00	3.43543194e-04	-8.35519645e-03	2.36136185e-02	1.08314369e-01
3121            	1.10779138e+00	1.09460074e-03	-1.37732842e-02	2.22601679e-02	1.06223913e-01
3122            	1.10775199e+00	1.74921690e-03	-1.83272434e-02	2.09573984e-02	1.04623151e-01
3123            	1.10784003e+00	2.34551848e-03	-2.22653247e-02	1.97108705e-02	1.02479918e-01
3124            	1.10795172e+00	2.82494616e-03	-2.52234168e-02	1.85538923e-02	9.90362218e-02
3125            	1.10792894e+00	3.24066277e-03	-2.75503196e-02	1.75749609e-02	9.48877857e-02
3126            	1.10769192e+00	3.75759427e-03	-3.02945860e-02	1.67343093e-02	9.17407574e-02
3127            	1.10737316e+00	4.40948275e-03	-3.36637141e-02	1.58973564e-02	8.94033490e-02
3128            	1.10719933e+00	5.13629946e-03	-3.72566606e-02	1.49326463e-02	8.67999999e-02
3129            	1.10734014e+00	5.82379223e-03	-4.04362018e-02	1.39877655e-02	8.41317553e-02
3130            	1.10773907e+00	6.33128534e-03	-4.23910703e-02	1.32512739e-02	8.12949596e-02
3131            	1.10819024e+00	6.55417497e-03	-4.24976943e-02	1.28218529e-02	8.00330577e-02
3132            	1.10845725e+00	6.36310263e-03	-3.99973375e-02	1.27986255e-02	8.08563191e-02
3133            	1.10838071e+00	5.87594783e-03	-3.56954342e-02	1.33993769e-02	8.38451865e-02
3134            	1.10808977e+00	5.21047141e-03	-3.04406050e-02	1.46601258e-02	8.76090766e-02
3135            	1.10783070e+00	4.36293264e-03	-2.42486789e-02	1.63618059e-02	9.23280233e-02
3136            	1.10773786e+00	3.57889324e-03	-1.87243131e-02	1.82062808e-02	9.68932683e-02
3137            	1.10781032e+00	2.85195965e-03	-1.37397311e-02	1.99018776e-02	1.01801817e-01
3138            	1.10800894e+00	2.28890105e-03	-9.96427887e-03	2.13145603e-02	1.06539317e-01
3139            	1.10816083e+00	1.84397807e-03	-7.05945027e-03	2.24608657e-02	1.10452826e-01
3140            	1.10804062e+00	1.37945531e-03	-4.20873457e-03	2.33025710e-02	1.12396514e-01
3141            	1.10767186e+00	7.91920057e-04	-8.68041215e-04	2.39903308e-02	1.13163739e-01
3142            	1.10729634e+00	3.96536987e-05	3.21735355e-03	2.46510987e-02	1.13225430e-01
3143            	1.10715684e+00	-8.37223280e-04	7.85286549e-03	2.53423626e-02	1.12743807e-01
3144            	1.10734230e+00	-1.63505190e-03	1.18012002e-02	2.59009448e-02	1.11232026e-01
3145            	1.10772878e+00	-2.08028665e-03	1.34377536e-02	2.61263588e-02	1.08355579e-01
3146            	1.10809936e+00	-2.17450032e-03	1.28691783e-02	2.59788905e-02	1.04436149e-01
3147            	1.10823912e+00	-2.02230945e-03	1.07843280e-02	2.54897298e-02	1.00676594e-01
3148            	1.10807434e+00	-1.56055057e-03	6.72828062e-03	2.46590012e-02	9.73154041e-02
3149            	1.10777963e+00	-9.28952767e-04	1.61866020e-03	2.34726781e-02	9.37401402e-02
3150            	1.10754437e+00	-2.37881818e-04	-3.73469477e-03	2.19173966e-02	9.00084657e-02
3151            	1.10746352e+00	5.43967065e-04	-9.48687230e-03	2.02271574e-02	8.64652426e-02
3152            	1.10753896e+00	1.16577657e-03	-1.39426706e-02	1.86796774e-02	8.41801902e-02
3153            	1.10774464e+00	1.65195023e-03	-1.73422196e-02	1.74596424e-02	8.24524318e-02
3154            	1.10794214e+00	2.05996133e-03	-2.00691772e-02	1.65303325e-02	8.03490330e-02
3155            	1.10794344e+00	2.52961854e-03	-2.29754631e-02	1.59368937e-02	7.85084206e-02
3156            	1.10775807e+00	3.06156689e-03	-2.59777952e-02	1.56630484e-02	7.90424183e-02
3157            	1.10758540e+00	3.61712136e-03	-2.88446173e-02	1.55742721e-02	8.15462604e-02
3158            	1.10762854e+00	4.27492207e-03	-3.21634258e-02	1.54959899e-02	8.48970243e-02
3159            	1.10790974e+00	5.09158083e-03	-3.63311669e-02	1.53447915e-02	8.81064521e-02
3160            	1.10831432e+00	5.79213875e-03	-3.95611609e-02	1.51716957e-02	9.07594561e-02
3161            	1.10862382e+00	6.11716883e-03	-4.01107256e-02	1.50762179e-02	9.43637044e-02
3162            	1.10865718e+00	5.89299478e-03	-3.70390053e-02	1.51045502e-02	9.82055583e-02
3163            	1.10838553e+00	5.35786695e-03	-3.21477486e-02	1.54001068e-02	1.01352120e-01
3164            	1.10799539e+00	4.60319722e-03	-2.61452488e-02	1.60615724e-02	1.03223086e-01
3165            	1.10766504e+00	3.80876656e-03	-2.01757386e-02	1.70859014e-02	1.04726068e-01
3166            	1.10749092e+00	3.03911816e-03	-1.45949148e-02	1.82622890e-02	1.04889092e-01
3167            	1.10745510e+00	2.28973051e-03	-9.28104123e-03	1.93507412e-02	1.05118515e-01
3168            	1.10751376e+00	1.66488320e-03	-4.93561171e-03	2.02773335e-02	1.05316243e-01
3169            	1.10754647e+00	1.23721939e-03	-2.10288424e-03	2.11438002e-02	1.05713366e-01
3170            	1.10741089e+00	7.36389069e-04	8.61299525e-04	2.20103501e-02	1.05682156e-01
3171            	1.10717967e+00	1.36967949e-05	4.88605174e-03	2.28426047e-02	1.05234174e-01
3172            	1.10703619e+00	-8.72660653e-04	9.58510207e-03	2.35096464e-02	1.03447411e-01
3173            	1.10709624e+00	-1.64214690e-03	1.32893494e-02	2.40159867e-02	1.00599728e-01
3174            	1.10736460e+00	-2.16163052e-03	1.52774262e-02	2.44064232e-02	9.65614622e-02
3175            	1.10774738e+00	-2.40850251e-03	1.55748020e-02	2.46709471e-02	9.15029016e-02
3176            	1.10810133e+00	-2.44705059e-03	1.46251331e-02	2.47210016e-02	8.62656537e-02
3177            	1.10827096e+00	-2.25469263e-03	1.21513193e-02	2.45742292e-02	8.32590370e-02
3178            	1.10822507e+00	-1.81979090e-03	8.04686001e-03	2.42512477e-02	8.24051042e-02
3179            	1.10805184e+00	-1.16152141e-03	2.58127900e-03	2.37021453e-02	8.29462260e-02
3180            	1.10792066e+00	-4.24419294e-04	-3.20207776e-03	2.29025270e-02	8.52442577e-02
3181            	1.10791246e+00	3.50799824e-04	-8.98324677e-03	2.18694292e-02	8.77136796e-02
3182            	1.10801848e+00	9.16360760e-04	-1.31259401e-02	2.07186794e-02	9.06901953e-02
3183            	1.10815285e+00	1.38248421e-03	-1.63487859e-02	1.95759050e-02	9.27800644e-02
3184            	1.10819945e+00	1.76990910e-03	-1.87674123e-02	1.84289621e-02	9.29736602e-02
3185            	1.10805587e+00	2.09248416e-03	-2.04132747e-02	1.73446667e-02	9.19966189e-02
3186            	1.10780157e+00	2.40687329e-03	-2.17103147e-02	1.64016629e-02	9.19633841e-02
3187            	1.10760865e+00	2.87709341e-03	-2.38202422e-02	1.56799470e-02	9.31459142e-02
3188            	1.10756691e+00	3.63875942e-03	-2.76098054e-02	1.51054942e-02	9.51958050e-02
3189            	1.10768682e+00	4.55287301e-03	-3.21250231e-02	1.46141100e-02	9.76261710e-02
3190            	1.10787067e+00	5.25880899e-03	-3.50222155e-02	1.42588241e-02	1.00142229e-01
3191            	1.10802167e+00	5.52633794e-03	-3.49851814e-02	1.41551589e-02	1.03558349e-01
3192            	1.10804466e+00	5.21488356e-03	-3.14186438e-02	1.44008403e-02	1.07296770e-01
3193            	1.10788300e+00	4.60723282e-03	-2.62715192e-02	1.49808645e-02	1.09712901e-01
3194            	1.10761141e+00	3.88627225e-03	-2.07091564e-02	1.57165432e-02	1.08877407e-01
3195            	1.10738272e+00	3.15696722e-03	-1.53365575e-02	1.65781875e-02	1.06422496e-01
3196            	1.10729810e+00	2.40738078e-03	-1.00785573e-02	1.75812323e-02	1.02921647e-01
3197            	1.10734683e+00	1.68607521e-03	-5.20135609e-03	1.86860366e-02	1.00575855e-01
3198            	1.10749168e+00	1.12951926e-03	-1.61260227e-03	1.97975332e-02	9.90295238e-02
3199            	1.10763389e+00	7.16384637e-04	8.43031150e-04	2.09727069e-02	9.85619715e-02
3200            	1.10765182e+00	1.38494917e-04	4.06416554e-03	2.22777181e-02	9.89281930e-02
3201            	1.10758275e+00	-5.86969424e-04	7.87863042e-03	2.36464399e-02	1.00309711e-01
3202            	1.10755036e+00	-1.26581865e-03	1.10448607e-02	2.49310517e-02	1.01500514e-01
3203            	1.10764948e+00	-1.83429331e-03	1.33853229e-02	2.59449084e-02	1.01209896e-01
3204            	1.10786881e+00	-2.29625385e-03	1.51646804e-02	2.65767426e-02	9.83297347e-02
3205            	1.10811754e+00	-2.56324201e-03	1.58724365e-02	2.68078301e-02	9.40125522e-02
3206            	1.10829351e+00	-2.66234556e-03	1.55634210e-02	2.66019980e-02	8.95121450e-02
3207            	1.10830859e+00	-2.56187582e-03	1.39200851e-02	2.59574400e-02	8.65928875e-02
3208            	1.10813005e+00	-2.12551901e-03	1.00432491e-02	2.49678857e-02	8.54290573e-02
3209            	1.10785262e+00	-1.53919033e-03	5.27710795e-03	2.37678660e-02	8.58661712e-02
3210            	1.10761109e+00	-8.92539265e-04	3.04173516e-04	2.23675875e-02	8.76239295e-02
3211            	1.10744737e+00	-2.53438092e-04	-4.37522498e-03	2.07640844e-02	8.91171067e-02
3212            	1.10737007e+00	2.40311523e-04	-7.85350090e-03	1.90999027e-02	9.05409366e-02
3213            	1.10739147e+00	5.70933791e-04	-1.00652451e-02	1.75910581e-02	9.10676804e-02
3214            	1.10748479e+00	7.60828518e-04	-1.11744229e-02	1.63443210e-02	9.04477390e-02
3215            	1.10750796e+00	9.41624392e-04	-1.20351529e-02	1.53203088e-02	8.91054338e-02
3216            	1.10741811e+00	1.32464316e-03	-1.39770831e-02	1.43641713e-02	8.82112170e-02
3217            	1.10728751e+00	2.08418304e-03	-1.80956012e-02	1.35127989e-02	8.81071515e-02
3218            	1.10725395e+00	3.05556040e-03	-2.32558508e-02	1.29336231e-02	8.97634205e-02
3219            	1.10737263e+00	4.04013742e-03	-2.82208994e-02	1.27225686e-02	9.29772631e-02
3220            	1.10762490e+00	4.76016851e-03	-3.13659972e-02	1.28432812e-02	9.67572813e-02
3221            	1.10792910e+00	5.00932272e-03	-3.15178666e-02	1.33194519e-02	1.01800675e-01
3222            	1.10810657e+00	4.76792555e-03	-2.87249741e-02	1.42724113e-02	1.07420457e-01
3223            	1.10806868e+00	4.24135997e-03	-2.43603697e-02	1.56445484e-02	1.11586816e-01
3224            	1.10787750e+00	3.59975719e-03	-1.94702264e-02	1.72557686e-02	1.13557524e-01
3225            	1.10770316e+00	2.89619240e-03	-1.43750481e-02	1.88770253e-02	1.13944546e-01
3226            	1.10761027e+00	2.19651928e-03	-9.49486095e-03	2.03669400e-02	1.12813240e-01
3227            	1.10761001e+00	1.49270236e-03	-4.71455888e-03	2.16429937e-02	1.11776127e-01
3228            	1.10770033e+00	8.17931962e-04	-1.97487759e-04	2.26191519e-02	1.10310447e-01
3229            	1.10782035e+00	2.03311137e-04	3.75426034e-03	2.33281722e-02	1.08586953e-01
3230            	1.10781071e+00	-4.77990147e-04	7.80092661e-03	2.39067303e-02	1.06547576e-01
3231            	1.10765198e+00	-1.14116089e-03	1.13899875e-02	2.44727894e-02	1.04884772e-01
3232            	1.10743582e+00	-1.75898465e-03	1.45102598e-02	2.49421438e-02	1.01512924e-01
3233            	1.10727485e+00	-2.37885013e-03	1.76932192e-02	2.51730549e-02	9.60243463e-02
3234            	1.10725704e+00	-2.94103573e-03	2.05383299e-02	2.51488491e-02	8.87439582e-02
3235            	1.10744174e+00	-3.38481901e-03	2.25311685e-02	2.49807367e-02	8.19976407e-02
3236            	1.10771247e+00	-3.61491051e-03	2.29710824e-02	2.47022528e-02	7.72034689e-02
3237            	1.10785617e+00	-3.50640320e-03	2.10559338e-02	2.41879367e-02	7.56801802e-02
3238            	1.10777825e+00	-3.06085905e-03	1.69332610e-02	2.32469890e-02	7.54107171e-02
3239            	1.10754525e+00	-2.50052114e-03	1.22091238e-02	2.19439713e-02	7.59044459e-02
3240            	1.10731423e+00	-1.87737788e-03	7.26562868e-03	2.04689778e-02	7.76689322e-02
3241            	1.10718707e+00	-1.23587290e-03	2.37108658e-03	1.89953784e-02	8.00575799e-02
3242            	1.10723994e+00	-7.99382383e-04	-9.82045798e-04	1.76375647e-02	8.30874647e-02
3243            	1.10748828e+00	-5.52197894e-04	-2.93262945e-03	1.65681728e-02	8.57981412e-02
3244            	1.10780623e+00	-3.12325926e-04	-4.66145826e-03	1.59351316e-02	8.81178897e-02
3245            	1.10795151e+00	1.17596059e-04	-7.37273322e-03	1.56721006e-02	9.08848669e-02
3246            	1.10787911e+00	8.41456643e-04	-1.16250469e-02	1.56129655e-02	9.60571401e-02
3247            	1.10771894e+00	1.79602963e-03	-1.69213240e-02	1.55983939e-02	1.02522594e-01
3248            	1.10764442e+00	2.83075498e-03	-2.23494592e-02	1.55819792e-02	1.09368641e-01
3249            	1.10772433e+00	3.82055962e-03	-2.72459393e-02	1.55886198e-02	1.15295687e-01
3250            	1.10792560e+00	4.49207732e-03	-2.99485201e-02	1.56069345e-02	1.19953078e-01
3251            	1.10812073e+00	4.78655668e-03	-3.02316990e-02	1.56839509e-02	1.23565485e-01
3252            	1.10816084e+00	4.51411825e-03	-2.70538823e-02	1.60409347e-02	1.25865712e-01
3253            	1.10799193e+00	3.92468166e-03	-2.21028129e-02	1.68036838e-02	1.26154026e-01
3254            	1.10767942e+00	3.17153575e-03	-1.63290488e-02	1.78463212e-02	1.24116652e-01
3255            	1.10735652e+00	2.46368382e-03	-1.10619139e-02	1.89657605e-02	1.20588723e-01
3256            	1.10712817e+00	1.70292917e-03	-5.63517257e-03	2.00646645e-02	1.16246168e-01
3257            	1.10710098e+00	8.17431697e-04	4.34225988e-04	2.11189847e-02	1.12747334e-01
3258            	1.10730736e+00	-4.21525733e-05	6.09724301e-03	2.20706268e-02	1.09878138e-01
3259            	1.10756366e+00	-6.25746669e-04	9.68386676e-03	2.28010458e-02	1.06870569e-01
3260            	1.10760020e+00	-1.13264750e-03	1.24774997e-02	2.31849422e-02	1.02227776e-01
3261            	1.10738226e+00	-1.70506538e-03	1.55120077e-02	2.33067082e-02	9.58985089e-02
3262            	1.10710872e+00	-2.33429210e-03	1.87847120e-02	2.33365959e-02	8.78777414e-02
3263            	1.10699746e+00	-2.99798757e-03	2.21616347e-02	2.33852391e-02	7.98917381e-02
3264            	1.10716024e+00	-3.65301633e-03	2.53433651e-02	2.34361963e-02	7.19689201e-02
3265            	1.10752306e+00	-4.03193845e-03	2.66360248e-02	2.35159432e-02	6.63549622e-02
3266            	1.10790554e+00	-4.16790188e-03	2.62565413e-02	2.36900732e-02	6.48607285e-02
3267            	1.10808802e+00	-4.00219820e-03	2.38161043e-02	2.37995922e-02	6.78835467e-02
3268            	1.10802216e+00	-3.55584378e-03	1.95527869e-02	2.36456752e-02	7.36101532e-02
3269            	1.10779503e+00	-2.97003641e-03	1.45331774e-02	2.30647833e-02	8.03216318e-02
3270            	1.10757634e+00	-2.32961897e-03	9.39476025e-03	2.20673872e-02	8.73769264e-02
3271            	1.10746100e+00	-1.77823849e-03	5.16211028e-03	2.07817842e-02	9.40253105e-02
3272            	1.10751345e+00	-1.46567999e-03	2.79515178e-03	1.93690239e-02	9.97058406e-02
3273            	1.10771680e+00	-1.23818967e-03	1.17918653e-03	1.79930544e-02	1.03429593e-01
3274            	1.10790847e+00	-9.09818984e-04	-8.94171470e-04	1.68654963e-02	1.05643366e-01
3275            	1.10784972e+00	-3.52216760e-04	-4.09390080e-03	1.60919991e-02	1.08502323e-01
3276            	1.10753650e+00	4.27171015e-04	-8.25722929e-03	1.55347519e-02	1.13189649e-01
3277            	1.10716294e+00	1.41021605e-03	-1.33385581e-02	1.50278222e-02	1.17743225e-01
3278            	1.10696942e+00	2.36918649e-03	-1.80251289e-02	1.45804067e-02	1.22106973e-01
3279            	1.10703443e+00	3.24454531e-03	-2.20789427e-02	1.43139673e-02	1.25430317e-01
3280            	1.10730012e+00	3.86165183e-03	-2.45044071e-02	1.42816717e-02	1.27341012e-01
3281            	1.10760383e+00	4.04268231e-03	-2.42237917e-02	1.44540079e-02	1.28188363e-01
3282            	1.10772325e+00	3.69482770e-03	-2.07659217e-02	1.47974549e-02	1.26980467e-01
3283            	1.10757832e+00	3.12423130e-03	-1.61351432e-02	1.53999607e-02	1.23229367e-01
3284            	1.10728188e+00	2.43834815e-03	-1.10112543e-02	1.63629451e-02	1.18110170e-01
3285            	1.10706403e+00	1.68780699e-03	-5.69200218e-03	1.76657117e-02	1.12861249e-01
3286            	1.10707288e+00	7.97230646e-04	2.93036390e-04	1.91285330e-02	1.08180600e-01
3287            	1.10731786e+00	-6.30639351e-05	5.85843471e-03	2.05649639e-02	1.05082476e-01
3288            	1.10768411e+00	-6.73730914e-04	9.61374373e-03	2.19684709e-02	1.03590097e-01
3289            	1.10795361e+00	-1.00522144e-03	1.14273960e-02	2.32380797e-02	1.02118823e-01
3290            	1.10790871e+00	-1.41389280e-03	1.36382590e-02	2.42722323e-02	9.95526333e-02
3291            	1.10763538e+00	-2.02472936e-03	1.69928168e-02	2.49960462e-02	9.59604706e-02
3292            	1.10740190e+00	-2.72948877e-03	2.07407294e-02	2.53992332e-02	9.09788283e-02
3293            	1.10736001e+00	-3.44704428e-03	2.44516891e-02	2.55309904e-02	8.57187858e-02
3294            	1.10749921e+00	-4.01474676e-03	2.71471646e-02	2.54031914e-02	8.03190211e-02
3295            	1.10776736e+00	-4.36166935e-03	2.84028339e-02	2.50628967e-02	7.62798741e-02
3296            	1.10802548e+00	-4.54501762e-03	2.85284864e-02	2.46236068e-02	7.52219682e-02
3297            	1.10804129e+00	-4.47522638e-03	2.69091607e-02	2.40818310e-02	7.81920668e-02
3298            	1.10777015e+00	-4.04074760e-03	2.29306211e-02	2.32462908e-02	8.28545907e-02
3299            	1.10736017e+00	-3.50918299e-03	1.85075471e-02	2.20286921e-02	8.80613425e-02
3300            	1.10705602e+00	-2.98572546e-03	1.43637444e-02	2.05450286e-02	9.33974353e-02
3301            	1.10700457e+00	-2.59854263e-03	1.12723579e-02	1.90372409e-02	9.89003334e-02
3302            	1.10719673e+00	-2.26779381e-03	8.67694572e-03	1.77422086e-02	1.04557717e-01
3303            	1.10748020e+00	-1.85110410e-03	5.70135000e-03	1.67010458e-02	1.09444566e-01
3304            	1.10762627e+00	-1.34591632e-03	2.51408406e-03	1.58186157e-02	1.12746239e-01
3305            	1.10745982e+00	-6.56961606e-04	-1.40963586e-03	1.50817959e-02	1.15497138e-01
3306            	1.10712699e+00	1.84685446e-04	-5.97184922e-03	1.45454931e-02	1.19210309e-01
3307            	1.10690139e+00	1.10140953e-03	-1.08001227e-02	1.42366030e-02	1.23161330e-01
3308            	1.10692971e+00	2.09368442e-03	-1.59901450e-02	1.41152254e-02	1.27000315e-01
3309            	1.10719550e+00	2.99056126e-03	-2.04838254e-02	1.41777363e-02	1.29167097e-01
3310            	1.10760621e+00	3.59127528e-03	-2.30342168e-02	1.45780709e-02	1.30753591e-01
3311            	1.10796654e+00	3.76902046e-03	-2.29247121e-02	1.53344369e-02	1.32372010e-01
3312            	1.10806146e+00	3.50766152e-03	-2.01929224e-02	1.64515185e-02	1.33327028e-01
3313            	1.10792526e+00	2.94255115e-03	-1.57383151e-02	1.78074177e-02	1.32092775e-01
3314            	1.10770870e+00	2.09037026e-03	-9.58109388e-03	1.92805968e-02	1.29117447e-01
3315            	1.10759163e+00	1.15914877e-03	-3.07797354e-03	2.07415028e-02	1.25051434e-01
3316            	1.10760650e+00	2.61131378e-04	3.05571123e-03	2.19916794e-02	1.20651345e-01
3317            	1.10772343e+00	-4.84976500e-04	8.09165484e-03	2.29251063e-02	1.16568319e-01
3318            	1.10786834e+00	-1.03313830e-03	1.18109714e-02	2.36067291e-02	1.12061216e-01
3319            	1.10788011e+00	-1.46265394e-03	1.47035689e-02	2.41053911e-02	1.06572802e-01
3320            	1.10761597e+00	-1.97805226e-03	1.79452205e-02	2.43658185e-02	1.00201045e-01
3321            	1.10721782e+00	-2.74229271e-03	2.25020116e-02	2.43838774e-02	9.34376545e-02
3322            	1.10690062e+00	-3.54557415e-03	2.70465871e-02	2.42114871e-02	8.60967542e-02
3323            	1.10682149e+00	-4.29685307e-03	3.10552462e-02	2.39693582e-02	8.00935199e-02
3324            	1.10699676e+00	-4.92608163e-03	3.41321530e-02	2.37362764e-02	7.52361764e-02
3325            	1.10732823e+00	-5.32288776e-03	3.55838429e-02	2.34363258e-02	7.23011647e-02
3326            	1.10758760e+00	-5.48046337e-03	3.53453065e-02	2.28862863e-02	7.12505862e-02
3327            	1.10756582e+00	-5.30865395e-03	3.28828925e-02	2.19728038e-02	7.24934399e-02
3328            	1.10733992e+00	-4.87901917e-03	2.88023325e-02	2.08093474e-02	7.54186053e-02
3329            	1.10710659e+00	-4.44044588e-03	2.47865622e-02	1.95653131e-02	8.02073938e-02
3330            	1.10705104e+00	-3.86308052e-03	1.99811829e-02	1.83665413e-02	8.62691089e-02
3331            	1.10718201e+00	-3.21716029e-03	1.48985788e-02	1.73187634e-02	9.34989553e-02
3332            	1.10744093e+00	-2.55555926e-03	9.98952111e-03	1.67010743e-02	1.02665180e-01
3333            	1.10769013e+00	-1.94269588e-03	5.76757724e-03	1.65334303e-02	1.12756457e-01
3334            	1.10778282e+00	-1.35327274e-03	2.10025278e-03	1.66769260e-02	1.21916460e-01
3335            	1.10764957e+00	-6.79747604e-04	-1.75616316e-03	1.68820433e-02	1.30090515e-01
3336            	1.10740464e+00	1.47906816e-04	-6.28663387e-03	1.69824297e-02	1.37908153e-01
3337            	1.10722401e+00	1.14216352e-03	-1.16121691e-02	1.69208571e-02	1.43482043e-01
3338            	1.10720988e+00	2.17111326e-03	-1.68905691e-02	1.66623201e-02	1.46825350e-01
3339            	1.10737504e+00	3.01571229e-03	-2.08124874e-02	1.63068049e-02	1.46868652e-01
3340            	1.10764730e+00	3.50028375e-03	-2.23800397e-02	1.61086538e-02	1.45272144e-01
3341            	1.10783038e+00	3.59035988e-03	-2.15174852e-02	1.62561709e-02	1.43419327e-01
3342            	1.10775580e+00	3.15260063e-03	-1.74317385e-02	1.67544700e-02	1.40413322e-01
3343            	1.10749731e+00	2.37512434e-03	-1.13572096e-02	1.75324608e-02	1.35381534e-01
3344            	1.10723471e+00	1.35503062e-03	-3.92416182e-03	1.84889382e-02	1.28980201e-01
3345            	1.10710397e+00	4.30712199e-04	2.61971576e-03	1.95539506e-02	1.21861783e-01
3346            	1.10712383e+00	-3.72008279e-04	8.16641596e-03	2.06470838e-02	1.15087410e-01
3347            	1.10724722e+00	-1.06671153e-03	1.29281167e-02	2.15633590e-02	1.08527208e-01
3348            	1.10737405e+00	-1.63238002e-03	1.67951348e-02	2.21175595e-02	1.01284561e-01
3349            	1.10738511e+00	-2.11048032e-03	1.99111665e-02	2.22951033e-02	9.29335490e-02
3350            	1.10720780e+00	-2.70985317e-03	2.35076940e-02	2.23170436e-02	8.44902763e-02
3351            	1.10695392e+00	-3.43181691e-03	2.75506537e-02	2.23865515e-02	7.76330349e-02
3352            	1.10682160e+00	-4.23266093e-03	3.18056721e-02	2.25392226e-02	7.21445798e-02
3353            	1.10692372e+00	-4.98604067e-03	3.55353685e-02	2.27146943e-02	6.86990993e-02
3354            	1.10721771e+00	-5.58623762e-03	3.81454390e-02	2.30007219e-02	6.74337939e-02
3355            	1.10759271e+00	-5.86192762e-03	3.85560432e-02	2.33248984e-02	6.90319373e-02
3356            	1.10788814e+00	-5.87796363e-03	3.71998704e-02	2.35219674e-02	7.36346422e-02
3357            	1.10796393e+00	-5.68896053e-03	3.44821077e-02	2.33471792e-02	8.08135974e-02
3358            	1.10789450e+00	-5.29933343e-03	3.05282964e-02	2.27315648e-02	8.90139825e-02
3359            	1.10777811e+00	-4.76419362e-03	2.58076078e-02	2.17744266e-02	9.81799076e-02
3360            	1.10768811e+00	-3.96895868e-03	1.96813188e-02	2.05636332e-02	1.07387785e-01
3361            	1.10763872e+00	-3.16101682e-03	1.38932025e-02	1.93016587e-02	1.17211097e-01
3362            	1.10765623e+00	-2.47372330e-03	9.29571774e-03	1.83167170e-02	1.27572013e-01
3363            	1.10769081e+00	-1.88484364e-03	5.61250638e-03	1.77130877e-02	1.37058463e-01
3364            	1.10765020e+00	-1.38505380e-03	2.77572297e-03	1.73457997e-02	1.44298574e-01
3365            	1.10741749e+00	-7.34859243e-04	-7.21960116e-04	1.70279424e-02	1.49518620e-01
3366            	1.10708802e+00	1.00780765e-04	-5.12074060e-03	1.66403651e-02	1.53037476e-01
3367            	1.10686111e+00	1.02631723e-03	-9.85607315e-03	1.62355812e-02	1.54645751e-01
3368            	1.10687512e+00	1.95722345e-03	-1.45051858e-02	1.59469508e-02	1.55099581e-01
3369            	1.10708054e+00	2.75722853e-03	-1.82630310e-02	1.57892789e-02	1.53219657e-01
3370            	1.10737004e+00	3.21490234e-03	-1.98117303e-02	1.56927930e-02	1.49402665e-01
3371            	1.10759470e+00	3.14881245e-03	-1.80578596e-02	1.56816498e-02	1.44023890e-01
3372            	1.10765130e+00	2.52003544e-03	-1.29077824e-02	1.59759957e-02	1.37500553e-01
3373            	1.10757301e+00	1.71411098e-03	-6.91355595e-03	1.66641237e-02	1.29926481e-01
3374            	1.10745669e+00	8.83734149e-04	-1.00477382e-03	1.76694564e-02	1.21949024e-01
3375            	1.10739343e+00	1.95532785e-04	3.82873784e-03	1.88299822e-02	1.13051380e-01
3376            	1.10739022e+00	-5.00309929e-04	8.68789864e-03	2.01231324e-02	1.05114469e-01
3377            	1.10748518e+00	-1.16128261e-03	1.32335490e-02	2.14145589e-02	9.91388726e-02
3378            	1.10766389e+00	-1.74491585e-03	1.70969335e-02	2.25696773e-02	9.47162754e-02
3379            	1.10777053e+00	-2.24939023e-03	2.01947089e-02	2.34353700e-02	9.05913593e-02
3380            	1.10766466e+00	-2.80296758e-03	2.33438535e-02	2.40055612e-02	8.74440027e-02
3381            	1.10742469e+00	-3.49739973e-03	2.71804979e-02	2.43686599e-02	8.53524394e-02
3382            	1.10722191e+00	-4.32042731e-03	3.16978274e-02	2.44714096e-02	8.34902899e-02
3383            	1.10716987e+00	-5.10373253e-03	3.58202696e-02	2.42946986e-02	8.20308776e-02
3384            	1.10727381e+00	-5.66953172e-03	3.84002073e-02	2.40142843e-02	8.11412002e-02
3385            	1.10750196e+00	-6.01507978e-03	3.94614336e-02	2.36851286e-02	8.22301472e-02
3386            	1.10771860e+00	-6.15726639e-03	3.91199288e-02	2.31928752e-02	8.55190382e-02
3387            	1.10776231e+00	-6.03172068e-03	3.69672391e-02	2.23905912e-02	9.09629800e-02
3388            	1.10761042e+00	-5.52118179e-03	3.23763056e-02	2.12670715e-02	9.74757820e-02
3389            	1.10735334e+00	-4.79534506e-03	2.66373618e-02	1.99997878e-02	1.05949938e-01
3390            	1.10713389e+00	-3.90315436e-03	2.01428722e-02	1.88193329e-02	1.16024767e-01
3391            	1.10702185e+00	-3.11158137e-03	1.46199173e-02	1.78131657e-02	1.26967116e-01
3392            	1.10708150e+00	-2.44590898e-03	1.01217329e-02	1.69643281e-02	1.36697270e-01
3393            	1.10722522e+00	-1.90609768e-03	6.61977683e-03	1.62324438e-02	1.43815487e-01
3394            	1.10728485e+00	-1.32460721e-03	3.08285190e-03	1.57218873e-02	1.47828420e-01
3395            	1.10716948e+00	-6.34431978e-04	-8.52634471e-04	1.54530599e-02	1.50381232e-01
3396            	1.10698275e+00	1.77349039e-04	-5.30900324e-03	1.53282890e-02	1.52104864e-01
3397            	1.10689972e+00	1.10547717e-03	-1.03211099e-02	1.53166240e-02	1.52597898e-01
3398            	1.10701075e+00	2.13203829e-03	-1.58335930e-02	1.55799080e-02	1.52949640e-01
3399            	1.10729029e+00	2.96119100e-03	-1.99730859e-02	1.61183532e-02	1.52167480e-01
3400            	1.10767764e+00	3.29512101e-03	-2.08334563e-02	1.68315997e-02	1.50918775e-01
3401            	1.10804696e+00	3.04447435e-03	-1.80307376e-02	1.76029491e-02	1.48789004e-01
3402            	1.10819421e+00	2.45818923e-03	-1.33042496e-02	1.84200951e-02	1.44936121e-01
3403            	1.10810367e+00	1.80952183e-03	-8.36242411e-03	1.93178624e-02	1.38639102e-01
3404            	1.10785874e+00	1.08219988e-03	-2.89630532e-03	2.01415154e-02	1.29943436e-01
3405            	1.10760170e+00	3.61003828e-04	2.53989729e-03	2.07811154e-02	1.19003823e-01
3406            	1.10743696e+00	-3.93774328e-04	8.09103407e-03	2.13697052e-02	1.08973335e-01
3407            	1.10744970e+00	-1.18350748e-03	1.36670752e-02	2.19215170e-02	1.00948930e-01
3408            	1.10753849e+00	-1.79581877e-03	1.78922689e-02	2.23815727e-02	9.47758614e-02
3409            	1.10750464e+00	-2.33214677e-03	2.13880983e-02	2.26644611e-02	8.97898910e-02
3410            	1.10725707e+00	-2.96669739e-03	2.52527397e-02	2.27546835e-02	8.60266418e-02
3411            	1.10692703e+00	-3.78393073e-03	2.99710294e-02	2.27549316e-02	8.34966896e-02
3412            	1.10670171e+00	-4.64269581e-03	3.46294340e-02	2.27615125e-02	8.20076305e-02
3413            	1.10670235e+00	-5.42999808e-03	3.85558201e-02	2.27246846e-02	8.13655060e-02
3414            	1.10693944e+00	-6.03904895e-03	4.12047214e-02	2.25172863e-02	8.07660524e-02
3415            	1.10736020e+00	-6.38304244e-03	4.20678940e-02	2.20689984e-02	8.11463918e-02
3416            	1.10773454e+00	-6.37658450e-03	4.05488552e-02	2.14814659e-02	8.39259765e-02
3417            	1.10784480e+00	-5.92251012e-03	3.60514690e-02	2.07923880e-02	8.97505558e-02
3418            	1.10770611e+00	-5.13748828e-03	2.95318795e-02	2.00361400e-02	9.82708058e-02
3419            	1.10746614e+00	-4.27494483e-03	2.28492014e-02	1.92562733e-02	1.09550956e-01
3420            	1.10730386e+00	-3.28424450e-03	1.56400080e-02	1.86714146e-02	1.22336929e-01
3421            	1.10732687e+00	-2.49704796e-03	9.99198959e-03	1.83783109e-02	1.36304921e-01
3422            	1.10753086e+00	-1.81239577e-03	5.20525797e-03	1.83466992e-02	1.49442657e-01
3423            	1.10779174e+00	-1.18699662e-03	1.00045554e-03	1.83915698e-02	1.59119836e-01
3424            	1.10790353e+00	-5.52079427e-04	-2.92761355e-03	1.84020296e-02	1.64851005e-01
3425            	1.10777863e+00	1.26949616e-04	-6.73902737e-03	1.83749391e-02	1.68262553e-01
3426            	1.10749059e+00	9.28478786e-04	-1.09635733e-02	1.82130781e-02	1.69605988e-01
3427            	1.10724387e+00	1.83752548e-03	-1.56063935e-02	1.78828198e-02	1.68546240e-01
3428            	1.10721125e+00	2.69800064e-03	-1.97442196e-02	1.76338365e-02	1.66052839e-01
3429            	1.10743462e+00	3.24183650e-03	-2.17861198e-02	1.75773657e-02	1.62226412e-01
3430            	1.10781280e+00	3.35874274e-03	-2.10881844e-02	1.76703081e-02	1.57867810e-01
3431            	1.10809122e+00	3.11681982e-03	-1.81947683e-02	1.78378723e-02	1.52599169e-01
3432            	1.10804847e+00	2.59414931e-03	-1.36318555e-02	1.80637301e-02	1.44736618e-01
3433            	1.10772901e+00	1.91566928e-03	-8.13268234e-03	1.84096711e-02	1.33672099e-01
3434            	1.10733306e+00	1.09806010e-03	-1.84036298e-03	1.89273690e-02	1.21584287e-01
3435            	1.10707888e+00	2.82977652e-04	4.18297731e-03	1.95419123e-02	1.09145904e-01
3436            	1.10703061e+00	-5.73264110e-04	1.02280960e-02	2.00627389e-02	9.81098888e-02
3437            	1.10716401e+00	-1.30151451e-03	1.52151813e-02	2.03430414e-02	8.90115714e-02
3438            	1.10735546e+00	-1.86425934e-03	1.89433427e-02	2.05076688e-02	8.19158332e-02
3439            	1.10740869e+00	-2.45477353e-03	2.25870749e-02	2.06656388e-02	7.67260822e-02
3440            	1.10724534e+00	-3.15574402e-03	2.65986747e-02	2.08686902e-02	7.39478130e-02
3441            	1.10698340e+00	-3.90245852e-03	3.05195244e-02	2.11011024e-02	7.29584484e-02
3442            	1.10683596e+00	-4.67685163e-03	3.43373768e-02	2.15020563e-02	7.41116189e-02
3443            	1.10698368e+00	-5.40305029e-03	3.76509078e-02	2.20502024e-02	7.70867791e-02
3444            	1.10743382e+00	-5.94113036e-03	3.96239372e-02	2.26226761e-02	8.14857468e-02
3445            	1.10802063e+00	-6.10164653e-03	3.90614598e-02	2.30507023e-02	8.79659502e-02
3446            	1.10843150e+00	-5.84098563e-03	3.57591601e-02	2.31759545e-02	9.72633529e-02
3447            	1.10842916e+00	-5.21615570e-03	3.02622919e-02	2.29633459e-02	1.09410527e-01
3448            	1.10808638e+00	-4.35769658e-03	2.36096503e-02	2.23508155e-02	1.22247328e-01
3449            	1.10766396e+00	-3.44868503e-03	1.69734434e-02	2.13643502e-02	1.34868056e-01
3450            	1.10742009e+00	-2.54986355e-03	1.06227621e-02	2.03037026e-02	1.46757659e-01
3451            	1.10738769e+00	-1.80963195e-03	5.49622136e-03	1.93692435e-02	1.57995928e-01
3452            	1.10751465e+00	-1.16059131e-03	1.15015316e-03	1.86397986e-02	1.66622945e-01
3453            	1.10764713e+00	-5.90675171e-04	-2.44212562e-03	1.80479603e-02	1.71383042e-01
3454            	1.10758216e+00	-3.64231422e-05	-5.59558009e-03	1.75311181e-02	1.72175206e-01
3455            	1.10728216e+00	6.05718917e-04	-8.96928610e-03	1.71065339e-02	1.71194420e-01
3456            	1.10692604e+00	1.32651599e-03	-1.26065689e-02	1.68381568e-02	1.69455102e-01
3457            	1.10676949e+00	2.03917132e-03	-1.60379460e-02	1.66962454e-02	1.66841634e-01
3458            	1.10694377e+00	2.72188430e-03	-1.92239723e-02	1.65847127e-02	1.62762064e-01
3459            	1.10735242e+00	3.30973299e-03	-2.17809213e-02	1.63960056e-02	1.56437534e-01
3460            	1.10779903e+00	3.63697158e-03	-2.26210335e-02	1.62310217e-02	1.48850071e-01
3461            	1.10805109e+00	3.54027487e-03	-2.07262294e-02	1.62451895e-02	1.40280211e-01
3462            	1.10795947e+00	3.04886131e-03	-1.63741916e-02	1.65392872e-02	1.30106970e-01
3463            	1.10766202e+00	2.37647491e-03	-1.10525694e-02	1.70978957e-02	1.18376881e-01
3464            	1.10740922e+00	1.54031517e-03	-4.92085999e-03	1.80191366e-02	1.07475868e-01
3465            	1.10733264e+00	7.68213038e-04	5.49592044e-04	1.92083269e-02	9.79255076e-02
3466            	1.10741782e+00	5.14252020e-07	5.82126224e-03	2.04555160e-02	9.22215694e-02
3467            	1.10763713e+00	-6.54439448e-04	1.02074388e-02	2.15060034e-02	8.93229872e-02
3468            	1.10786362e+00	-1.24024096e-03	1.39878218e-02	2.22411227e-02	8.80833949e-02
3469            	1.10786984e+00	-1.84380779e-03	1.76444718e-02	2.26923328e-02	8.78923354e-02
3470            	1.10761177e+00	-2.49820216e-03	2.13475109e-02	2.28781012e-02	8.86178870e-02
3471            	1.10726445e+00	-3.30150985e-03	2.57648475e-02	2.28039598e-02	8.94729867e-02
3472            	1.10710384e+00	-4.21315320e-03	3.06562544e-02	2.26958103e-02	9.10153653e-02
3473            	1.10727090e+00	-5.02846345e-03	3.46965818e-02	2.26660321e-02	9.33968632e-02
3474            	1.10766205e+00	-5.45579324e-03	3.61010497e-02	2.27122501e-02	9.72361620e-02
3475            	1.10805627e+00	-5.41787227e-03	3.45239860e-02	2.27303484e-02	1.03595094e-01
3476            	1.10817827e+00	-5.02015239e-03	3.07409407e-02	2.25507848e-02	1.13009081e-01
3477            	1.10794254e+00	-4.34993033e-03	2.53143509e-02	2.21064791e-02	1.24360156e-01
3478            	1.10756286e+00	-3.56849534e-03	1.92711795e-02	2.14672885e-02	1.36570602e-01
3479            	1.10726998e+00	-2.77959687e-03	1.33145572e-02	2.07031272e-02	1.49322365e-01
3480            	1.10716463e+00	-1.85176685e-03	6.59532179e-03	1.97962328e-02	1.59727233e-01
3481            	1.10724329e+00	-1.09524885e-03	1.22992806e-03	1.87898662e-02	1.67561746e-01
3482            	1.10746003e+00	-4.70723254e-04	-3.06909014e-03	1.78910203e-02	1.71903422e-01
3483            	1.10765722e+00	5.06591693e-05	-6.47878185e-03	1.72424255e-02	1.72801545e-01
3484            	1.10764462e+00	6.46450620e-04	-1.01141485e-02	1.68858459e-02	1.71156998e-01
3485            	1.10744915e+00	1.28390545e-03	-1.37055775e-02	1.67547372e-02	1.68735799e-01
3486            	1.10727158e+00	1.91784157e-03	-1.70113885e-02	1.68769993e-02	1.66352250e-01
3487            	1.10731843e+00	2.61592344e-03	-2.05794726e-02	1.72202401e-02	1.64272016e-01
3488            	1.10762539e+00	3.43805341e-03	-2.48568291e-02	1.76642903e-02	1.61878416e-01
3489            	1.10808307e+00	4.19018811e-03	-2.85858184e-02	1.80604997e-02	1.57722845e-01
3490            	1.10848423e+00	4.60034254e-03	-2.98931145e-02	1.83074143e-02	1.51648528e-01
3491            	1.10861073e+00	4.46646349e-03	-2.75985821e-02	1.85050850e-02	1.44102063e-01
3492            	1.10837753e+00	3.94527539e-03	-2.28906329e-02	1.87547839e-02	1.34767142e-01
3493            	1.10796632e+00	3.15268916e-03	-1.66047435e-02	1.90214114e-02	1.23393766e-01
3494            	1.10759902e+00	2.29023282e-03	-1.00841615e-02	1.94118398e-02	1.12754671e-01
3495            	1.10741641e+00	1.45552553e-03	-3.99466915e-03	1.99493425e-02	1.03568461e-01
3496            	1.10740331e+00	6.22035993e-04	1.89387299e-03	2.05438895e-02	9.76004154e-02
3497            	1.10750419e+00	-1.33721091e-04	7.10557286e-03	2.10064661e-02	9.40438416e-02
3498            	1.10755589e+00	-7.44333103e-04	1.11969848e-02	2.11860928e-02	9.16484563e-02
3499            	1.10739002e+00	-1.43153459e-03	1.55158721e-02	2.11268110e-02	9.00355523e-02
3500            	1.10708208e+00	-2.29119781e-03	2.05934170e-02	2.09989024e-02	8.96692243e-02
3501            	1.10686584e+00	-3.27020218e-03	2.60189969e-02	2.09250305e-02	9.00540585e-02
3502            	1.10689928e+00	-4.12031486e-03	3.02882789e-02	2.08970490e-02	9.11438305e-02
3503            	1.10716229e+00	-4.62871600e-03	3.21567548e-02	2.08170318e-02	9.24140401e-02
3504            	1.10752986e+00	-4.78903041e-03	3.17998798e-02	2.07878717e-02	9.59663191e-02
3505            	1.10784238e+00	-4.64638033e-03	2.95955056e-02	2.08693171e-02	1.02856116e-01
3506            	1.10795618e+00	-4.21964844e-03	2.55638034e-02	2.09613513e-02	1.13127257e-01
3507            	1.10786516e+00	-3.56923073e-03	2.00184510e-02	2.09143979e-02	1.25100684e-01
3508            	1.10767235e+00	-2.70003148e-03	1.31096015e-02	2.08054052e-02	1.38163745e-01
3509            	1.10753853e+00	-1.78147342e-03	6.07015270e-03	2.06892082e-02	1.51725284e-01
3510            	1.10754541e+00	-8.19378181e-04	-9.90880144e-04	2.05405163e-02	1.64212708e-01
3511            	1.10769460e+00	-8.16127929e-05	-6.30145392e-03	2.03197505e-02	1.74569341e-01
3512            	1.10791656e+00	5.44000755e-04	-1.06330785e-02	2.00349311e-02	1.80792860e-01
3513            	1.10806554e+00	1.08411880e-03	-1.41473684e-02	1.97480437e-02	1.82690499e-01
3514            	1.10799170e+00	1.56605002e-03	-1.68918899e-02	1.94816266e-02	1.81261292e-01
3515            	1.10775961e+00	2.01179066e-03	-1.90250564e-02	1.90832086e-02	1.78001307e-01
3516            	1.10757844e+00	2.55040899e-03	-2.15495035e-02	1.86241077e-02	1.73335294e-01
3517            	1.10756962e+00	3.33872317e-03	-2.55335145e-02	1.81831370e-02	1.67877766e-01
3518            	1.10772211e+00	4.28474838e-03	-3.03222674e-02	1.78179795e-02	1.60816749e-01
3519            	1.10791640e+00	5.06468766e-03	-3.37588591e-02	1.74756201e-02	1.51650616e-01
3520            	1.10803667e+00	5.40447449e-03	-3.41700075e-02	1.70912658e-02	1.41584811e-01
3521            	1.10799412e+00	5.06667560e-03	-3.03257331e-02	1.68066229e-02	1.31164932e-01
3522            	1.10775688e+00	4.38653418e-03	-2.45900858e-02	1.68153463e-02	1.20229149e-01
3523            	1.10744600e+00	3.60543053e-03	-1.85629854e-02	1.71730620e-02	1.09626749e-01
3524            	1.10722230e+00	2.76164834e-03	-1.23861952e-02	1.77369250e-02	1.00379087e-01
3525            	1.10715562e+00	1.87826882e-03	-6.18655049e-03	1.82818400e-02	9.21759028e-02
3526            	1.10720146e+00	9.89794273e-04	-1.10274078e-04	1.87326048e-02	8.66141245e-02
3527            	1.10733069e+00	2.84903158e-04	4.57366204e-03	1.91125153e-02	8.32226512e-02
3528            	1.10746582e+00	-3.16837913e-04	8.36130797e-03	1.94378048e-02	8.17189727e-02
3529            	1.10748920e+00	-1.05172861e-03	1.26669344e-02	1.96862391e-02	8.16658024e-02
3530            	1.10742029e+00	-1.91054401e-03	1.73698357e-02	2.00819314e-02	8.41789488e-02
3531            	1.10737718e+00	-2.67904483e-03	2.11057751e-02	2.07247692e-02	8.85076836e-02
3532            	1.10747681e+00	-3.25527484e-03	2.34111234e-02	2.15611912e-02	9.51980472e-02
3533            	1.10773664e+00	-3.57045872e-03	2.40330422e-02	2.24165783e-02	1.03102622e-01
3534            	1.10807717e+00	-3.60808482e-03	2.29855932e-02	2.31375866e-02	1.12384156e-01
3535            	1.10838386e+00	-3.43810882e-03	2.06545534e-02	2.36578331e-02	1.23228262e-01
3536            	1.10847928e+00	-3.06658968e-03	1.70292764e-02	2.38696357e-02	1.35919210e-01
3537            	1.10830535e+00	-2.36399880e-03	1.12982364e-02	2.35937154e-02	1.47793088e-01
3538            	1.10800778e+00	-1.49885399e-03	4.66480427e-03	2.29505672e-02	1.58213675e-01
3539            	1.10777713e+00	-6.46213272e-04	-1.67845128e-03	2.21335631e-02	1.67743330e-01
3540            	1.10766883e+00	1.81843085e-04	-7.63825168e-03	2.13222818e-02	1.75745647e-01
3541            	1.10765132e+00	8.62971111e-04	-1.23712628e-02	2.05943783e-02	1.81946440e-01
3542            	1.10770589e+00	1.38929231e-03	-1.58479733e-02	1.99079422e-02	1.84254749e-01
3543            	1.10778579e+00	1.73155201e-03	-1.78677141e-02	1.93108186e-02	1.82698766e-01
3544            	1.10777413e+00	2.01797287e-03	-1.92972301e-02	1.88523604e-02	1.78691611e-01
3545            	1.10766308e+00	2.47564244e-03	-2.16324357e-02	1.84699397e-02	1.74001429e-01
3546            	1.10753544e+00	3.23181071e-03	-2.56780746e-02	1.80159566e-02	1.67432609e-01
3547            	1.10749542e+00	4.21543947e-03	-3.08948891e-02	1.73456362e-02	1.58299016e-01
3548            	1.10758522e+00	5.26163841e-03	-3.62255657e-02	1.65751117e-02	1.46795961e-01
3549            	1.10780220e+00	5.99273828e-03	-3.93869547e-02	1.58995072e-02	1.34458900e-01
3550            	1.10806702e+00	6.16773197e-03	-3.89660164e-02	1.54331653e-02	1.23034891e-01
3551            	1.10817367e+00	5.81682228e-03	-3.53552222e-02	1.52918960e-02	1.12925640e-01
3552            	1.10805838e+00	5.20790861e-03	-3.03763599e-02	1.56991734e-02	1.04378006e-01
3553            	1.10783455e+00	4.49008306e-03	-2.49615532e-02	1.66568805e-02	9.77301504e-02
3554            	1.10766370e+00	3.64491494e-03	-1.89265732e-02	1.79373755e-02	9.37090420e-02
3555            	1.10761777e+00	2.78368757e-03	-1.30009083e-02	1.92412783e-02	9.17031515e-02
3556            	1.10770329e+00	1.90913524e-03	-7.15155563e-03	2.03010539e-02	9.20570191e-02
3557            	1.10788895e+00	1.10641425e-03	-1.87594302e-03	2.10235571e-02	9.35399067e-02
3558            	1.10804733e+00	3.77101916e-04	2.79366589e-03	2.14495117e-02	9.57520314e-02
3559            	1.10801117e+00	-4.19389143e-04	7.63173852e-03	2.15715308e-02	9.80835529e-02
3560            	1.10780320e+00	-1.20514430e-03	1.20486132e-02	2.15927595e-02	1.01651526e-01
3561            	1.10757907e+00	-1.87950429e-03	1.54677056e-02	2.16978136e-02	1.06385894e-01
3562            	1.10746243e+00	-2.43390420e-03	1.80228089e-02	2.19891674e-02	1.13043636e-01
3563            	1.10751183e+00	-2.77458507e-03	1.91856640e-02	2.23523406e-02	1.19807439e-01
3564            	1.10771876e+00	-2.90784883e-03	1.90153752e-02	2.26011742e-02	1.26631114e-01
3565            	1.10794150e+00	-2.82557279e-03	1.74229451e-02	2.26844079e-02	1.34151979e-01
3566            	1.10799413e+00	-2.45090351e-03	1.38125573e-02	2.25762891e-02	1.42739279e-01
3567            	1.10785806e+00	-1.78511447e-03	8.26263611e-03	2.22430246e-02	1.51399092e-01
3568            	1.10764647e+00	-1.01468595e-03	2.11837109e-03	2.16556681e-02	1.59089140e-01
3569            	1.10747277e+00	-2.08900826e-04	-4.04641050e-03	2.07963497e-02	1.65049908e-01
3570            	1.10737197e+00	6.51993299e-04	-1.03548768e-02	1.98517695e-02	1.69086867e-01
3571            	1.10743116e+00	1.25818047e-03	-1.47420779e-02	1.90985880e-02	1.71831999e-01
3572            	1.10769131e+00	1.62073171e-03	-1.73737574e-02	1.86098588e-02	1.72229888e-01
3573            	1.10802704e+00	1.95822419e-03	-1.96859335e-02	1.83228694e-02	1.69717420e-01
3574            	1.10818131e+00	2.47822481e-03	-2.29487988e-02	1.82619727e-02	1.65817509e-01
3575            	1.10810539e+00	3.25210644e-03	-2.74973541e-02	1.83538870e-02	1.61626969e-01
3576            	1.10793955e+00	4.17906207e-03	-3.26044665e-02	1.84273718e-02	1.55890333e-01
3577            	1.10786170e+00	5.19635331e-03	-3.79403088e-02	1.83377718e-02	1.49162955e-01
3578            	1.10799108e+00	6.17112910e-03	-4.28246736e-02	1.80615335e-02	1.41058389e-01
3579            	1.10828702e+00	6.81123311e-03	-4.54545339e-02	1.76695553e-02	1.32053337e-01
3580            	1.10853470e+00	7.03948798e-03	-4.53739534e-02	1.72856108e-02	1.24040889e-01
3581            	1.10852902e+00	6.70285802e-03	-4.17116348e-02	1.69935043e-02	1.16675803e-01
3582            	1.10828312e+00	6.02601791e-03	-3.60849294e-02	1.69643685e-02	1.09527396e-01
3583            	1.10793646e+00	5.17570588e-03	-2.96138827e-02	1.72660660e-02	1.03168736e-01
3584            	1.10762453e+00	4.30074026e-03	-2.32114773e-02	1.78752269e-02	9.85861995e-02
3585            	1.10742618e+00	3.36784807e-03	-1.66007621e-02	1.85860854e-02	9.57830075e-02
3586            	1.10739809e+00	2.33246358e-03	-9.44517284e-03	1.91332197e-02	9.47465315e-02
3587            	1.10755562e+00	1.33011518e-03	-2.71357882e-03	1.94781888e-02	9.47954656e-02
3588            	1.10774940e+00	5.79046694e-04	2.06368034e-03	1.97280490e-02	9.61229487e-02
3589            	1.10773711e+00	-8.66353072e-05	5.90469826e-03	2.00122719e-02	9.92358152e-02
3590            	1.10752018e+00	-7.30717606e-04	9.33127464e-03	2.03473166e-02	1.04391073e-01
3591            	1.10726566e+00	-1.32635555e-03	1.22496837e-02	2.06564246e-02	1.09772691e-01
3592            	1.10715243e+00	-1.85307922e-03	1.45875236e-02	2.09713449e-02	1.15420115e-01
3593            	1.10730381e+00	-2.26981810e-03	1.61101496e-02	2.13486211e-02	1.20512909e-01
3594            	1.10766143e+00	-2.34776247e-03	1.53387815e-02	2.17740698e-02	1.26014690e-01
3595            	1.10805257e+00	-2.20677358e-03	1.30534998e-02	2.21546545e-02	1.32244905e-01
3596            	1.10824840e+00	-1.79576267e-03	8.93426986e-03	2.24636678e-02	1.40495689e-01
3597            	1.10820259e+00	-1.10330593e-03	3.00118490e-03	2.26999876e-02	1.49611506e-01
3598            	1.10801553e+00	-2.65585767e-04	-3.71761256e-03	2.27910974e-02	1.58643168e-01
3599            	1.10787195e+00	5.84645889e-04	-1.02941248e-02	2.26797084e-02	1.66679622e-01
3600            	1.10787672e+00	1.29538222e-03	-1.56662278e-02	2.23579878e-02	1.73026693e-01
3601            	1.10807495e+00	1.73224237e-03	-1.89787379e-02	2.19133897e-02	1.77319155e-01
3602            	1.10838131e+00	2.10735363e-03	-2.16604101e-02	2.14210956e-02	1.78204259e-01
3603            	1.10861202e+00	2.56762657e-03	-2.45992771e-02	2.08406834e-02	1.74634841e-01
3604            	1.10853874e+00	3.19955367e-03	-2.82166111e-02	2.01818876e-02	1.67635943e-01
3605            	1.10821214e+00	3.95782622e-03	-3.21908478e-02	1.94655058e-02	1.59281279e-01
3606            	1.10784548e+00	4.88636375e-03	-3.69226665e-02	1.87633109e-02	1.50144730e-01
3607            	1.10767971e+00	5.79557226e-03	-4.13113136e-02	1.80462642e-02	1.41113861e-01
3608            	1.10774881e+00	6.66760492e-03	-4.53389509e-02	1.72444014e-02	1.31184413e-01
3609            	1.10796452e+00	7.25145077e-03	-4.74537757e-02	1.64552160e-02	1.21759764e-01
3610            	1.10816700e+00	7.37042544e-03	-4.65957597e-02	1.58510030e-02	1.14154123e-01
3611            	1.10816902e+00	6.92051445e-03	-4.22837105e-02	1.55896278e-02	1.07951793e-01
3612            	1.10794218e+00	6.20487316e-03	-3.65468125e-02	1.56466990e-02	1.01736100e-01
3613            	1.10761859e+00	5.33309080e-03	-3.00939438e-02	1.58562282e-02	9.51197953e-02
3614            	1.10737606e+00	4.35157754e-03	-2.31331856e-02	1.61817952e-02	8.90812662e-02
3615            	1.10735556e+00	3.27057443e-03	-1.57500118e-02	1.66890677e-02	8.48592793e-02
3616            	1.10756461e+00	2.24096135e-03	-8.94658796e-03	1.73121173e-02	8.33127653e-02
3617            	1.10788130e+00	1.45178490e-03	-3.94174506e-03	1.79763255e-02	8.41098882e-02
3618            	1.10810268e+00	9.76174392e-04	-1.17044775e-03	1.87536663e-02	8.78784619e-02
3619            	1.10803555e+00	4.79975507e-04	1.53635443e-03	1.97760256e-02	9.52758012e-02
3620            	1.10777444e+00	-1.08805888e-04	4.60443776e-03	2.09770616e-02	1.05170470e-01
3621            	1.10757687e+00	-7.00596541e-04	7.40760711e-03	2.21987043e-02	1.15203604e-01
3622            	1.10759369e+00	-1.24370788e-03	9.70421339e-03	2.32690645e-02	1.25042109e-01
3623            	1.10782691e+00	-1.58371776e-03	1.06196426e-02	2.40822096e-02	1.32591892e-01
3624            	1.10817026e+00	-1.62744853e-03	9.68453519e-03	2.46137768e-02	1.39024687e-01
3625            	1.10844001e+00	-1.50191698e-03	7.71424213e-03	2.47760151e-02	1.44681593e-01
3626            	1.10843749e+00	-1.14875656e-03	4.24365223e-03	2.45599014e-02	1.50384758e-01
3627            	1.10818752e+00	-4.94184048e-04	-1.19424259e-03	2.40596246e-02	1.55696378e-01
3628            	1.10784777e+00	2.11137293e-04	-6.82412875e-03	2.34151256e-02	1.60613358e-01
3629            	1.10762520e+00	8.74272760e-04	-1.19418162e-02	2.26438952e-02	1.64622568e-01
3630            	1.10762426e+00	1.38982382e-03	-1.58581890e-02	2.17088972e-02	1.67029367e-01
3631            	1.10779745e+00	1.82583607e-03	-1.90364289e-02	2.07151810e-02	1.67217992e-01
3632            	1.10803052e+00	2.33085649e-03	-2.24629210e-02	1.98356649e-02	1.64156085e-01
3633            	1.10815608e+00	2.91894693e-03	-2.60998487e-02	1.91042522e-02	1.56965446e-01
3634            	1.10801998e+00	3.58653427e-03	-2.98558801e-02	1.84198449e-02	1.47450324e-01
3635            	1.10770763e+00	4.38383414e-03	-3.41105995e-02	1.75801012e-02	1.37097143e-01
3636            	1.10746027e+00	5.26651776e-03	-3.86738154e-02	1.66262592e-02	1.25929448e-01
3637            	1.10743937e+00	6.25527612e-03	-4.37740546e-02	1.57647971e-02	1.16164497e-01
3638            	1.10766120e+00	7.13814657e-03	-4.81044459e-02	1.51126405e-02	1.07600002e-01
3639            	1.10803397e+00	7.67930639e-03	-5.01979758e-02	1.46675663e-02	1.00702710e-01
3640            	1.10835449e+00	7.73559666e-03	-4.92015285e-02	1.45247273e-02	9.62912314e-02
3641            	1.10839514e+00	7.29327073e-03	-4.51782246e-02	1.48411997e-02	9.39487902e-02
3642            	1.10820706e+00	6.58451620e-03	-3.96948270e-02	1.55971662e-02	9.26165106e-02
3643            	1.10797314e+00	5.61297386e-03	-3.27025720e-02	1.65935774e-02	9.18222573e-02
3644            	1.10788483e+00	4.50542149e-03	-2.50293076e-02	1.76197649e-02	9.13631378e-02
3645            	1.10798599e+00	3.44750862e-03	-1.78974192e-02	1.85864799e-02	9.18587403e-02
3646            	1.10817782e+00	2.56789705e-03	-1.20711582e-02	1.94340616e-02	9.42913548e-02
3647            	1.10833809e+00	1.93662460e-03	-7.87041542e-03	2.01043246e-02	9.86307366e-02
3648            	1.10832517e+00	1.46468315e-03	-4.75200449e-03	2.06374455e-02	1.04346940e-01
3649            	1.10805564e+00	9.49148356e-04	-1.58949411e-03	2.11624310e-02	1.11324539e-01
3650            	1.10766914e+00	2.29061710e-04	2.54102583e-03	2.18210822e-02	1.19386113e-01
3651            	1.10736917e+00	-4.57734288e-04	6.14522564e-03	2.25242550e-02	1.26534927e-01
3652            	1.10727921e+00	-1.02142691e-03	8.76803991e-03	2.30955952e-02	1.31990419e-01
3653            	1.10742116e+00	-1.41332081e-03	1.02151410e-02	2.34728010e-02	1.35007179e-01
3654            	1.10773087e+00	-1.56273136e-03	1.00266795e-02	2.37475237e-02	1.37710339e-01
3655            	1.10800447e+00	-1.49641766e-03	8.33248181e-03	2.39386282e-02	1.40955769e-01
3656            	1.10802422e+00	-1.15917334e-03	4.77007061e-03	2.38988910e-02	1.44928751e-01
3657            	1.10783907e+00	-5.99799814e-04	-2.02769310e-04	2.34491962e-02	1.47897492e-01
3658            	1.10764595e+00	-2.35269084e-05	-5.12496993e-03	2.26645783e-02	1.50033480e-01
3659            	1.10761530e+00	6.71789195e-04	-1.06443195e-02	2.17340184e-02	1.51419199e-01
3660            	1.10776929e+00	1.37728600e-03	-1.60297810e-02	2.08407567e-02	1.52109984e-01
3661            	1.10802482e+00	2.06673748e-03	-2.10435476e-02	2.00236391e-02	1.50631070e-01
3662            	1.10826191e+00	2.71639880e-03	-2.54577607e-02	1.93750624e-02	1.46001650e-01
3663            	1.10836952e+00	3.37540368e-03	-2.95782842e-02	1.90074309e-02	1.38944224e-01
3664            	1.10828784e+00	4.10043114e-03	-3.38135977e-02	1.88362596e-02	1.31841518e-01
3665            	1.10810785e+00	4.89634464e-03	-3.82023261e-02	1.86566328e-02	1.25590383e-01
3666            	1.10797407e+00	5.85638446e-03	-4.33794109e-02	1.83181761e-02	1.19881715e-01
3667            	1.10801669e+00	6.89061062e-03	-4.88009671e-02	1.78505072e-02	1.15260603e-01
3668            	1.10821961e+00	7.74592505e-03	-5.28796212e-02	1.73222453e-02	1.10861769e-01
3669            	1.10845864e+00	8.17064049e-03	-5.40123554e-02	1.67227725e-02	1.06976272e-01
3670            	1.10856763e+00	8.10739589e-03	-5.19974380e-02	1.61590160e-02	1.03832363e-01
3671            	1.10842855e+00	7.47695762e-03	-4.65082311e-02	1.58658496e-02	1.01341032e-01
3672            	1.10815753e+00	6.50850304e-03	-3.91004516e-02	1.59948260e-02	9.89685877e-02
3673            	1.10792002e+00	5.33153146e-03	-3.06075607e-02	1.64356885e-02	9.67524643e-02
3674            	1.10779422e+00	4.25009870e-03	-2.29789273e-02	1.69989583e-02	9.45924129e-02
3675            	1.10774943e+00	3.32490490e-03	-1.65192125e-02	1.76123948e-02	9.41411705e-02
3676            	1.10776846e+00	2.50438202e-03	-1.08095728e-02	1.82903091e-02	9.65914185e-02
3677            	1.10780871e+00	1.86978456e-03	-6.41569663e-03	1.90214186e-02	1.01191691e-01
3678            	1.10777034e+00	1.34936181e-03	-3.03506534e-03	1.97064499e-02	1.06367757e-01
3679            	1.10757044e+00	7.47845541e-04	4.88052842e-04	2.02355986e-02	1.11628507e-01
3680            	1.10727590e+00	7.98292728e-05	4.06925120e-03	2.06950379e-02	1.16085282e-01
3681            	1.10708944e+00	-6.00901549e-04	7.44336268e-03	2.12208298e-02	1.19109052e-01
3682            	1.10713930e+00	-1.19669537e-03	1.00648918e-02	2.18418471e-02	1.21460237e-01
3683            	1.10739986e+00	-1.60528355e-03	1.13414432e-02	2.25030770e-02	1.22669921e-01
3684            	1.10777032e+00	-1.65906293e-03	1.02621039e-02	2.32139865e-02	1.24847899e-01
3685            	1.10808719e+00	-1.49556975e-03	7.70825454e-03	2.39863070e-02	1.28914679e-01
3686            	1.10819819e+00	-1.19995851e-03	4.26033973e-03	2.46185730e-02	1.34880584e-01
3687            	1.10818682e+00	-7.21691421e-04	-3.43346835e-04	2.48880747e-02	1.40881269e-01
3688            	1.10815783e+00	-8.18814309e-05	-5.82805161e-03	2.46643128e-02	1.46160698e-01
3689            	1.10817681e+00	7.76601947e-04	-1.24512795e-02	2.39903781e-02	1.49315674e-01
3690            	1.10821119e+00	1.63963782e-03	-1.86536582e-02	2.29985204e-02	1.49760809e-01
3691            	1.10823984e+00	2.36055776e-03	-2.34550552e-02	2.17885932e-02	1.46617483e-01
3692            	1.10827752e+00	2.96238359e-03	-2.71728493e-02	2.05249047e-02	1.39896028e-01
3693            	1.10827406e+00	3.47850840e-03	-3.01028538e-02	1.93983050e-02	1.30599303e-01
3694            	1.10811104e+00	4.11413156e-03	-3.35519039e-02	1.85038493e-02	1.21857300e-01
3695            	1.10781017e+00	4.92541494e-03	-3.78280879e-02	1.77061917e-02	1.14813058e-01
3696            	1.10754279e+00	5.90998671e-03	-4.29239367e-02	1.68511342e-02	1.08513531e-01
3697            	1.10746121e+00	6.87840326e-03	-4.77090213e-02	1.59686413e-02	1.03289200e-01
3698            	1.10757113e+00	7.63471667e-03	-5.10234169e-02	1.52015134e-02	9.86728304e-02
3699            	1.10779299e+00	7.93406663e-03	-5.13804720e-02	1.46209571e-02	9.53509207e-02
3700            	1.10799479e+00	7.63914856e-03	-4.79970918e-02	1.42167925e-02	9.29594299e-02
3701            	1.10803460e+00	6.79347210e-03	-4.13198131e-02	1.39799497e-02	9.00631181e-02
3702            	1.10794167e+00	5.83306591e-03	-3.42080551e-02	1.40355073e-02	8.62141115e-02
3703            	1.10781011e+00	4.88432016e-03	-2.74231837e-02	1.44874539e-02	8.29727461e-02
3704            	1.10771538e+00	4.08264009e-03	-2.17615097e-02	1.53477280e-02	8.17618631e-02
3705            	1.10769113e+00	3.28520803e-03	-1.62052156e-02	1.64597765e-02	8.37962489e-02
3706            	1.10776436e+00	2.53034889e-03	-1.10541962e-02	1.77125461e-02	8.87247964e-02
3707            	1.10790566e+00	1.91740000e-03	-7.04278310e-03	1.91075816e-02	9.57299800e-02
3708            	1.10796948e+00	1.41737087e-03	-4.05506521e-03	2.05557453e-02	1.03815628e-01
3709            	1.10786013e+00	9.00647951e-04	-1.30308589e-03	2.19223035e-02	1.11989005e-01
3710            	1.10766427e+00	2.95573837e-04	1.71287943e-03	2.31037335e-02	1.19124829e-01
3711            	1.10754727e+00	-3.97099163e-04	5.06556258e-03	2.40702731e-02	1.24088666e-01
3712            	1.10758104e+00	-9.88859587e-04	7.66360064e-03	2.48283698e-02	1.27103598e-01
3713            	1.10774000e+00	-1.32984955e-03	8.63481940e-03	2.53391765e-02	1.27980834e-01
3714            	1.10798809e+00	-1.44345273e-03	8.19109841e-03	2.56419618e-02	1.28471692e-01
3715            	1.10822196e+00	-1.45705029e-03	7.05862012e-03	2.57993213e-02	1.30098331e-01
3716            	1.10829681e+00	-1.30575634e-03	4.74396271e-03	2.57458744e-02	1.33218682e-01
3717            	1.10820512e+00	-7.73505558e-04	-2.60139398e-05	2.53124000e-02	1.35873000e-01
3718            	1.10802011e+00	1.40709803e-05	-6.19278639e-03	2.43960164e-02	1.36980008e-01
3719            	1.10783085e+00	9.50497238e-04	-1.29286860e-02	2.30999686e-02	1.35308459e-01
3720            	1.10771236e+00	1.73088649e-03	-1.82727413e-02	2.16887313e-02	1.32069457e-01
3721            	1.10774107e+00	2.35338844e-03	-2.23897268e-02	2.03676027e-02	1.27136041e-01
3722            	1.10789278e+00	2.84405893e-03	-2.55210449e-02	1.91690504e-02	1.19869158e-01
3723            	1.10797993e+00	3.40842200e-03	-2.89241767e-02	1.80119904e-02	1.10636299e-01
3724            	1.10787712e+00	4.08629456e-03	-3.27492170e-02	1.69192710e-02	1.01775902e-01
3725            	1.10765219e+00	4.91480246e-03	-3.72600941e-02	1.59368520e-02	9.45862190e-02
3726            	1.10749250e+00	5.83357277e-03	-4.21280186e-02	1.51138859e-02	8.91318775e-02
3727            	1.10751073e+00	6.80270483e-03	-4.71659341e-02	1.44389890e-02	8.52014030e-02
3728            	1.10772599e+00	7.48974090e-03	-5.02693101e-02	1.39710654e-02	8.23461185e-02
3729            	1.10808333e+00	7.66920162e-03	-5.00132159e-02	1.38487621e-02	8.18052902e-02
3730            	1.10845182e+00	7.26966713e-03	-4.61492718e-02	1.41173433e-02	8.35007690e-02
3731            	1.10861716e+00	6.51849309e-03	-4.03082087e-02	1.47874267e-02	8.59355137e-02
3732            	1.10857255e+00	5.75022283e-03	-3.46190061e-02	1.57511840e-02	8.79244062e-02
3733            	1.10838566e+00	4.96607450e-03	-2.88687326e-02	1.68953927e-02	9.07818679e-02
3734            	1.10816561e+00	4.20367758e-03	-2.32480049e-02	1.81050195e-02	9.41686131e-02
3735            	1.10798084e+00	3.40810906e-03	-1.74507515e-02	1.92149549e-02	9.85691639e-02
3736            	1.10793471e+00	2.58651848e-03	-1.16523713e-02	2.01368742e-02	1.03644751e-01
3737            	1.10797206e+00	1.97216934e-03	-7.45612896e-03	2.09465415e-02	1.08773636e-01
3738            	1.10792393e+00	1.45192868e-03	-4.20351481e-03	2.16986881e-02	1.13130152e-01
3739            	1.10768975e+00	8.89228409e-04	-1.01597760e-03	2.23497305e-02	1.16706248e-01
3740            	1.10735193e+00	2.12257614e-04	2.61275130e-03	2.28577516e-02	1.18635186e-01
3741            	1.10707720e+00	-4.98546586e-04	6.25161124e-03	2.32743034e-02	1.18922880e-01
3742            	1.10700073e+00	-1.13872532e-03	9.27038760e-03	2.37078415e-02	1.18016763e-01
3743            	1.10719607e+00	-1.66003994e-03	1.14287933e-02	2.41819632e-02	1.16527217e-01
3744            	1.10762313e+00	-1.97057964e-03	1.21333170e-02	2.45660180e-02	1.15580298e-01
3745            	1.10803654e+00	-1.93170644e-03	1.04361128e-02	2.46113734e-02	1.15175237e-01
3746            	1.10817138e+00	-1.50021837e-03	6.13283215e-03	2.42140363e-02	1.14973696e-01
3747            	1.10804724e+00	-7.30407235e-04	-1.90361132e-04	2.34371946e-02	1.13660333e-01
3748            	1.10782297e+00	1.03035967e-04	-6.57439553e-03	2.24232589e-02	1.11845514e-01
3749            	1.10768574e+00	1.02137769e-03	-1.32410418e-02	2.12779831e-02	1.09081630e-01
3750            	1.10773867e+00	1.72784465e-03	-1.83334508e-02	2.01651243e-02	1.06463796e-01
3751            	1.10796513e+00	2.35374924e-03	-2.27351998e-02	1.93143179e-02	1.03742007e-01
3752            	1.10823339e+00	2.93725108e-03	-2.66619006e-02	1.87664620e-02	1.00881386e-01
3753            	1.10835299e+00	3.55985888e-03	-3.05186093e-02	1.84202615e-02	9.76276052e-02
3754            	1.10826300e+00	4.20285644e-03	-3.41523953e-02	1.80747349e-02	9.52300184e-02
3755            	1.10801682e+00	4.99382260e-03	-3.84102416e-02	1.75687769e-02	9.36449261e-02
3756            	1.10778577e+00	5.92755636e-03	-4.33113807e-02	1.68922805e-02	9.25485693e-02
3757            	1.10773458e+00	6.76523825e-03	-4.73140220e-02	1.60719435e-02	9.12892074e-02
3758            	1.10793230e+00	7.23926357e-03	-4.88053428e-02	1.52302720e-02	8.96199749e-02
3759            	1.10831540e+00	7.20913359e-03	-4.70280050e-02	1.45994835e-02	8.86959759e-02
3760            	1.10862186e+00	6.77705651e-03	-4.28167755e-02	1.43978661e-02	8.96718383e-02
3761            	1.10859939e+00	6.13177339e-03	-3.74319222e-02	1.46285354e-02	9.15098157e-02
3762            	1.10826894e+00	5.42839948e-03	-3.17538157e-02	1.52133255e-02	9.30018734e-02
3763            	1.10781857e+00	4.60486501e-03	-2.53479643e-02	1.60683805e-02	9.49321473e-02
3764            	1.10749170e+00	3.75656039e-03	-1.90125276e-02	1.71333284e-02	9.69067011e-02
3765            	1.10738423e+00	2.85333450e-03	-1.26174155e-02	1.83171423e-02	1.00285819e-01
3766            	1.10749926e+00	2.08763715e-03	-7.43250483e-03	1.94080157e-02	1.03787883e-01
3767            	1.10768407e+00	1.52602008e-03	-3.83738944e-03	2.02194309e-02	1.06070133e-01
3768            	1.10770756e+00	1.00613871e-03	-8.01660841e-04	2.07667492e-02	1.06618029e-01
3769            	1.10749713e+00	4.42299595e-04	2.20254900e-03	2.12674988e-02	1.06699766e-01
3770            	1.10718322e+00	-1.46590906e-04	5.01612765e-03	2.18924306e-02	1.06389086e-01
3771            	1.10700986e+00	-8.04431012e-04	8.02269436e-03	2.26494232e-02	1.05660916e-01
3772            	1.10714788e+00	-1.49415049e-03	1.10746198e-02	2.34769107e-02	1.04428728e-01
3773            	1.10760890e+00	-1.98502444e-03	1.27578550e-02	2.44110681e-02	1.03957181e-01
3774            	1.10820809e+00	-2.08527205e-03	1.18441088e-02	2.53320530e-02	1.05082107e-01
3775            	1.10865516e+00	-1.78328873e-03	8.29036648e-03	2.60163231e-02	1.07618186e-01
3776            	1.10873681e+00	-1.17223656e-03	2.86605153e-03	2.61582446e-02	1.09632958e-01
3777            	1.10853391e+00	-3.79309072e-04	-3.44041039e-03	2.56802486e-02	1.10047764e-01
3778            	1.10825415e+00	4.32211021e-04	-9.54203838e-03	2.46991846e-02	1.09880833e-01
3779            	1.10808735e+00	1.23889295e-03	-1.53267629e-02	2.33267152e-02	1.08212416e-01
3780            	1.10805753e+00	1.91653327e-03	-1.99994502e-02	2.17885343e-02	1.06341061e-01
3781            	1.10816069e+00	2.49357128e-03	-2.38189354e-02	2.03941372e-02	1.04152892e-01
3782            	1.10829807e+00	2.96817952e-03	-2.67827039e-02	1.93062491e-02	1.01407713e-01
3783            	1.10825862e+00	3.44402414e-03	-2.94585355e-02	1.83848310e-02	9.78910983e-02
3784            	1.10795763e+00	4.04261104e-03	-3.25655693e-02	1.74526589e-02	9.46620466e-02
3785            	1.10753295e+00	4.72578092e-03	-3.58974358e-02	1.64260624e-02	9.17615937e-02
3786            	1.10724797e+00	5.42177580e-03	-3.90617646e-02	1.53920341e-02	8.97333369e-02
3787            	1.10731823e+00	6.00958307e-03	-4.14400623e-02	1.45136070e-02	8.81476602e-02
3788            	1.10769796e+00	6.38797060e-03	-4.24692999e-02	1.38271295e-02	8.64120841e-02
3789            	1.10815478e+00	6.52879368e-03	-4.19690261e-02	1.32726888e-02	8.51505101e-02
3790            	1.10841273e+00	6.28381195e-03	-3.90188217e-02	1.29549487e-02	8.51312584e-02
3791            	1.10829365e+00	5.72078670e-03	-3.41143997e-02	1.31364563e-02	8.62304044e-02
3792            	1.10794279e+00	5.01102073e-03	-2.84529674e-02	1.39002521e-02	8.73117148e-02
3793            	1.10762538e+00	4.12342441e-03	-2.19006588e-02	1.51053527e-02	8.89793533e-02
3794            	1.10749120e+00	3.31300064e-03	-1.61591791e-02	1.65704188e-02	9.08412536e-02
3795            	1.10754040e+00	2.54207598e-03	-1.09292798e-02	1.82354680e-02	9.43309068e-02
3796            	1.10776278e+00	1.93494624e-03	-6.98993139e-03	1.99362548e-02	9.90433841e-02
3797            	1.10800399e+00	1.46253416e-03	-4.14527172e-03	2.15338217e-02	1.03845900e-01
3798            	1.10802656e+00	9.97290425e-04	-1.62017034e-03	2.28749637e-02	1.07542970e-01
3799            	1.10780136e+00	4.47181744e-04	1.16317410e-03	2.39519920e-02	1.10147398e-01
3800            	1.10749271e+00	-2.46383072e-04	4.67205366e-03	2.48261566e-02	1.11407133e-01
3801            	1.10732484e+00	-1.05465130e-03	8.80831498e-03	2.54341314e-02	1.11171019e-01
3802            	1.10745112e+00	-1.78890826e-03	1.23518161e-02	2.57698459e-02	1.08978019e-01
3803            	1.10783566e+00	-2.19740816e-03	1.37030956e-02	2.59658031e-02	1.06080816e-01
3804            	1.10826901e+00	-2.20941237e-03	1.25063425e-02	2.60546430e-02	1.03368137e-01
3805            	1.10846449e+00	-1.90876460e-03	9.40008318e-03	2.58319313e-02	1.00937803e-01
3806            	1.10828648e+00	-1.34869567e-03	4.74580269e-03	2.51285295e-02	9.83809688e-02
3807            	1.10790607e+00	-6.63245555e-04	-5.71274051e-04	2.39628211e-02	9.54055866e-02
3808            	1.10756653e+00	-3.39138397e-06	-5.52922791e-03	2.25295805e-02	9.29189607e-02
3809            	1.10743142e+00	7.47537708e-04	-1.09416607e-02	2.10724546e-02	9.12702780e-02
3810            	1.10749368e+00	1.34152944e-03	-1.51516424e-02	1.96945791e-02	9.06960572e-02
3811            	1.10770848e+00	1.80447001e-03	-1.83666167e-02	1.83864172e-02	8.93286297e-02
3812            	1.10789191e+00	2.20190014e-03	-2.09500422e-02	1.71346992e-02	8.62287984e-02
3813            	1.10783336e+00	2.69858916e-03	-2.38866507e-02	1.60343304e-02	8.20844536e-02
3814            	1.10756452e+00	3.26269005e-03	-2.69170961e-02	1.51239284e-02	7.90948222e-02
3815            	1.10731939e+00	3.83063181e-03	-2.97162676e-02	1.43689794e-02	7.74185200e-02
3816            	1.10732389e+00	4.47870225e-03	-3.28845310e-02	1.37624686e-02	7.73540405e-02
3817            	1.10761469e+00	5.21994434e-03	-3.65560267e-02	1.34761283e-02	7.84209657e-02
3818            	1.10807716e+00	5.84266055e-03	-3.93619598e-02	1.35643048e-02	8.10515074e-02
3819            	1.10849940e+00	6.15339562e-03	-3.99766227e-02	1.39851096e-02	8.63035391e-02
3820            	1.10867472e+00	5.94640347e-03	-3.72245304e-02	1.46742732e-02	9.29277473e-02
3821            	1.10852404e+00	5.39746228e-03	-3.24418166e-02	1.56095328e-02	9.88084066e-02
3822            	1.10820428e+00	4.65411227e-03	-2.66374897e-02	1.67658701e-02	1.02925092e-01
3823            	1.10789608e+00	3.86400281e-03	-2.07223211e-02	1.79495924e-02	1.05263092e-01
3824            	1.10772714e+00	3.11570343e-03	-1.52892291e-02	1.90553413e-02	1.05640655e-01
3825            	1.10771472e+00	2.36165959e-03	-1.00044512e-02	2.01615430e-02	1.06557483e-01
3826            	1.10782015e+00	1.72648075e-03	-5.69802739e-03	2.12663704e-02	1.07884434e-01
3827            	1.10786101e+00	1.25440677e-03	-2.66363432e-03	2.22606390e-02	1.08991428e-01
3828            	1.10767164e+00	7.27143759e-04	4.68746752e-04	2.30565770e-02	1.08979902e-01
3829            	1.10732237e+00	6.23419378e-06	4.58275923e-03	2.36692791e-02	1.08270823e-01
3830            	1.10705178e+00	-8.96806606e-04	9.55621180e-03	2.41960114e-02	1.06804025e-01
3831            	1.10703081e+00	-1.78565155e-03	1.41384371e-02	2.47127967e-02	1.04939254e-01
3832            	1.10728103e+00	-2.40673847e-03	1.68111916e-02	2.51243573e-02	1.01480850e-01
3833            	1.10768114e+00	-2.65627750e-03	1.71189747e-02	2.52364903e-02	9.60266239e-02
3834            	1.10804001e+00	-2.58787279e-03	1.55143010e-02	2.49577561e-02	8.94995649e-02
3835            	1.10816675e+00	-2.26518559e-03	1.22982564e-02	2.43688433e-02	8.41193666e-02
3836            	1.10805241e+00	-1.80030002e-03	8.12092599e-03	2.35312966e-02	8.02048764e-02
3837            	1.10783291e+00	-1.15530152e-03	2.82296532e-03	2.24851485e-02	7.76294357e-02
3838            	1.10768100e+00	-4.77512543e-04	-2.52250660e-03	2.13181030e-02	7.71300824e-02
3839            	1.10769455e+00	2.89899310e-04	-8.25359534e-03	2.02832940e-02	7.86153552e-02
3840            	1.10784529e+00	8.64551014e-04	-1.25099841e-02	1.94926168e-02	8.22370880e-02
3841            	1.10806304e+00	1.36326041e-03	-1.60859490e-02	1.89152496e-02	8.59012749e-02
3842            	1.10822987e+00	1.77490174e-03	-1.88645927e-02	1.84139590e-02	8.83300584e-02
3843            	1.10820115e+00	2.16758941e-03	-2.11448664e-02	1.78752713e-02	8.95287920e-02
3844            	1.10801479e+00	2.59597558e-03	-2.32724037e-02	1.72816715e-02	9.12003661e-02
3845            	1.10782120e+00	3.14882295e-03	-2.58899978e-02	1.65466913e-02	9.24611819e-02
3846            	1.10774940e+00	3.91526604e-03	-2.96378487e-02	1.56967028e-02	9.37630748e-02
3847            	1.10786031e+00	4.76228929e-03	-3.36862241e-02	1.50321820e-02	9.58438568e-02
3848            	1.10808202e+00	5.36767157e-03	-3.59611112e-02	1.46973051e-02	9.92585920e-02
3849            	1.10826785e+00	5.60898056e-03	-3.57625629e-02	1.46497575e-02	1.03895181e-01
3850            	1.10826440e+00	5.30788376e-03	-3.21862853e-02	1.48509033e-02	1.08334753e-01
3851            	1.10801764e+00	4.67633303e-03	-2.67414905e-02	1.52954690e-02	1.10949965e-01
3852            	1.10765679e+00	3.93752216e-03	-2.09098100e-02	1.60150222e-02	1.10845464e-01
3853            	1.10737236e+00	3.12925737e-03	-1.49104156e-02	1.70183012e-02	1.09567572e-01
3854            	1.10727156e+00	2.33748191e-03	-9.33043510e-03	1.81778205e-02	1.07375117e-01
3855            	1.10731895e+00	1.56615124e-03	-4.11319056e-03	1.92678047e-02	1.05374280e-01
3856            	1.10743865e+00	1.00779498e-03	-4.81457459e-04	2.01536243e-02	1.02834810e-01
3857            	1.10751341e+00	5.46521427e-04	2.32779859e-03	2.09268555e-02	1.00196943e-01
3858            	1.10744248e+00	-9.31733937e-05	5.99807188e-03	2.16927542e-02	9.77527565e-02
3859            	1.10729375e+00	-9.04851261e-04	1.03958866e-02	2.25007926e-02	9.60941255e-02
3860            	1.10722001e+00	-1.66317797e-03	1.40768049e-02	2.32949934e-02	9.43588863e-02
3861            	1.10731651e+00	-2.25929322e-03	1.65358077e-02	2.41515283e-02	9.27797192e-02
3862            	1.10758017e+00	-2.66126180e-03	1.77817460e-02	2.50029512e-02	8.98399919e-02
3863            	1.10793754e+00	-2.82004483e-03	1.75921707e-02	2.56893575e-02	8.65864612e-02
3864            	1.10828448e+00	-2.78052658e-03	1.61461718e-02	2.60336756e-02	8.39344452e-02
3865            	1.10844838e+00	-2.58229797e-03	1.36530485e-02	2.58740087e-02	8.25889437e-02
3866            	1.10834408e+00	-2.08211173e-03	9.23764134e-03	2.52314709e-02	8.25992356e-02
3867            	1.10807442e+00	-1.41978380e-03	3.96772309e-03	2.41005746e-02	8.34714991e-02
3868            	1.10781178e+00	-7.62711183e-04	-1.01336849e-03	2.25695253e-02	8.48342674e-02
3869            	1.10767461e+00	-1.21617177e-04	-5.69362119e-03	2.09633366e-02	8.69958154e-02
3870            	1.10766193e+00	3.77618232e-04	-9.25386726e-03	1.95241976e-02	9.01144754e-02
3871            	1.10773067e+00	7.61729655e-04	-1.18637884e-02	1.83013623e-02	9.24374925e-02
3872            	1.10778197e+00	1.01461467e-03	-1.33180240e-02	1.72358831e-02	9.30975945e-02
3873            	1.10768789e+00	1.24060407e-03	-1.42684609e-02	1.62491615e-02	9.25039657e-02
3874            	1.10746446e+00	1.63439827e-03	-1.60216082e-02	1.53637913e-02	9.26000594e-02
3875            	1.10725800e+00	2.29908691e-03	-1.93333698e-02	1.46686473e-02	9.37802807e-02
3876            	1.10719736e+00	3.18489021e-03	-2.38369547e-02	1.41768588e-02	9.69330766e-02
3877            	1.10731113e+00	4.11508749e-03	-2.83953507e-02	1.38150364e-02	1.00342046e-01
3878            	1.10755332e+00	4.76684053e-03	-3.10172820e-02	1.35219244e-02	1.02987653e-01
3879            	1.10782311e+00	4.95341399e-03	-3.06303467e-02	1.34196311e-02	1.05760986e-01
3880            	1.10793673e+00	4.65180518e-03	-2.72896095e-02	1.36993791e-02	1.08228394e-01
3881            	1.10784369e+00	4.06170856e-03	-2.24233885e-02	1.44196044e-02	1.08782470e-01
3882            	1.10765037e+00	3.37658783e-03	-1.72616522e-02	1.55116490e-02	1.07516461e-01
3883            	1.10750392e+00	2.62850012e-03	-1.19429840e-02	1.70090469e-02	1.06086931e-01
3884            	1.10747481e+00	1.94468376e-03	-7.29392777e-03	1.88095050e-02	1.05222854e-01
3885            	1.10756980e+00	1.25847707e-03	-2.81643501e-03	2.06758054e-02	1.05659978e-01
3886            	1.10778670e+00	6.26493856e-04	1.15680164e-03	2.23571581e-02	1.06321815e-01
3887            	1.10801394e+00	1.79489995e-05	4.79182667e-03	2.36892147e-02	1.06611220e-01
3888            	1.10807340e+00	-6.38115498e-04	8.45528576e-03	2.46967207e-02	1.06563152e-01
3889            	1.10791306e+00	-1.32424041e-03	1.20604408e-02	2.53821280e-02	1.05751449e-01
3890            	1.10767771e+00	-1.96714821e-03	1.52717150e-02	2.56958517e-02	1.02323508e-01
3891            	1.10753044e+00	-2.58479294e-03	1.83522849e-02	2.58267784e-02	9.73542438e-02
3892            	1.10756821e+00	-3.09164163e-03	2.07239663e-02	2.58777387e-02	9.09430892e-02
3893            	1.10779429e+00	-3.41642725e-03	2.18719566e-02	2.58283904e-02	8.50881880e-02
3894            	1.10803515e+00	-3.49895866e-03	2.14105192e-02	2.55524882e-02	8.04970765e-02
3895            	1.10807165e+00	-3.28045884e-03	1.89616945e-02	2.48808976e-02	7.83798134e-02
3896            	1.10786142e+00	-2.80901451e-03	1.48925189e-02	2.38314395e-02	7.80634078e-02
3897            	1.10756015e+00	-2.28194070e-03	1.05345968e-02	2.25433921e-02	7.95218875e-02
3898            	1.10731460e+00	-1.73094227e-03	6.15783976e-03	2.11128306e-02	8.21416194e-02
3899            	1.10718709e+00	-1.10730271e-03	1.45136226e-03	1.95480445e-02	8.48550347e-02
3900            	1.10722559e+00	-6.56455404e-04	-1.90299035e-03	1.79140307e-02	8.69074409e-02
3901            	1.10743283e+00	-3.78569902e-04	-3.93770153e-03	1.64398686e-02	8.76376517e-02
3902            	1.10767316e+00	-1.42878369e-04	-5.48773330e-03	1.52929690e-02	8.69399444e-02
3903            	1.10771627e+00	2.67448460e-04	-7.88569517e-03	1.44949831e-02	8.63812677e-02
3904            	1.10756639e+00	9.57546229e-04	-1.17694342e-02	1.39969262e-02	8.80899087e-02
3905            	1.10737257e+00	1.88364098e-03	-1.68230002e-02	1.38958158e-02	9.24914989e-02
3906            	1.10731820e+00	2.89606490e-03	-2.21411937e-02	1.41709629e-02	9.95654245e-02
3907            	1.10747737e+00	3.85538450e-03	-2.69718562e-02	1.46846334e-02	1.07034023e-01
3908            	1.10782745e+00	4.48043653e-03	-2.95901064e-02	1.52744465e-02	1.14167859e-01
3909            	1.10819191e+00	4.71363912e-03	-2.96852575e-02	1.58400595e-02	1.20180419e-01
3910            	1.10832233e+00	4.44539284e-03	-2.66497583e-02	1.64932982e-02	1.24208540e-01
3911            	1.10814845e+00	3.89689506e-03	-2.19753677e-02	1.72600839e-02	1.24926965e-01
3912            	1.10779579e+00	3.18390175e-03	-1.64306075e-02	1.80758190e-02	1.22447126e-01
3913            	1.10746784e+00	2.42484854e-03	-1.08224239e-02	1.90432881e-02	1.18672948e-01
3914            	1.10729574e+00	1.65006948e-03	-5.37949103e-03	2.01733732e-02	1.14772774e-01
3915            	1.10732355e+00	7.84601288e-04	4.71600205e-04	2.13389416e-02	1.11753338e-01
3916            	1.10751343e+00	-4.10652640e-05	5.88463136e-03	2.23560444e-02	1.09098129e-01
3917            	1.10768266e+00	-6.64106759e-04	9.76494788e-03	2.30505819e-02	1.05858156e-01
3918            	1.10760709e+00	-1.23872038e-03	1.30806586e-02	2.34683019e-02	1.01870394e-01
3919            	1.10730717e+00	-1.90560531e-03	1.67890522e-02	2.37679398e-02	9.70770437e-02
3920            	1.10699956e+00	-2.62031781e-03	2.06301384e-02	2.40004911e-02	9.08241437e-02
3921            	1.10688082e+00	-3.31956819e-03	2.42189107e-02	2.40987308e-02	8.40475415e-02
3922            	1.10703545e+00	-3.94605073e-03	2.72149570e-02	2.39574180e-02	7.57023640e-02
3923            	1.10738139e+00	-4.23972196e-03	2.79893845e-02	2.36633070e-02	6.85064402e-02
3924            	1.10773541e+00	-4.27453607e-03	2.70385200e-02	2.33067806e-02	6.42404324e-02
3925            	1.10787462e+00	-4.05920686e-03	2.43802236e-02	2.28156621e-02	6.36600421e-02
3926            	1.10776920e+00	-3.62388169e-03	2.02553121e-02	2.20834358e-02	6.56600927e-02
3927            	1.10753148e+00	-3.04419084e-03	1.52860324e-02	2.12341980e-02	7.01428582e-02
3928            	1.10735312e+00	-2.41784856e-03	1.01961571e-02	2.03768403e-02	7.66266389e-02
3929            	1.10734414e+00	-1.84277718e-03	5.67981760e-03	1.95295040e-02	8.43398167e-02
3930            	1.10754594e+00	-1.48725546e-03	2.82417049e-03	1.87003271e-02	9.20130983e-02
3931            	1.10788493e+00	-1.19133568e-03	5.53004967e-04	1.79149059e-02	9.80597750e-02
3932            	1.10815032e+00	-7.73347054e-04	-2.21469112e-03	1.72621892e-02	1.02079531e-01
3933            	1.10809873e+00	-1.53069006e-04	-5.79880242e-03	1.67180939e-02	1.05967416e-01
3934            	1.10774897e+00	6.44239280e-04	-9.98843638e-03	1.61627352e-02	1.10821233e-01
3935            	1.10736131e+00	1.61345226e-03	-1.49465734e-02	1.56989387e-02	1.15976599e-01
3936            	1.10720753e+00	2.54999259e-03	-1.95255241e-02	1.54286638e-02	1.21688764e-01
3937            	1.10732094e+00	3.41007926e-03	-2.35199021e-02	1.53687199e-02	1.26634839e-01
3938            	1.10758871e+00	4.01632903e-03	-2.58257113e-02	1.54244869e-02	1.30016008e-01
3939            	1.10782133e+00	4.17974127e-03	-2.52556077e-02	1.55094602e-02	1.31719677e-01
3940            	1.10781921e+00	3.77775379e-03	-2.12079533e-02	1.57759938e-02	1.31308789e-01
3941            	1.10758222e+00	3.11836016e-03	-1.58310035e-02	1.64019483e-02	1.28655003e-01
3942            	1.10725699e+00	2.37124654e-03	-1.02378119e-02	1.73925230e-02	1.24543979e-01
3943            	1.10703958e+00	1.54073769e-03	-4.37186701e-03	1.85677203e-02	1.19354449e-01
3944            	1.10704238e+00	6.37794861e-04	1.71740491e-03	1.96838982e-02	1.13377024e-01
3945            	1.10725337e+00	-2.43682953e-04	7.47954492e-03	2.06651196e-02	1.07944048e-01
3946            	1.10755980e+00	-8.88305273e-04	1.15221978e-02	2.15070990e-02	1.03135396e-01
3947            	1.10776738e+00	-1.28027041e-03	1.37456749e-02	2.21819425e-02	9.79967740e-02
3948            	1.10768774e+00	-1.75346587e-03	1.63295061e-02	2.27016772e-02	9.23089808e-02
3949            	1.10739590e+00	-2.41650671e-03	1.99350315e-02	2.32710085e-02	8.69268928e-02
3950            	1.10717248e+00	-3.14459658e-03	2.36855873e-02	2.39612284e-02	8.20145293e-02
3951            	1.10719780e+00	-3.87524645e-03	2.72772263e-02	2.46567069e-02	7.81992744e-02
3952            	1.10748369e+00	-4.38764379e-03	2.93636821e-02	2.51948683e-02	7.49889024e-02
3953            	1.10791336e+00	-4.61555863e-03	2.96106727e-02	2.54538390e-02	7.35034347e-02
3954            	1.10827136e+00	-4.65782594e-03	2.86588243e-02	2.54093697e-02	7.41281119e-02
3955            	1.10830076e+00	-4.45780959e-03	2.61705639e-02	2.49454237e-02	7.72975181e-02
3956            	1.10800166e+00	-3.97460508e-03	2.19157146e-02	2.39241158e-02	8.12922374e-02
3957            	1.10758685e+00	-3.42629791e-03	1.73982306e-02	2.25322431e-02	8.64191555e-02
3958            	1.10732305e+00	-2.93930171e-03	1.34768565e-02	2.10049393e-02	9.23796435e-02
3959            	1.10730732e+00	-2.53453093e-03	1.02516813e-02	1.95429118e-02	9.90283773e-02
3960            	1.10748710e+00	-2.16035894e-03	7.42207690e-03	1.82458222e-02	1.05371746e-01
3961            	1.10768669e+00	-1.71572718e-03	4.41337069e-03	1.70912934e-02	1.10302197e-01
3962            	1.10771393e+00	-1.16578033e-03	1.16580482e-03	1.61591464e-02	1.13755204e-01
3963            	1.10745919e+00	-5.06543290e-04	-2.35184017e-03	1.55115020e-02	1.17670155e-01
3964            	1.10707028e+00	2.88846271e-04	-6.46388161e-03	1.51023639e-02	1.22635253e-01
3965            	1.10680888e+00	1.18200896e-03	-1.10529380e-02	1.47913816e-02	1.27101894e-01
3966            	1.10680566e+00	2.15453682e-03	-1.60324056e-02	1.44550392e-02	1.30052891e-01
3967            	1.10703603e+00	3.02143985e-03	-2.02324513e-02	1.41749311e-02	1.30627958e-01
3968            	1.10740180e+00	3.56033644e-03	-2.22527853e-02	1.40943309e-02	1.30095296e-01
3969            	1.10770843e+00	3.66681939e-03	-2.15400292e-02	1.43125733e-02	1.29252764e-01
3970            	1.10775300e+00	3.30848817e-03	-1.80761927e-02	1.49258378e-02	1.27505283e-01
3971            	1.10757976e+00	2.69586512e-03	-1.32941152e-02	1.60779787e-02	1.24578070e-01
3972            	1.10738105e+00	1.85801764e-03	-7.32753171e-03	1.77244042e-02	1.21699051e-01
3973            	1.10736122e+00	9.13161023e-04	-9.18003833e-04	1.96069348e-02	1.19009794e-01
3974            	1.10753971e+00	7.92711857e-05	4.53113517e-03	2.14004245e-02	1.16515829e-01
3975            	1.10782400e+00	-6.28841336e-04	9.05555606e-03	2.28325499e-02	1.13917837e-01
3976            	1.10806750e+00	-1.14693189e-03	1.23778074e-02	2.38083001e-02	1.10067969e-01
3977            	1.10807618e+00	-1.56262837e-03	1.50788528e-02	2.43273503e-02	1.04515927e-01
3978            	1.10776744e+00	-2.11347163e-03	1.85125405e-02	2.44097405e-02	9.79121543e-02
3979            	1.10734593e+00	-2.94081668e-03	2.34247050e-02	2.43072369e-02	9.11046101e-02
3980            	1.10706211e+00	-3.78238090e-03	2.80974300e-02	2.42032650e-02	8.43320394e-02
3981            	1.10702249e+00	-4.52463958e-03	3.19210502e-02	2.41829817e-02	7.93024347e-02
3982            	1.10720042e+00	-5.04901745e-03	3.42885835e-02	2.41529603e-02	7.52860213e-02
3983            	1.10748474e+00	-5.33027363e-03	3.50787123e-02	2.39458167e-02	7.32278597e-02
3984            	1.10765879e+00	-5.40250667e-03	3.44802164e-02	2.35038511e-02	7.32753002e-02
3985            	1.10755757e+00	-5.21674908e-03	3.21007196e-02	2.27924099e-02	7.60077787e-02
3986            	1.10728746e+00	-4.83609410e-03	2.84315363e-02	2.18042817e-02	8.03218145e-02
3987            	1.10705867e+00	-4.41690902e-03	2.45817686e-02	2.05464069e-02	8.58317984e-02
3988            	1.10701242e+00	-3.89459870e-03	2.01970015e-02	1.90474954e-02	9.12770509e-02
3989            	1.10712758e+00	-3.25385319e-03	1.52455139e-02	1.75395943e-02	9.69781081e-02
3990            	1.10733596e+00	-2.59953847e-03	1.05159684e-02	1.63113442e-02	1.03275304e-01
3991            	1.10751777e+00	-2.01831739e-03	6.62821916e-03	1.54871098e-02	1.09614032e-01
3992            	1.10755878e+00	-1.39288442e-03	2.81938498e-03	1.50372655e-02	1.14785728e-01
3993            	1.10740563e+00	-6.83671247e-04	-1.22765021e-03	1.50122533e-02	1.20785459e-01
3994            	1.10716911e+00	1.61902893e-04	-5.88577782e-03	1.53200640e-02	1.28253990e-01
3995            	1.10705361e+00	1.15029859e-03	-1.12630514e-02	1.57752789e-02	1.35148900e-01
3996            	1.10717248e+00	2.16452224e-03	-1.66301397e-02	1.62236976e-02	1.40777378e-01
3997            	1.10749184e+00	2.99579845e-03	-2.06787089e-02	1.65745285e-02	1.43780253e-01
3998            	1.10786722e+00	3.51014305e-03	-2.25897817e-02	1.68683360e-02	1.44787401e-01
3999            	1.10807775e+00	3.62585983e-03	-2.19159140e-02	1.72221808e-02	1.44660716e-01
4000            	1.10798129e+00	3.16018528e-03	-1.75978523e-02	1.76867916e-02	1.42244139e-01
