# Force and moment coefficients
# dragDir       : (0.00000000e+00 0.00000000e+00 -1.00000000e+00)
# sideDir       : (-0.00000000e+00 1.00000000e+00 0.00000000e+00)
# liftDir       : (1.00000000e+00 0.00000000e+00 0.00000000e+00)
# rollAxis      : (0.00000000e+00 0.00000000e+00 -1.00000000e+00)
# pitchAxis     : (-0.00000000e+00 1.00000000e+00 0.00000000e+00)
# yawAxis       : (1.00000000e+00 0.00000000e+00 0.00000000e+00)
# magUInf       : 1.01700000e+02
# lRef          : 5.78100000e-02
# Aref          : 2.62480000e-03
# CofR          : (0.00000000e+00 0.00000000e+00 3.99000000e-01)
#
# Time          	Cd              	Cl              	CmPitch         	CmRoll          	CmYaw           
3001            	8.93026236e-01	1.06425186e-02	-6.45166543e-02	1.58731869e-02	8.91337109e-02
3002            	8.92939821e-01	1.11677053e-02	-6.77544685e-02	1.65718056e-02	9.00601994e-02
3003            	8.92852938e-01	1.17512471e-02	-7.14580953e-02	1.71750886e-02	9.10231782e-02
3004            	8.92781321e-01	1.23915088e-02	-7.56317185e-02	1.76609812e-02	9.19311097e-02
3005            	8.92748715e-01	1.30329100e-02	-7.98955915e-02	1.80105834e-02	9.25810621e-02
3006            	8.92780151e-01	1.36019050e-02	-8.37848184e-02	1.81883417e-02	9.21759144e-02
3007            	8.92874718e-01	1.40385110e-02	-8.69287933e-02	1.81764305e-02	9.06495943e-02
3008            	8.92984034e-01	1.43295900e-02	-8.92610133e-02	1.79875235e-02	8.86199284e-02
3009            	8.93068048e-01	1.43972698e-02	-9.02642590e-02	1.76636826e-02	8.68361596e-02
3010            	8.93090971e-01	1.42924650e-02	-9.02513714e-02	1.73030619e-02	8.59234999e-02
3011            	8.93100085e-01	1.40806947e-02	-8.95692778e-02	1.69559549e-02	8.56492029e-02
3012            	8.93111984e-01	1.37919641e-02	-8.83719917e-02	1.66538368e-02	8.62598503e-02
3013            	8.93139980e-01	1.34043874e-02	-8.64990326e-02	1.64448258e-02	8.85509697e-02
3014            	8.93191759e-01	1.30310104e-02	-8.46449292e-02	1.63377190e-02	9.26385621e-02
3015            	8.93283725e-01	1.26666482e-02	-8.27466191e-02	1.62878562e-02	9.79838897e-02
3016            	8.93355611e-01	1.22908627e-02	-8.06645551e-02	1.62464799e-02	1.03969748e-01
3017            	8.93384956e-01	1.18353975e-02	-7.79440496e-02	1.61199839e-02	1.09868450e-01
3018            	8.93339282e-01	1.13027258e-02	-7.45874933e-02	1.59220095e-02	1.15317644e-01
3019            	8.93229958e-01	1.06344805e-02	-7.02199279e-02	1.56558295e-02	1.20567334e-01
3020            	8.93078670e-01	9.83125944e-03	-6.48779684e-02	1.53153427e-02	1.25475084e-01
3021            	8.92943486e-01	9.00850010e-03	-5.93464961e-02	1.48906474e-02	1.29189054e-01
3022            	8.92886689e-01	8.26585082e-03	-5.42841541e-02	1.44086343e-02	1.30675574e-01
3023            	8.92932119e-01	7.72757007e-03	-5.04864396e-02	1.39082840e-02	1.29637558e-01
3024            	8.92999868e-01	7.43733398e-03	-4.82270475e-02	1.34126737e-02	1.26550186e-01
3025            	8.93027507e-01	7.35235661e-03	-4.72268992e-02	1.29560260e-02	1.22116910e-01
3026            	8.92978124e-01	7.45810970e-03	-4.73979163e-02	1.25430886e-02	1.16293761e-01
3027            	8.92911621e-01	7.73453781e-03	-4.86252053e-02	1.22109434e-02	1.08949852e-01
3028            	8.92863977e-01	8.12364277e-03	-5.05596830e-02	1.20130329e-02	1.00467020e-01
3029            	8.92851855e-01	8.57258609e-03	-5.28979313e-02	1.20065276e-02	9.21431283e-02
3030            	8.92864003e-01	9.04124503e-03	-5.53953500e-02	1.22055033e-02	8.50952056e-02
3031            	8.92928480e-01	9.44335026e-03	-5.75340384e-02	1.26155044e-02	7.97744196e-02
3032            	8.93023407e-01	9.80236223e-03	-5.95264028e-02	1.32283417e-02	7.66493570e-02
3033            	8.93109087e-01	1.01769110e-02	-6.17439553e-02	1.40189694e-02	7.54230983e-02
3034            	8.93138915e-01	1.06338166e-02	-6.45891761e-02	1.49457131e-02	7.54736658e-02
3035            	8.93107273e-01	1.11698108e-02	-6.79971107e-02	1.59303682e-02	7.68625617e-02
3036            	8.93016526e-01	1.17464145e-02	-7.17152106e-02	1.68779193e-02	7.96863285e-02
3037            	8.92913032e-01	1.23740888e-02	-7.58278227e-02	1.77783535e-02	8.38466883e-02
3038            	8.92861477e-01	1.29585318e-02	-7.97039841e-02	1.85496216e-02	8.83964649e-02
3039            	8.92905646e-01	1.35215483e-02	-8.35173067e-02	1.91221331e-02	9.21448687e-02
3040            	8.92984768e-01	1.40240140e-02	-8.70633087e-02	1.94579602e-02	9.50621146e-02
3041            	8.93062684e-01	1.43558149e-02	-8.96442132e-02	1.95469587e-02	9.76205777e-02
3042            	8.93077047e-01	1.44421347e-02	-9.07475480e-02	1.93900685e-02	9.97670085e-02
3043            	8.93040549e-01	1.43302495e-02	-9.06369760e-02	1.89803863e-02	1.01292532e-01
3044            	8.93000294e-01	1.41022934e-02	-8.98008677e-02	1.83761944e-02	1.02023865e-01
3045            	8.92979040e-01	1.38556892e-02	-8.88348558e-02	1.76219974e-02	1.02043954e-01
3046            	8.92984642e-01	1.35619442e-02	-8.75233160e-02	1.67885343e-02	1.02069793e-01
3047            	8.93044501e-01	1.31578307e-02	-8.54170171e-02	1.59670967e-02	1.02329924e-01
3048            	8.93138050e-01	1.26932186e-02	-8.28305208e-02	1.52417479e-02	1.02995702e-01
3049            	8.93222201e-01	1.21799591e-02	-7.98219705e-02	1.46283499e-02	1.03813957e-01
3050            	8.93262159e-01	1.16333233e-02	-7.64936000e-02	1.41350005e-02	1.04842673e-01
3051            	8.93263457e-01	1.10090489e-02	-7.25758051e-02	1.37760017e-02	1.06418555e-01
3052            	8.93213869e-01	1.02294467e-02	-6.75869313e-02	1.35275992e-02	1.08814624e-01
3053            	8.93143419e-01	9.36381723e-03	-6.19737925e-02	1.33781391e-02	1.11854251e-01
3054            	8.93098704e-01	8.52617953e-03	-5.64280935e-02	1.32862358e-02	1.14794576e-01
3055            	8.93116614e-01	7.89644802e-03	-5.20937384e-02	1.32479247e-02	1.16882592e-01
3056            	8.93153778e-01	7.52951279e-03	-4.93397865e-02	1.32834724e-02	1.17997518e-01
3057            	8.93167109e-01	7.39027708e-03	-4.79687743e-02	1.34052325e-02	1.18687541e-01
3058            	8.93106065e-01	7.38794791e-03	-4.73951408e-02	1.35741001e-02	1.18807842e-01
3059            	8.92990834e-01	7.55604052e-03	-4.78675869e-02	1.37404865e-02	1.17573030e-01
3060            	8.92887481e-01	7.93137951e-03	-4.96624199e-02	1.38856051e-02	1.14208013e-01
3061            	8.92822771e-01	8.49887869e-03	-5.27105815e-02	1.40059890e-02	1.09109777e-01
3062            	8.92789612e-01	9.03444604e-03	-5.55861856e-02	1.40861903e-02	1.03141121e-01
3063            	8.92801766e-01	9.45942025e-03	-5.78072476e-02	1.41253125e-02	9.69308112e-02
3064            	8.92857533e-01	9.79871865e-03	-5.95703889e-02	1.41505780e-02	9.08022191e-02
3065            	8.92933893e-01	1.00923494e-02	-6.11434781e-02	1.42134944e-02	8.53463056e-02
3066            	8.92970615e-01	1.04373035e-02	-6.31522363e-02	1.44038642e-02	8.07043679e-02
3067            	8.92950600e-01	1.08384499e-02	-6.56355225e-02	1.47558204e-02	7.69576549e-02
3068            	8.92888162e-01	1.13155100e-02	-6.87350593e-02	1.52673827e-02	7.48459178e-02
3069            	8.92850233e-01	1.18117141e-02	-7.20836750e-02	1.59234550e-02	7.47397668e-02
3070            	8.92876269e-01	1.23528700e-02	-7.58105309e-02	1.66702840e-02	7.63676102e-02
3071            	8.92981287e-01	1.29699281e-02	-8.00715110e-02	1.74177251e-02	7.87403864e-02
3072            	8.93123010e-01	1.35915320e-02	-8.44142493e-02	1.80872045e-02	8.13459226e-02
3073            	8.93242846e-01	1.40753922e-02	-8.79306281e-02	1.85748113e-02	8.42629980e-02
3074            	8.93279739e-01	1.42790457e-02	-8.96854721e-02	1.88818801e-02	8.81091796e-02
3075            	8.93224623e-01	1.42214456e-02	-8.98058955e-02	1.90336767e-02	9.30381626e-02
3076            	8.93128316e-01	1.40660974e-02	-8.93374030e-02	1.90397534e-02	9.86919401e-02
3077            	8.93044522e-01	1.39408754e-02	-8.90831246e-02	1.88607671e-02	1.04233909e-01
3078            	8.92987407e-01	1.37413761e-02	-8.83434836e-02	1.84915839e-02	1.09332095e-01
3079            	8.92986414e-01	1.34227254e-02	-8.67880330e-02	1.79550681e-02	1.13758549e-01
3080            	8.93037367e-01	1.29829157e-02	-8.43515278e-02	1.72664740e-02	1.16961338e-01
3081            	8.93110446e-01	1.25266596e-02	-8.16949097e-02	1.64465572e-02	1.18649363e-01
3082            	8.93136547e-01	1.20537123e-02	-7.88231985e-02	1.55074147e-02	1.18505675e-01
3083            	8.93111697e-01	1.14876059e-02	-7.52826000e-02	1.44962992e-02	1.16721221e-01
3084            	8.93039998e-01	1.07597898e-02	-7.06678657e-02	1.35007596e-02	1.13954891e-01
3085            	8.92965419e-01	9.86446405e-03	-6.49291172e-02	1.26362988e-02	1.11324593e-01
3086            	8.92917304e-01	8.96339764e-03	-5.90828109e-02	1.19809711e-02	1.09352053e-01
3087            	8.92955300e-01	8.22639583e-03	-5.41992011e-02	1.15803992e-02	1.07751072e-01
3088            	8.93068286e-01	7.73676210e-03	-5.08340743e-02	1.14641627e-02	1.06209314e-01
3089            	8.93202199e-01	7.44443066e-03	-4.86698514e-02	1.16128169e-02	1.04852890e-01
3090            	8.93271872e-01	7.29543764e-03	-4.73374855e-02	1.19948130e-02	1.04262425e-01
3091            	8.93244748e-01	7.32393596e-03	-4.70447590e-02	1.25159334e-02	1.03828286e-01
3092            	8.93141136e-01	7.63026060e-03	-4.84515740e-02	1.30776174e-02	1.02713649e-01
3093            	8.93032983e-01	8.16431303e-03	-5.12539254e-02	1.37003139e-02	1.00923733e-01
3094            	8.92938706e-01	8.73437002e-03	-5.42745986e-02	1.43459545e-02	9.89680208e-02
3095            	8.92889800e-01	9.19356929e-03	-5.66023575e-02	1.49669112e-02	9.75565692e-02
3096            	8.92885443e-01	9.54154268e-03	-5.82555654e-02	1.55268065e-02	9.67136701e-02
3097            	8.92923431e-01	9.85947891e-03	-5.98104171e-02	1.60193388e-02	9.63037081e-02
3098            	8.92936315e-01	1.02125946e-02	-6.17284591e-02	1.64363698e-02	9.58640414e-02
3099            	8.92893809e-01	1.06354838e-02	-6.42517610e-02	1.67510778e-02	9.47667016e-02
3100            	8.92813667e-01	1.10633014e-02	-6.69503187e-02	1.69724450e-02	9.30770978e-02
3101            	8.92739074e-01	1.15235624e-02	-6.99736478e-02	1.70856545e-02	9.10065790e-02
3102            	8.92705833e-01	1.20975276e-02	-7.38543085e-02	1.71033681e-02	8.86714339e-02
3103            	8.92750539e-01	1.27306266e-02	-7.81838397e-02	1.70725347e-02	8.61062826e-02
3104            	8.92863638e-01	1.33705341e-02	-8.26132715e-02	1.70442741e-02	8.31590068e-02
3105            	8.93011935e-01	1.38852946e-02	-8.63060365e-02	1.70292504e-02	8.04930359e-02
3106            	8.93142193e-01	1.41872186e-02	-8.87215778e-02	1.70450655e-02	7.93512991e-02
3107            	8.93224015e-01	1.42074515e-02	-8.94189647e-02	1.71091943e-02	8.03498046e-02
3108            	8.93231071e-01	1.41339147e-02	-8.95993569e-02	1.72055979e-02	8.35417829e-02
3109            	8.93224366e-01	1.40069554e-02	-8.94450394e-02	1.73029984e-02	8.81982158e-02
3110            	8.93210980e-01	1.38152542e-02	-8.88388175e-02	1.73381494e-02	9.37406509e-02
3111            	8.93204952e-01	1.34841886e-02	-8.72425170e-02	1.72693410e-02	9.99468801e-02
3112            	8.93200764e-01	1.30505871e-02	-8.48239050e-02	1.71135661e-02	1.06384928e-01
3113            	8.93213346e-01	1.26080043e-02	-8.21957947e-02	1.68665093e-02	1.12461279e-01
3114            	8.93195221e-01	1.21509008e-02	-7.93753691e-02	1.65093355e-02	1.17558571e-01
3115            	8.93141011e-01	1.16517002e-02	-7.62449766e-02	1.60195399e-02	1.21092786e-01
3116            	8.93058631e-01	1.10565576e-02	-7.24703946e-02	1.54168696e-02	1.22920500e-01
3117            	8.92968683e-01	1.03275985e-02	-6.77854861e-02	1.47330520e-02	1.23661464e-01
3118            	8.92884172e-01	9.54770059e-03	-6.27177553e-02	1.39917977e-02	1.23442148e-01
3119            	8.92844026e-01	8.81748070e-03	-5.79013767e-02	1.32435679e-02	1.22144643e-01
3120            	8.92872800e-01	8.20727662e-03	-5.37781545e-02	1.25464677e-02	1.19240573e-01
3121            	8.92969232e-01	7.77189265e-03	-5.07163393e-02	1.19608104e-02	1.14663094e-01
3122            	8.93059326e-01	7.48299686e-03	-4.85333262e-02	1.15749066e-02	1.09127077e-01
3123            	8.93092369e-01	7.37409161e-03	-4.74276619e-02	1.14281380e-02	1.03532132e-01
3124            	8.93043171e-01	7.53760071e-03	-4.80082903e-02	1.15314242e-02	9.80481258e-02
3125            	8.92999620e-01	7.89766040e-03	-4.98148013e-02	1.18883864e-02	9.26795966e-02
3126            	8.92991926e-01	8.36012281e-03	-5.22897050e-02	1.24818857e-02	8.79060031e-02
3127            	8.93024677e-01	8.79477849e-03	-5.45833549e-02	1.32595597e-02	8.46538161e-02
3128            	8.93069018e-01	9.15380453e-03	-5.63638657e-02	1.41462038e-02	8.34647809e-02
3129            	8.93111873e-01	9.48742187e-03	-5.79860949e-02	1.50421638e-02	8.38591694e-02
3130            	8.93111381e-01	9.79353799e-03	-5.95031155e-02	1.59216083e-02	8.59857534e-02
3131            	8.93055441e-01	1.01389551e-02	-6.13905949e-02	1.67717985e-02	8.91811230e-02
3132            	8.92955786e-01	1.05272009e-02	-6.36867410e-02	1.75652837e-02	9.26588126e-02
3133            	8.92857915e-01	1.10105684e-02	-6.67247849e-02	1.82174089e-02	9.58543028e-02
3134            	8.92771674e-01	1.16317318e-02	-7.07847944e-02	1.86773793e-02	9.84182695e-02
3135            	8.92729952e-01	1.23624064e-02	-7.56561312e-02	1.89267808e-02	1.00070504e-01
3136            	8.92753623e-01	1.30935423e-02	-8.05760731e-02	1.89509491e-02	1.00233713e-01
3137            	8.92850881e-01	1.37456153e-02	-8.50486836e-02	1.87529263e-02	9.86041176e-02
3138            	8.92958449e-01	1.41928102e-02	-8.83014995e-02	1.83559276e-02	9.59685464e-02
3139            	8.93043756e-01	1.44437527e-02	-9.04043216e-02	1.77986845e-02	9.34802592e-02
3140            	8.93057733e-01	1.44827094e-02	-9.12453302e-02	1.71633688e-02	9.15886526e-02
3141            	8.93044460e-01	1.43468542e-02	-9.10259638e-02	1.65513518e-02	9.06531067e-02
3142            	8.93041536e-01	1.40823271e-02	-8.99857638e-02	1.60117884e-02	9.06522141e-02
3143            	8.93074454e-01	1.37183316e-02	-8.82617249e-02	1.55609030e-02	9.15902346e-02
3144            	8.93136106e-01	1.32808174e-02	-8.59684232e-02	1.52250463e-02	9.37545006e-02
3145            	8.93228648e-01	1.27885380e-02	-8.32088087e-02	1.49946956e-02	9.68239463e-02
3146            	8.93309101e-01	1.22928655e-02	-8.03412841e-02	1.48528316e-02	1.00464427e-01
3147            	8.93340081e-01	1.17771346e-02	-7.72563218e-02	1.47405203e-02	1.04175939e-01
3148            	8.93307530e-01	1.12282347e-02	-7.38551246e-02	1.45823605e-02	1.07601744e-01
3149            	8.93226145e-01	1.06472111e-02	-7.01272932e-02	1.44368903e-02	1.11213046e-01
3150            	8.93099666e-01	9.96517816e-03	-6.56575764e-02	1.43021812e-02	1.15286670e-01
3151            	8.92977547e-01	9.26263058e-03	-6.09908295e-02	1.41664186e-02	1.19535977e-01
3152            	8.92914262e-01	8.58854081e-03	-5.64239353e-02	1.40174803e-02	1.22950482e-01
3153            	8.92936621e-01	8.04719329e-03	-5.26457964e-02	1.38633867e-02	1.24301730e-01
3154            	8.92996240e-01	7.71039336e-03	-5.01434825e-02	1.37003377e-02	1.23295272e-01
3155            	8.93030908e-01	7.63553706e-03	-4.92757603e-02	1.35189502e-02	1.20449935e-01
3156            	8.92994450e-01	7.71272584e-03	-4.93117019e-02	1.33427422e-02	1.15877057e-01
3157            	8.92918024e-01	7.94102623e-03	-5.02762649e-02	1.31741611e-02	1.09508616e-01
3158            	8.92868238e-01	8.30126727e-03	-5.20719691e-02	1.30560868e-02	1.01683153e-01
3159            	8.92869690e-01	8.69982034e-03	-5.40907206e-02	1.30608696e-02	9.36828730e-02
3160            	8.92891781e-01	9.04522594e-03	-5.57519404e-02	1.32478725e-02	8.69312357e-02
3161            	8.92922546e-01	9.30290656e-03	-5.68734638e-02	1.36212953e-02	8.21776325e-02
3162            	8.92959841e-01	9.53628671e-03	-5.79586219e-02	1.41772418e-02	7.96353467e-02
3163            	8.93011736e-01	9.75083948e-03	-5.90762363e-02	1.48856474e-02	7.93567736e-02
3164            	8.93057006e-01	1.00549388e-02	-6.09156859e-02	1.56976271e-02	8.05510613e-02
3165            	8.93074734e-01	1.05123894e-02	-6.38518448e-02	1.65477999e-02	8.25726613e-02
3166            	8.93039471e-01	1.11174095e-02	-6.78117391e-02	1.73544806e-02	8.53308499e-02
3167            	8.92978279e-01	1.18152073e-02	-7.24203694e-02	1.80341074e-02	8.85025961e-02
3168            	8.92922540e-01	1.25228121e-02	-7.70912253e-02	1.85853580e-02	9.19257117e-02
3169            	8.92925737e-01	1.31777859e-02	-8.14422711e-02	1.89703063e-02	9.50313909e-02
3170            	8.92976277e-01	1.37723468e-02	-8.54915789e-02	1.91674003e-02	9.77087785e-02
3171            	8.93034630e-01	1.42905146e-02	-8.91781217e-02	1.91602909e-02	1.00209681e-01
3172            	8.93053658e-01	1.45286264e-02	-9.11741199e-02	1.89454843e-02	1.02679212e-01
3173            	8.93025019e-01	1.44971887e-02	-9.15370879e-02	1.85355541e-02	1.04950819e-01
3174            	8.92993087e-01	1.42943407e-02	-9.08350741e-02	1.79227867e-02	1.06401082e-01
3175            	8.92984441e-01	1.39964170e-02	-8.94918152e-02	1.71401992e-02	1.06621606e-01
3176            	8.92980243e-01	1.36272917e-02	-8.76234896e-02	1.62368967e-02	1.05854389e-01
3177            	8.92999445e-01	1.31481025e-02	-8.49680412e-02	1.52846240e-02	1.04441384e-01
3178            	8.93042085e-01	1.25995942e-02	-8.18153888e-02	1.43930935e-02	1.02622137e-01
3179            	8.93105635e-01	1.20360394e-02	-7.85023633e-02	1.36498229e-02	1.00915313e-01
3180            	8.93152923e-01	1.14904693e-02	-7.52249564e-02	1.30853340e-02	9.96372723e-02
3181            	8.93180665e-01	1.09685056e-02	-7.20294664e-02	1.27243263e-02	9.92713162e-02
3182            	8.93171646e-01	1.03868239e-02	-6.83971889e-02	1.25793454e-02	1.00340871e-01
3183            	8.93143501e-01	9.68082888e-03	-6.38972799e-02	1.26211134e-02	1.02850255e-01
3184            	8.93109865e-01	8.92835776e-03	-5.89953069e-02	1.27973903e-02	1.06387146e-01
3185            	8.93117800e-01	8.27245755e-03	-5.45866090e-02	1.30366562e-02	1.09644373e-01
3186            	8.93152073e-01	7.89235113e-03	-5.18453787e-02	1.33196588e-02	1.11859016e-01
3187            	8.93171685e-01	7.72479836e-03	-5.03657423e-02	1.36515712e-02	1.12950884e-01
3188            	8.93137118e-01	7.69011081e-03	-4.96591917e-02	1.40412874e-02	1.13611689e-01
3189            	8.93048869e-01	7.79460950e-03	-4.97861359e-02	1.44282231e-02	1.13495343e-01
3190            	8.92950498e-01	8.05832609e-03	-5.08887459e-02	1.47764634e-02	1.12020046e-01
3191            	8.92890717e-01	8.47535799e-03	-5.29428083e-02	1.50835363e-02	1.09119396e-01
3192            	8.92845719e-01	8.92438932e-03	-5.52029911e-02	1.53396331e-02	1.05439316e-01
3193            	8.92814640e-01	9.28770302e-03	-5.69524311e-02	1.55333528e-02	1.01839132e-01
3194            	8.92803472e-01	9.51726152e-03	-5.79282361e-02	1.56523426e-02	9.82117699e-02
3195            	8.92835704e-01	9.69321385e-03	-5.86938210e-02	1.56994546e-02	9.47197433e-02
3196            	8.92878617e-01	9.96793980e-03	-6.02512297e-02	1.57116477e-02	9.12541305e-02
3197            	8.92907732e-01	1.03916597e-02	-6.29188513e-02	1.57736389e-02	8.78240502e-02
3198            	8.92901439e-01	1.09104869e-02	-6.63079725e-02	1.59163367e-02	8.47582024e-02
3199            	8.92876509e-01	1.14727049e-02	-7.00483383e-02	1.61459482e-02	8.25831082e-02
3200            	8.92865079e-01	1.20863793e-02	-7.41902591e-02	1.64747243e-02	8.18630772e-02
3201            	8.92927801e-01	1.27008607e-02	-7.83883601e-02	1.68802815e-02	8.25859216e-02
3202            	8.93047532e-01	1.33936967e-02	-8.31570142e-02	1.72999658e-02	8.40278914e-02
3203            	8.93180237e-01	1.39888599e-02	-8.73589264e-02	1.76690796e-02	8.62905573e-02
3204            	8.93260102e-01	1.43683292e-02	-9.02360928e-02	1.78904998e-02	8.96167288e-02
3205            	8.93256408e-01	1.44155525e-02	-9.10104387e-02	1.79988161e-02	9.39737282e-02
3206            	8.93181209e-01	1.42337152e-02	-9.03173423e-02	1.79863822e-02	9.89335268e-02
3207            	8.93103761e-01	1.39755213e-02	-8.91102128e-02	1.78256248e-02	1.03799355e-01
3208            	8.93036829e-01	1.36688801e-02	-8.75765648e-02	1.74929343e-02	1.08052244e-01
3209            	8.92992035e-01	1.32812550e-02	-8.55134034e-02	1.70048178e-02	1.11403566e-01
3210            	8.92978201e-01	1.27957226e-02	-8.27730825e-02	1.63960877e-02	1.13536182e-01
3211            	8.93011032e-01	1.23092074e-02	-7.99456035e-02	1.56895416e-02	1.14290702e-01
3212            	8.93044554e-01	1.18712670e-02	-7.73530065e-02	1.49360811e-02	1.13841564e-01
3213            	8.93054867e-01	1.14472511e-02	-7.47857919e-02	1.41430072e-02	1.12344027e-01
3214            	8.93039636e-01	1.09400364e-02	-7.16391655e-02	1.33659653e-02	1.10117385e-01
3215            	8.93002321e-01	1.02705021e-02	-6.73999661e-02	1.26780889e-02	1.07974485e-01
3216            	8.92949973e-01	9.48062718e-03	-6.23218937e-02	1.21625154e-02	1.06218635e-01
3217            	8.92941630e-01	8.74439821e-03	-5.75013240e-02	1.18547309e-02	1.04712290e-01
3218            	8.92993952e-01	8.20968995e-03	-5.38946511e-02	1.17881736e-02	1.03040827e-01
3219            	8.93105447e-01	7.85991133e-03	-5.14161284e-02	1.19662694e-02	1.01314166e-01
3220            	8.93210995e-01	7.66228672e-03	-4.98681790e-02	1.23708970e-02	1.00091596e-01
3221            	8.93263061e-01	7.59058113e-03	-4.90275195e-02	1.29607862e-02	9.96482289e-02
3222            	8.93227310e-01	7.71829858e-03	-4.93476486e-02	1.36658516e-02	9.96135329e-02
3223            	8.93153773e-01	8.06480829e-03	-5.09663507e-02	1.44014077e-02	9.94277338e-02
3224            	8.93048990e-01	8.50268882e-03	-5.31070217e-02	1.51755422e-02	9.94793796e-02
3225            	8.92948077e-01	8.88935673e-03	-5.49253990e-02	1.59248350e-02	1.00189507e-01
3226            	8.92872264e-01	9.15525088e-03	-5.60114111e-02	1.65866086e-02	1.01692582e-01
3227            	8.92858839e-01	9.41451901e-03	-5.71705680e-02	1.71125013e-02	1.03243352e-01
3228            	8.92875793e-01	9.75127571e-03	-5.89914433e-02	1.74764035e-02	1.04505614e-01
3229            	8.92890768e-01	1.02154695e-02	-6.17907080e-02	1.76768771e-02	1.04677871e-01
3230            	8.92868924e-01	1.07557924e-02	-6.52063982e-02	1.76938179e-02	1.03239180e-01
3231            	8.92815532e-01	1.13155743e-02	-6.88372220e-02	1.75598935e-02	1.00665698e-01
3232            	8.92747136e-01	1.18769532e-02	-7.25641162e-02	1.73090958e-02	9.74877266e-02
3233            	8.92730144e-01	1.25327182e-02	-7.69875018e-02	1.69879257e-02	9.42495020e-02
3234            	8.92790104e-01	1.32322353e-02	-8.17524854e-02	1.66629641e-02	9.10240873e-02
3235            	8.92924308e-01	1.38651749e-02	-8.61615050e-02	1.63912698e-02	8.78639151e-02
3236            	8.93064867e-01	1.42793848e-02	-8.92500737e-02	1.61828967e-02	8.54245893e-02
3237            	8.93178851e-01	1.43969131e-02	-9.04938626e-02	1.60374103e-02	8.45938305e-02
3238            	8.93219353e-01	1.42617500e-02	-9.01756811e-02	1.59793995e-02	8.55726055e-02
3239            	8.93232377e-01	1.40062486e-02	-8.91130501e-02	1.59703007e-02	8.79963432e-02
3240            	8.93222221e-01	1.36923350e-02	-8.76678509e-02	1.59633455e-02	9.12272326e-02
3241            	8.93202570e-01	1.33193558e-02	-8.57984452e-02	1.59077428e-02	9.49929443e-02
3242            	8.93181249e-01	1.28722267e-02	-8.33528713e-02	1.58008167e-02	9.92385962e-02
3243            	8.93172318e-01	1.24271806e-02	-8.07811224e-02	1.56732897e-02	1.03725125e-01
3244            	8.93167338e-01	1.20373550e-02	-7.84573085e-02	1.55546068e-02	1.08327088e-01
3245            	8.93148257e-01	1.16767609e-02	-7.62550630e-02	1.54030289e-02	1.12641818e-01
3246            	8.93104781e-01	1.12647314e-02	-7.36824397e-02	1.51719929e-02	1.16259610e-01
3247            	8.93041832e-01	1.07366623e-02	-7.03172866e-02	1.48603028e-02	1.18730736e-01
3248            	8.92954860e-01	1.00670693e-02	-6.59941477e-02	1.44694078e-02	1.20004050e-01
3249            	8.92879066e-01	9.42654099e-03	-6.18118749e-02	1.40215636e-02	1.20107119e-01
3250            	8.92858427e-01	8.81831059e-03	-5.77532189e-02	1.35460682e-02	1.18532232e-01
3251            	8.92919520e-01	8.32179540e-03	-5.43565039e-02	1.30888388e-02	1.14954751e-01
3252            	8.93020508e-01	7.95624390e-03	-5.17496186e-02	1.27170586e-02	1.09900911e-01
3253            	8.93106345e-01	7.73044253e-03	-4.99533144e-02	1.25379549e-02	1.04917128e-01
3254            	8.93106236e-01	7.69009504e-03	-4.92353699e-02	1.25784162e-02	1.00342194e-01
3255            	8.93054367e-01	7.82665206e-03	-4.95875691e-02	1.28521617e-02	9.61259029e-02
3256            	8.92996498e-01	8.13469295e-03	-5.10335180e-02	1.33654986e-02	9.26776904e-02
3257            	8.92984045e-01	8.47364871e-03	-5.27019965e-02	1.40702813e-02	9.06608001e-02
3258            	8.93015699e-01	8.76668136e-03	-5.41025404e-02	1.48734183e-02	9.03002438e-02
3259            	8.93062224e-01	9.07356241e-03	-5.56182703e-02	1.56853982e-02	9.12691433e-02
3260            	8.93095094e-01	9.43479316e-03	-5.75490587e-02	1.63986855e-02	9.30062297e-02
3261            	8.93098534e-01	9.84808223e-03	-5.98979970e-02	1.70220421e-02	9.54343138e-02
3262            	8.93048211e-01	1.03150809e-02	-6.26789386e-02	1.75591889e-02	9.79259084e-02
3263            	8.92959507e-01	1.08002949e-02	-6.56741604e-02	1.79904633e-02	1.00274501e-01
3264            	8.92845720e-01	1.13788997e-02	-6.93788708e-02	1.82838629e-02	1.02528060e-01
3265            	8.92754125e-01	1.21210789e-02	-7.42560344e-02	1.84191973e-02	1.04490893e-01
3266            	8.92732855e-01	1.28882004e-02	-7.93698973e-02	1.83861711e-02	1.05656460e-01
3267            	8.92801502e-01	1.35862805e-02	-8.41016583e-02	1.81665741e-02	1.05203793e-01
3268            	8.92915692e-01	1.41132021e-02	-8.78040994e-02	1.77746049e-02	1.03288458e-01
3269            	8.93023064e-01	1.44240353e-02	-9.01815843e-02	1.72042178e-02	1.00417823e-01
3270            	8.93067516e-01	1.44479280e-02	-9.07789001e-02	1.65059597e-02	9.71176128e-02
3271            	8.93048263e-01	1.42151550e-02	-8.97989575e-02	1.57621814e-02	9.38949968e-02
3272            	8.93014826e-01	1.38707937e-02	-8.81678422e-02	1.50759035e-02	9.11750667e-02
3273            	8.93015133e-01	1.34620037e-02	-8.61383350e-02	1.45064102e-02	8.92249726e-02
3274            	8.93049123e-01	1.30308430e-02	-8.39295320e-02	1.41033306e-02	8.85760871e-02
3275            	8.93120528e-01	1.26052651e-02	-8.16729758e-02	1.38927253e-02	8.95655393e-02
3276            	8.93213864e-01	1.22280770e-02	-7.96395627e-02	1.38611351e-02	9.20019025e-02
3277            	8.93302581e-01	1.18601957e-02	-7.75658726e-02	1.39774681e-02	9.56610193e-02
3278            	8.93330781e-01	1.14519271e-02	-7.51225728e-02	1.41623725e-02	9.98661342e-02
3279            	8.93302874e-01	1.09915389e-02	-7.22447940e-02	1.43273067e-02	1.04138027e-01
3280            	8.93202678e-01	1.04925625e-02	-6.90226110e-02	1.44944817e-02	1.08595001e-01
3281            	8.93066549e-01	9.88779122e-03	-6.50334643e-02	1.46310582e-02	1.12989315e-01
3282            	8.92954615e-01	9.24298702e-03	-6.07237928e-02	1.47238927e-02	1.17110759e-01
3283            	8.92935883e-01	8.64470459e-03	-5.66450752e-02	1.47752479e-02	1.20024576e-01
3284            	8.92994544e-01	8.21028416e-03	-5.35484127e-02	1.47961020e-02	1.21249228e-01
3285            	8.93067154e-01	7.95236526e-03	-5.15060364e-02	1.47929430e-02	1.20769978e-01
3286            	8.93074027e-01	7.83801233e-03	-5.03110843e-02	1.47454072e-02	1.18904217e-01
3287            	8.92992816e-01	7.88959714e-03	-5.01344453e-02	1.46799491e-02	1.15844037e-01
3288            	8.92883524e-01	8.07333353e-03	-5.07815950e-02	1.45964760e-02	1.11302920e-01
3289            	8.92831653e-01	8.36481164e-03	-5.21319056e-02	1.45200951e-02	1.05581078e-01
3290            	8.92831353e-01	8.72344088e-03	-5.39448254e-02	1.44921341e-02	9.96515996e-02
3291            	8.92870191e-01	9.07374856e-03	-5.57399937e-02	1.45613038e-02	9.46684113e-02
3292            	8.92923536e-01	9.39479482e-03	-5.74073652e-02	1.47324757e-02	9.06455596e-02
3293            	8.92990249e-01	9.68494792e-03	-5.89691719e-02	1.50110895e-02	8.79925829e-02
3294            	8.93044831e-01	1.00117434e-02	-6.08947875e-02	1.54087982e-02	8.69202303e-02
3295            	8.93083293e-01	1.04179136e-02	-6.34655117e-02	1.59073765e-02	8.72939592e-02
3296            	8.93070264e-01	1.09901702e-02	-6.72033805e-02	1.64591371e-02	8.88991261e-02
3297            	8.93014743e-01	1.16516682e-02	-7.15587404e-02	1.69849490e-02	9.13900143e-02
3298            	8.92952986e-01	1.23660889e-02	-7.62965504e-02	1.74252410e-02	9.45709077e-02
3299            	8.92942952e-01	1.30270203e-02	-8.06834307e-02	1.77673531e-02	9.78571334e-02
3300            	8.92985650e-01	1.36105946e-02	-8.45851277e-02	1.79915599e-02	1.00485922e-01
3301            	8.93052295e-01	1.40584162e-02	-8.76691128e-02	1.80503092e-02	1.02326833e-01
3302            	8.93087145e-01	1.42939407e-02	-8.94894016e-02	1.79028934e-02	1.03795007e-01
3303            	8.93053025e-01	1.42469991e-02	-8.96161037e-02	1.75629923e-02	1.04527362e-01
3304            	8.92983489e-01	1.39873146e-02	-8.84642576e-02	1.70599948e-02	1.04466085e-01
3305            	8.92942627e-01	1.36627346e-02	-8.69218905e-02	1.64251025e-02	1.03631002e-01
3306            	8.92928446e-01	1.33478836e-02	-8.54336969e-02	1.57042683e-02	1.02384286e-01
3307            	8.92951051e-01	1.30108826e-02	-8.37607549e-02	1.49510202e-02	1.00893004e-01
3308            	8.93006770e-01	1.26126084e-02	-8.16219233e-02	1.42311839e-02	9.91947002e-02
3309            	8.93087802e-01	1.21979399e-02	-7.92936405e-02	1.36436893e-02	9.77532838e-02
3310            	8.93146486e-01	1.17570624e-02	-7.67096889e-02	1.32316331e-02	9.66862599e-02
3311            	8.93179155e-01	1.13243471e-02	-7.41088661e-02	1.29907208e-02	9.61551955e-02
3312            	8.93173780e-01	1.08806467e-02	-7.13772437e-02	1.29411864e-02	9.63602039e-02
3313            	8.93152931e-01	1.02959102e-02	-6.76947625e-02	1.30684713e-02	9.78607469e-02
3314            	8.93127379e-01	9.60136761e-03	-6.32678390e-02	1.33364332e-02	1.00665940e-01
3315            	8.93140216e-01	8.90041320e-03	-5.86855297e-02	1.37060525e-02	1.04283937e-01
3316            	8.93188851e-01	8.32878446e-03	-5.47745533e-02	1.41006881e-02	1.07630231e-01
3317            	8.93240615e-01	7.96395695e-03	-5.20522911e-02	1.45336087e-02	1.10598379e-01
3318            	8.93225105e-01	7.75092627e-03	-5.02031729e-02	1.50102852e-02	1.13624342e-01
3319            	8.93130694e-01	7.67017965e-03	-4.91374532e-02	1.54953159e-02	1.16495197e-01
3320            	8.92992258e-01	7.75193383e-03	-4.90853436e-02	1.59200497e-02	1.18309400e-01
3321            	8.92894276e-01	8.05546945e-03	-5.04648282e-02	1.62354158e-02	1.18439029e-01
3322            	8.92842172e-01	8.53881239e-03	-5.30321128e-02	1.64271311e-02	1.16892878e-01
3323            	8.92828348e-01	9.03748281e-03	-5.57311548e-02	1.64764287e-02	1.14000812e-01
3324            	8.92826896e-01	9.43638346e-03	-5.78156821e-02	1.63868390e-02	1.10288360e-01
3325            	8.92842491e-01	9.75219253e-03	-5.94331477e-02	1.61689038e-02	1.05871665e-01
3326            	8.92870014e-01	1.00161683e-02	-6.08500763e-02	1.58699599e-02	1.01500093e-01
3327            	8.92900160e-01	1.03991928e-02	-6.31875315e-02	1.55731321e-02	9.72133249e-02
3328            	8.92904586e-01	1.09098629e-02	-6.64760032e-02	1.53719779e-02	9.33598743e-02
3329            	8.92887783e-01	1.14642965e-02	-7.01364981e-02	1.53020281e-02	9.03224079e-02
3330            	8.92861278e-01	1.20145788e-02	-7.38520720e-02	1.53738154e-02	8.84016101e-02
3331            	8.92892873e-01	1.25691073e-02	-7.76355613e-02	1.55727521e-02	8.76781829e-02
3332            	8.92996755e-01	1.31281076e-02	-8.14614278e-02	1.58433549e-02	8.76247830e-02
3333            	8.93147446e-01	1.36540080e-02	-8.51162131e-02	1.61546376e-02	8.80522242e-02
3334            	8.93253999e-01	1.40125083e-02	-8.77630815e-02	1.64217356e-02	8.89146200e-02
3335            	8.93282850e-01	1.40947733e-02	-8.86962263e-02	1.65704568e-02	9.04186705e-02
3336            	8.93217024e-01	1.39211484e-02	-8.80229240e-02	1.66552192e-02	9.28280726e-02
3337            	8.93126676e-01	1.36774860e-02	-8.69086732e-02	1.66734835e-02	9.61147713e-02
3338            	8.93048031e-01	1.34350483e-02	-8.58048793e-02	1.66060649e-02	9.98070018e-02
3339            	8.93010754e-01	1.31944756e-02	-8.47072153e-02	1.64495264e-02	1.03688511e-01
3340            	8.93009477e-01	1.28776457e-02	-8.30713639e-02	1.62129666e-02	1.07450666e-01
3341            	8.93035860e-01	1.25033504e-02	-8.09825880e-02	1.58945294e-02	1.10178464e-01
3342            	8.93071561e-01	1.21325898e-02	-7.88469237e-02	1.54772769e-02	1.11339284e-01
3343            	8.93086415e-01	1.18251126e-02	-7.70555707e-02	1.49906628e-02	1.11064025e-01
3344            	8.93068661e-01	1.14566216e-02	-7.48084312e-02	1.44404586e-02	1.09699716e-01
3345            	8.93044084e-01	1.09331484e-02	-7.15373355e-02	1.38811147e-02	1.07582157e-01
3346            	8.93003952e-01	1.02149644e-02	-6.69753061e-02	1.33898650e-02	1.05426526e-01
3347            	8.92985794e-01	9.42875060e-03	-6.18943602e-02	1.30622421e-02	1.04124734e-01
3348            	8.93013209e-01	8.71121249e-03	-5.71246043e-02	1.29328355e-02	1.03435153e-01
3349            	8.93092982e-01	8.14328608e-03	-5.32234792e-02	1.30251734e-02	1.03077744e-01
3350            	8.93175514e-01	7.75564838e-03	-5.04473229e-02	1.33380361e-02	1.03260764e-01
3351            	8.93232649e-01	7.50310879e-03	-4.84963140e-02	1.38388183e-02	1.04559959e-01
3352            	8.93226211e-01	7.45509529e-03	-4.77866949e-02	1.44568279e-02	1.06421673e-01
3353            	8.93177367e-01	7.68932810e-03	-4.88130693e-02	1.50851298e-02	1.07696941e-01
3354            	8.93107385e-01	8.16038443e-03	-5.13051755e-02	1.56589697e-02	1.08140118e-01
3355            	8.93035258e-01	8.70020414e-03	-5.41933968e-02	1.61737754e-02	1.08373597e-01
3356            	8.92965951e-01	9.13699942e-03	-5.64009507e-02	1.66149877e-02	1.08821707e-01
3357            	8.92915494e-01	9.45337239e-03	-5.78733673e-02	1.69464718e-02	1.09433846e-01
3358            	8.92891843e-01	9.76693973e-03	-5.94605800e-02	1.71392481e-02	1.10153195e-01
3359            	8.92888423e-01	1.02114005e-02	-6.20609108e-02	1.71884080e-02	1.10703814e-01
3360            	8.92878677e-01	1.07343425e-02	-6.53088955e-02	1.71159445e-02	1.10411547e-01
3361            	8.92854268e-01	1.12596699e-02	-6.86918988e-02	1.69195112e-02	1.08819601e-01
3362            	8.92803637e-01	1.17654029e-02	-7.20248287e-02	1.66180163e-02	1.06099513e-01
3363            	8.92768254e-01	1.23044694e-02	-7.56229174e-02	1.62264367e-02	1.02455810e-01
3364            	8.92788590e-01	1.28670640e-02	-7.94035955e-02	1.57825339e-02	9.80317994e-02
3365            	8.92873744e-01	1.33743867e-02	-8.28716829e-02	1.53660362e-02	9.29163857e-02
3366            	8.92981811e-01	1.37588040e-02	-8.56550587e-02	1.50318868e-02	8.77506032e-02
3367            	8.93087824e-01	1.39515283e-02	-8.73187348e-02	1.48035408e-02	8.36494910e-02
3368            	8.93151818e-01	1.38994045e-02	-8.74893930e-02	1.47203677e-02	8.13029854e-02
3369            	8.93182599e-01	1.37077821e-02	-8.68313878e-02	1.47841518e-02	8.10794856e-02
3370            	8.93200792e-01	1.35088522e-02	-8.61560724e-02	1.49632575e-02	8.30697025e-02
3371            	8.93223820e-01	1.32829679e-02	-8.52774902e-02	1.52041399e-02	8.67844676e-02
3372            	8.93230745e-01	1.29896445e-02	-8.38736082e-02	1.54177392e-02	9.14113260e-02
3373            	8.93227065e-01	1.26315757e-02	-8.19259994e-02	1.56051566e-02	9.64832899e-02
3374            	8.93207667e-01	1.23379405e-02	-8.02724147e-02	1.57723437e-02	1.01600346e-01
3375            	8.93186644e-01	1.20645892e-02	-7.86495903e-02	1.59169899e-02	1.06552570e-01
3376            	8.93148139e-01	1.17435656e-02	-7.66664741e-02	1.59743098e-02	1.10819016e-01
3377            	8.93113805e-01	1.13163132e-02	-7.39765248e-02	1.59139964e-02	1.14266671e-01
3378            	8.93061159e-01	1.07476914e-02	-7.03309900e-02	1.57456191e-02	1.17008716e-01
3379            	8.92987234e-01	1.00482873e-02	-6.57674300e-02	1.54818506e-02	1.18985886e-01
3380            	8.92926526e-01	9.32064639e-03	-6.09421680e-02	1.51491394e-02	1.20079891e-01
3381            	8.92918289e-01	8.65557932e-03	-5.64431876e-02	1.47746179e-02	1.19758898e-01
3382            	8.92959483e-01	8.12247748e-03	-5.27576555e-02	1.43880337e-02	1.17985537e-01
3383            	8.93030699e-01	7.74497576e-03	-5.00431655e-02	1.40512056e-02	1.15140539e-01
3384            	8.93070072e-01	7.58721391e-03	-4.86869578e-02	1.38292910e-02	1.11827426e-01
3385            	8.93055721e-01	7.68914022e-03	-4.89432956e-02	1.37602977e-02	1.08206824e-01
3386            	8.93020005e-01	8.02268367e-03	-5.06511613e-02	1.38560049e-02	1.04241510e-01
3387            	8.93007265e-01	8.46254899e-03	-5.30098720e-02	1.41194538e-02	1.00386087e-01
3388            	8.93021808e-01	8.87525017e-03	-5.51904125e-02	1.45239465e-02	9.76682265e-02
3389            	8.93062402e-01	9.19972062e-03	-5.68221503e-02	1.50187732e-02	9.68679362e-02
3390            	8.93090112e-01	9.55894930e-03	-5.87334556e-02	1.55379492e-02	9.74776771e-02
3391            	8.93105662e-01	9.94307961e-03	-6.08789704e-02	1.59888908e-02	9.91064825e-02
3392            	8.93083443e-01	1.03750564e-02	-6.34257350e-02	1.64082865e-02	1.01476036e-01
3393            	8.93036693e-01	1.08139953e-02	-6.61025339e-02	1.67807864e-02	1.04087170e-01
3394            	8.92955943e-01	1.12667864e-02	-6.89376284e-02	1.70554714e-02	1.06277181e-01
3395            	8.92860813e-01	1.17837222e-02	-7.22422167e-02	1.72052492e-02	1.07561148e-01
3396            	8.92791613e-01	1.23631523e-02	-7.60288827e-02	1.72172136e-02	1.07952670e-01
3397            	8.92786452e-01	1.29491589e-02	-7.99273960e-02	1.70812355e-02	1.06840807e-01
3398            	8.92841702e-01	1.34571727e-02	-8.34133527e-02	1.67905931e-02	1.03830530e-01
3399            	8.92932099e-01	1.38080782e-02	-8.59845540e-02	1.63845214e-02	9.95972627e-02
3400            	8.93000321e-01	1.39888499e-02	-8.75481458e-02	1.58769423e-02	9.52056851e-02
3401            	8.93027213e-01	1.39469368e-02	-8.77809389e-02	1.53266593e-02	9.10483826e-02
3402            	8.93028931e-01	1.37435704e-02	-8.70480963e-02	1.48179427e-02	8.76968707e-02
3403            	8.93039079e-01	1.34797900e-02	-8.59370733e-02	1.44288676e-02	8.55997310e-02
3404            	8.93059674e-01	1.31684142e-02	-8.44863904e-02	1.41816002e-02	8.48771809e-02
3405            	8.93108938e-01	1.28334666e-02	-8.28228200e-02	1.40939732e-02	8.54286740e-02
3406            	8.93170534e-01	1.25208623e-02	-8.12248227e-02	1.41721413e-02	8.70067242e-02
3407            	8.93257875e-01	1.22043791e-02	-7.95227909e-02	1.43934196e-02	8.96126550e-02
3408            	8.93328232e-01	1.18629989e-02	-7.75889181e-02	1.47213630e-02	9.32721697e-02
3409            	8.93360149e-01	1.14687276e-02	-7.52070529e-02	1.50716556e-02	9.78282284e-02
3410            	8.93331591e-01	1.09786300e-02	-7.20759839e-02	1.53912621e-02	1.02937818e-01
3411            	8.93234733e-01	1.03647541e-02	-6.80229649e-02	1.56796167e-02	1.08617454e-01
3412            	8.93094006e-01	9.64303119e-03	-6.31987460e-02	1.59245666e-02	1.14889606e-01
3413            	8.92981853e-01	8.91591435e-03	-5.82837989e-02	1.61031427e-02	1.20950605e-01
3414            	8.92947789e-01	8.29078616e-03	-5.39840766e-02	1.61864153e-02	1.25712590e-01
3415            	8.92996778e-01	7.89028076e-03	-5.11066075e-02	1.61545945e-02	1.28435520e-01
3416            	8.93040563e-01	7.75312480e-03	-4.98928754e-02	1.60180572e-02	1.29261714e-01
3417            	8.93033647e-01	7.83839788e-03	-5.00509245e-02	1.57568393e-02	1.27817015e-01
3418            	8.92969191e-01	8.09662646e-03	-5.12674652e-02	1.54048816e-02	1.23813078e-01
3419            	8.92897446e-01	8.47468858e-03	-5.32048299e-02	1.49994374e-02	1.17872642e-01
3420            	8.92857926e-01	8.88131540e-03	-5.53277836e-02	1.45995254e-02	1.11171229e-01
3421            	8.92864394e-01	9.28301948e-03	-5.74523141e-02	1.42876189e-02	1.04832235e-01
3422            	8.92890698e-01	9.65076545e-03	-5.93991076e-02	1.41126927e-02	9.95906664e-02
3423            	8.92943116e-01	9.96322946e-03	-6.10750851e-02	1.40879129e-02	9.56696697e-02
3424            	8.93009736e-01	1.02212293e-02	-6.25214809e-02	1.42207739e-02	9.34841180e-02
3425            	8.93081911e-01	1.05087865e-02	-6.42696603e-02	1.45087576e-02	9.25594582e-02
3426            	8.93120026e-01	1.08814283e-02	-6.66520181e-02	1.49147545e-02	9.25454095e-02
3427            	8.93107113e-01	1.13339848e-02	-6.96034906e-02	1.53750371e-02	9.32287149e-02
3428            	8.93032883e-01	1.18462081e-02	-7.29763216e-02	1.58031146e-02	9.41018244e-02
3429            	8.92972883e-01	1.23913941e-02	-7.65897487e-02	1.61741344e-02	9.50410101e-02
3430            	8.92964949e-01	1.29180091e-02	-8.00904752e-02	1.64905661e-02	9.57365787e-02
3431            	8.93010349e-01	1.34267159e-02	-8.35267288e-02	1.67664329e-02	9.64319790e-02
3432            	8.93056814e-01	1.38201787e-02	-8.63161032e-02	1.69407285e-02	9.71779724e-02
3433            	8.93075052e-01	1.39929342e-02	-8.77946670e-02	1.69800179e-02	9.81269917e-02
3434            	8.93043257e-01	1.39145221e-02	-8.77554646e-02	1.68805702e-02	9.90489766e-02
3435            	8.93000421e-01	1.37170339e-02	-8.69990563e-02	1.66439190e-02	9.97164844e-02
3436            	8.92975660e-01	1.34728680e-02	-8.59564611e-02	1.62814292e-02	9.97079579e-02
3437            	8.92977157e-01	1.32671699e-02	-8.51326720e-02	1.58167685e-02	9.90148694e-02
3438            	8.93002853e-01	1.29763931e-02	-8.36941867e-02	1.52941053e-02	9.77925744e-02
3439            	8.93062944e-01	1.26125791e-02	-8.17219880e-02	1.47805515e-02	9.61067926e-02
3440            	8.93140658e-01	1.22070513e-02	-7.94115950e-02	1.43835312e-02	9.46672149e-02
3441            	8.93204957e-01	1.17671714e-02	-7.67785464e-02	1.41479664e-02	9.40579541e-02
3442            	8.93230765e-01	1.12908459e-02	-7.38197848e-02	1.40699315e-02	9.47587346e-02
3443            	8.93222140e-01	1.06915903e-02	-7.00046790e-02	1.41713863e-02	9.69343989e-02
3444            	8.93163037e-01	9.95196704e-03	-6.52596023e-02	1.44209342e-02	1.00728111e-01
3445            	8.93119243e-01	9.15440382e-03	-6.01050489e-02	1.47642217e-02	1.05942517e-01
3446            	8.93134957e-01	8.43606153e-03	-5.53647831e-02	1.51351283e-02	1.11511252e-01
3447            	8.93197472e-01	7.98061789e-03	-5.22069532e-02	1.54326983e-02	1.16268035e-01
3448            	8.93238695e-01	7.77619464e-03	-5.05628051e-02	1.56964542e-02	1.20123644e-01
3449            	8.93220453e-01	7.74989266e-03	-4.99648241e-02	1.59219577e-02	1.23135167e-01
3450            	8.93120073e-01	7.88355034e-03	-5.03090573e-02	1.60788694e-02	1.24873981e-01
3451            	8.92995040e-01	8.17297416e-03	-5.16175818e-02	1.61482719e-02	1.24994234e-01
3452            	8.92894237e-01	8.62967150e-03	-5.40089591e-02	1.61379735e-02	1.23726022e-01
3453            	8.92842510e-01	9.20681623e-03	-5.72063105e-02	1.60412770e-02	1.21516319e-01
3454            	8.92828169e-01	9.68608448e-03	-5.98034415e-02	1.58381746e-02	1.18543421e-01
3455            	8.92845297e-01	1.00084171e-02	-6.14550683e-02	1.55492806e-02	1.14770511e-01
3456            	8.92877153e-01	1.02255490e-02	-6.25167021e-02	1.51711419e-02	1.10285447e-01
3457            	8.92922569e-01	1.04476180e-02	-6.37250066e-02	1.47445224e-02	1.05364308e-01
3458            	8.92946465e-01	1.07550241e-02	-6.55954138e-02	1.43583999e-02	1.00195667e-01
3459            	8.92935268e-01	1.10956805e-02	-6.77716453e-02	1.40944663e-02	9.49308361e-02
3460            	8.92883134e-01	1.14780987e-02	-7.03171024e-02	1.39925000e-02	8.99105709e-02
3461            	8.92858962e-01	1.19204388e-02	-7.33393118e-02	1.40718488e-02	8.59431161e-02
3462            	8.92909296e-01	1.24277120e-02	-7.68335083e-02	1.43314802e-02	8.32661097e-02
3463            	8.93034277e-01	1.29781787e-02	-8.06479047e-02	1.47358752e-02	8.17304198e-02
3464            	8.93177043e-01	1.34933463e-02	-8.42963914e-02	1.52388146e-02	8.14624558e-02
3465            	8.93276807e-01	1.38453352e-02	-8.69462504e-02	1.57535301e-02	8.27759142e-02
3466            	8.93281210e-01	1.38961776e-02	-8.76901950e-02	1.62060497e-02	8.52316843e-02
3467            	8.93215036e-01	1.37338277e-02	-8.70800575e-02	1.65913839e-02	8.85950737e-02
3468            	8.93125442e-01	1.35748335e-02	-8.64942615e-02	1.68786195e-02	9.26714261e-02
3469            	8.93059481e-01	1.34151784e-02	-8.58913783e-02	1.70468122e-02	9.71101131e-02
3470            	8.93029125e-01	1.31932472e-02	-8.48776752e-02	1.70878405e-02	1.01361310e-01
3471            	8.93045551e-01	1.28763175e-02	-8.32093733e-02	1.70039173e-02	1.04891989e-01
3472            	8.93088015e-01	1.25321259e-02	-8.12727289e-02	1.68125522e-02	1.07595857e-01
3473            	8.93136979e-01	1.21686977e-02	-7.90972782e-02	1.65097792e-02	1.09348845e-01
3474            	8.93141151e-01	1.17514885e-02	-7.64900546e-02	1.61169690e-02	1.10231817e-01
3475            	8.93099363e-01	1.12288178e-02	-7.31631763e-02	1.56536772e-02	1.10588448e-01
3476            	8.93021110e-01	1.05357194e-02	-6.87405360e-02	1.51566697e-02	1.10684478e-01
3477            	8.92952455e-01	9.70949159e-03	-6.34534162e-02	1.46948186e-02	1.10925522e-01
3478            	8.92937801e-01	8.94877909e-03	-5.85337021e-02	1.43252943e-02	1.11354121e-01
3479            	8.93009742e-01	8.35809103e-03	-5.46228998e-02	1.40757126e-02	1.11516278e-01
3480            	8.93124981e-01	8.00273607e-03	-5.21485092e-02	1.39658827e-02	1.11405189e-01
3481            	8.93226864e-01	7.81340201e-03	-5.06708484e-02	1.40144192e-02	1.11327331e-01
3482            	8.93260370e-01	7.76158516e-03	-4.99969250e-02	1.42131182e-02	1.11674535e-01
3483            	8.93231033e-01	7.89669028e-03	-5.04600937e-02	1.45146608e-02	1.12094207e-01
3484            	8.93153738e-01	8.32236238e-03	-5.27305907e-02	1.48428909e-02	1.12315459e-01
3485            	8.93074997e-01	8.87988973e-03	-5.57841065e-02	1.51626104e-02	1.12398271e-01
3486            	8.93006256e-01	9.39283314e-03	-5.85267596e-02	1.54672139e-02	1.12695982e-01
3487            	8.92970582e-01	9.72992140e-03	-6.01389446e-02	1.57576330e-02	1.13510006e-01
3488            	8.92951567e-01	9.94081095e-03	-6.09880105e-02	1.59621730e-02	1.14019111e-01
3489            	8.92952785e-01	1.01606969e-02	-6.20030849e-02	1.60261101e-02	1.13869136e-01
3490            	8.92942706e-01	1.04548991e-02	-6.36452773e-02	1.59579117e-02	1.12754132e-01
3491            	8.92901270e-01	1.08237048e-02	-6.59112205e-02	1.57844445e-02	1.10301888e-01
3492            	8.92830239e-01	1.12026909e-02	-6.83623951e-02	1.55324147e-02	1.06384894e-01
3493            	8.92754685e-01	1.16177397e-02	-7.11175754e-02	1.52384554e-02	1.01316401e-01
3494            	8.92729130e-01	1.21323864e-02	-7.45885928e-02	1.49326594e-02	9.57657748e-02
3495            	8.92800845e-01	1.27137550e-02	-7.85509872e-02	1.46578755e-02	8.99506305e-02
3496            	8.92926787e-01	1.32706668e-02	-8.24212422e-02	1.45031740e-02	8.44817773e-02
3497            	8.93054647e-01	1.36772593e-02	-8.53893968e-02	1.44893516e-02	8.01145496e-02
3498            	8.93133820e-01	1.38361387e-02	-8.68368577e-02	1.46018835e-02	7.72756962e-02
3499            	8.93165971e-01	1.37586928e-02	-8.68432139e-02	1.48507856e-02	7.61024954e-02
3500            	8.93171201e-01	1.36014484e-02	-8.63947048e-02	1.52120584e-02	7.67826146e-02
3501            	8.93198359e-01	1.34093406e-02	-8.57344531e-02	1.56291756e-02	7.93228287e-02
3502            	8.93234830e-01	1.31902848e-02	-8.48795439e-02	1.60523875e-02	8.35383633e-02
3503            	8.93274331e-01	1.29058411e-02	-8.34964760e-02	1.64030592e-02	8.87362135e-02
3504            	8.93288043e-01	1.25679737e-02	-8.15952090e-02	1.67247657e-02	9.46072553e-02
3505            	8.93281372e-01	1.22227367e-02	-7.94863014e-02	1.70162556e-02	1.00884120e-01
3506            	8.93231821e-01	1.18344520e-02	-7.70061155e-02	1.72418926e-02	1.07398395e-01
3507            	8.93151222e-01	1.13898174e-02	-7.41491811e-02	1.73400931e-02	1.13845561e-01
3508            	8.93055057e-01	1.08280574e-02	-7.05410247e-02	1.72863799e-02	1.19631657e-01
3509            	8.92972898e-01	1.01762189e-02	-6.63501941e-02	1.70572770e-02	1.24204725e-01
3510            	8.92913449e-01	9.54755556e-03	-6.22899041e-02	1.66442627e-02	1.27347523e-01
3511            	8.92912967e-01	8.97838513e-03	-5.85432534e-02	1.60855923e-02	1.28555909e-01
3512            	8.92957563e-01	8.52087118e-03	-5.54186026e-02	1.54059613e-02	1.27444537e-01
3513            	8.93024177e-01	8.20057385e-03	-5.31061844e-02	1.46811229e-02	1.24340696e-01
3514            	8.93066690e-01	8.01399454e-03	-5.16107692e-02	1.40221241e-02	1.20251320e-01
3515            	8.93066058e-01	8.05979964e-03	-5.15557859e-02	1.35162862e-02	1.15949751e-01
3516            	8.93023372e-01	8.34822629e-03	-5.30129611e-02	1.32113135e-02	1.11417590e-01
3517            	8.92997452e-01	8.77455410e-03	-5.53200483e-02	1.31324177e-02	1.07121714e-01
3518            	8.93008578e-01	9.20101753e-03	-5.76269198e-02	1.32711538e-02	1.03730697e-01
3519            	8.93061581e-01	9.51026346e-03	-5.91775344e-02	1.35727287e-02	1.01465783e-01
3520            	8.93117121e-01	9.72539405e-03	-6.01192491e-02	1.39749651e-02	1.00265094e-01
3521            	8.93156450e-01	9.92155053e-03	-6.09805804e-02	1.44077445e-02	9.99270702e-02
3522            	8.93154359e-01	1.01365298e-02	-6.20567772e-02	1.47908706e-02	1.00143451e-01
3523            	8.93108243e-01	1.04148205e-02	-6.36423886e-02	1.51680150e-02	1.00604969e-01
3524            	8.93020429e-01	1.07505318e-02	-6.56812293e-02	1.55222715e-02	1.00952245e-01
3525            	8.92911108e-01	1.11927725e-02	-6.84818124e-02	1.58428251e-02	1.01082449e-01
3526            	8.92810448e-01	1.17395256e-02	-7.20426908e-02	1.61123387e-02	1.00858527e-01
3527            	8.92784515e-01	1.23775383e-02	-7.62714534e-02	1.63184149e-02	1.00301843e-01
3528            	8.92833845e-01	1.29997453e-02	-8.04513256e-02	1.64395331e-02	9.90102811e-02
3529            	8.92925794e-01	1.35418607e-02	-8.41871185e-02	1.64363167e-02	9.65130519e-02
3530            	8.93001554e-01	1.38984363e-02	-8.68215331e-02	1.63117767e-02	9.31794712e-02
3531            	8.93030508e-01	1.40367341e-02	-8.81293981e-02	1.60815939e-02	8.93783910e-02
3532            	8.93023975e-01	1.39177556e-02	-8.78618829e-02	1.57859194e-02	8.55206146e-02
3533            	8.93027879e-01	1.36856864e-02	-8.69299983e-02	1.54976809e-02	8.25927265e-02
3534            	8.93051981e-01	1.33980574e-02	-8.56579148e-02	1.52920793e-02	8.12096468e-02
3535            	8.93113749e-01	1.30759762e-02	-8.41036672e-02	1.52050371e-02	8.15057099e-02
3536            	8.93186398e-01	1.27040470e-02	-8.21117824e-02	1.52628154e-02	8.34043870e-02
3537            	8.93261241e-01	1.22869124e-02	-7.97176644e-02	1.54755890e-02	8.67884070e-02
3538            	8.93314509e-01	1.18681988e-02	-7.72532383e-02	1.58130316e-02	9.16937002e-02
3539            	8.93333275e-01	1.14128418e-02	-7.44957118e-02	1.62011819e-02	9.78683249e-02
3540            	8.93309587e-01	1.09311725e-02	-7.14974957e-02	1.65227506e-02	1.04785662e-01
3541            	8.93250397e-01	1.04415263e-02	-6.83682401e-02	1.67265517e-02	1.11672000e-01
3542            	8.93143136e-01	9.87713686e-03	-6.46818997e-02	1.68024522e-02	1.18261604e-01
3543            	8.93050515e-01	9.29108883e-03	-6.07833801e-02	1.67773168e-02	1.24432376e-01
3544            	8.93008252e-01	8.74224935e-03	-5.70204096e-02	1.66287167e-02	1.29244522e-01
3545            	8.93019494e-01	8.34314552e-03	-5.41596178e-02	1.63399574e-02	1.32279610e-01
3546            	8.93038899e-01	8.15299750e-03	-5.26235702e-02	1.59475891e-02	1.33593016e-01
3547            	8.93030923e-01	8.21410207e-03	-5.26683922e-02	1.54810978e-02	1.33172058e-01
3548            	8.92979655e-01	8.43995091e-03	-5.37184541e-02	1.49635420e-02	1.30671626e-01
3549            	8.92918572e-01	8.77390566e-03	-5.54270559e-02	1.44215244e-02	1.26009568e-01
3550            	8.92883855e-01	9.14470241e-03	-5.73422002e-02	1.38882453e-02	1.19698077e-01
3551            	8.92902980e-01	9.48364662e-03	-5.90402511e-02	1.33989185e-02	1.12572544e-01
3552            	8.92937119e-01	9.73979931e-03	-6.02026530e-02	1.30317526e-02	1.05601278e-01
3553            	8.92965187e-01	9.86345874e-03	-6.05567732e-02	1.28152785e-02	9.91480733e-02
3554            	8.92986889e-01	9.96123434e-03	-6.08812213e-02	1.27698171e-02	9.35738430e-02
3555            	8.93025416e-01	1.01048542e-02	-6.16588737e-02	1.29315512e-02	8.94498242e-02
3556            	8.93065193e-01	1.03791428e-02	-6.34077435e-02	1.33106663e-02	8.68907818e-02
3557            	8.93087136e-01	1.07905669e-02	-6.61186998e-02	1.38560194e-02	8.56381282e-02
3558            	8.93059900e-01	1.13180583e-02	-6.96223435e-02	1.45166910e-02	8.54944840e-02
3559            	8.93026212e-01	1.19281651e-02	-7.36771648e-02	1.51865423e-02	8.63112461e-02
3560            	8.93013460e-01	1.25498490e-02	-7.77907243e-02	1.58524732e-02	8.77005851e-02
3561            	8.93029052e-01	1.31205100e-02	-8.15858264e-02	1.64880881e-02	8.92097573e-02
3562            	8.93049579e-01	1.36414964e-02	-8.51299684e-02	1.70415572e-02	9.06626410e-02
3563            	8.93061752e-01	1.40014916e-02	-8.77302550e-02	1.74509650e-02	9.19936889e-02
3564            	8.93046909e-01	1.40670050e-02	-8.85443387e-02	1.76907180e-02	9.31244156e-02
3565            	8.93030320e-01	1.38999585e-02	-8.79545549e-02	1.77491311e-02	9.41278705e-02
3566            	8.93020261e-01	1.36626104e-02	-8.69317266e-02	1.76310817e-02	9.52215491e-02
3567            	8.93032730e-01	1.33981985e-02	-8.56979583e-02	1.73680331e-02	9.63561717e-02
3568            	8.93045601e-01	1.30685533e-02	-8.39726373e-02	1.69849219e-02	9.71777081e-02
3569            	8.93062148e-01	1.26552209e-02	-8.16383102e-02	1.65399350e-02	9.76945047e-02
3570            	8.93082374e-01	1.21930817e-02	-7.89445471e-02	1.60984657e-02	9.82153797e-02
3571            	8.93123312e-01	1.17083310e-02	-7.60601351e-02	1.57330127e-02	9.91881584e-02
3572            	8.93152566e-01	1.12656894e-02	-7.33883621e-02	1.54481468e-02	1.00681916e-01
3573            	8.93172035e-01	1.08172709e-02	-7.06331013e-02	1.52503012e-02	1.02845916e-01
3574            	8.93166109e-01	1.03045888e-02	-6.74290294e-02	1.51391635e-02	1.05517004e-01
3575            	8.93151444e-01	9.67650700e-03	-6.34307627e-02	1.50939101e-02	1.08915749e-01
3576            	8.93156262e-01	9.02539583e-03	-5.91918987e-02	1.51010180e-02	1.13050369e-01
3577            	8.93201464e-01	8.48022880e-03	-5.55234236e-02	1.51254070e-02	1.17297370e-01
3578            	8.93236255e-01	8.23909106e-03	-5.37180275e-02	1.51112313e-02	1.21007697e-01
3579            	8.93228782e-01	8.19842121e-03	-5.30993842e-02	1.51130852e-02	1.24224868e-01
3580            	8.93157529e-01	8.28492459e-03	-5.32062451e-02	1.51074952e-02	1.26668312e-01
3581            	8.93061635e-01	8.47493134e-03	-5.39167701e-02	1.50824418e-02	1.27643192e-01
3582            	8.92976358e-01	8.78643764e-03	-5.53699349e-02	1.50149550e-02	1.26890455e-01
3583            	8.92928070e-01	9.18866705e-03	-5.73874884e-02	1.48974103e-02	1.24624381e-01
3584            	8.92902095e-01	9.55199878e-03	-5.91723845e-02	1.47123887e-02	1.21053208e-01
3585            	8.92880997e-01	9.80061543e-03	-6.02691855e-02	1.44346278e-02	1.16094591e-01
3586            	8.92860757e-01	9.92026666e-03	-6.06422232e-02	1.41058420e-02	1.09956436e-01
3587            	8.92866202e-01	1.00323487e-02	-6.10891987e-02	1.37538631e-02	1.03283592e-01
3588            	8.92891780e-01	1.02611981e-02	-6.24347750e-02	1.34433165e-02	9.66851132e-02
3589            	8.92920896e-01	1.06356809e-02	-6.48507992e-02	1.32618546e-02	9.05856203e-02
3590            	8.92918789e-01	1.10848055e-02	-6.78375474e-02	1.32813610e-02	8.53006009e-02
3591            	8.92890113e-01	1.15789407e-02	-7.11568527e-02	1.35119097e-02	8.09848781e-02
3592            	8.92886370e-01	1.20993877e-02	-7.46843868e-02	1.39393077e-02	7.78956795e-02
3593            	8.92963288e-01	1.26657695e-02	-7.85473184e-02	1.45353389e-02	7.59539333e-02
3594            	8.93082088e-01	1.32685762e-02	-8.27114765e-02	1.52507053e-02	7.50797916e-02
3595            	8.93206138e-01	1.37229526e-02	-8.59910999e-02	1.60099425e-02	7.56076476e-02
3596            	8.93271621e-01	1.39251064e-02	-8.77078880e-02	1.67168764e-02	7.74371644e-02
3597            	8.93273533e-01	1.38481001e-02	-8.76491183e-02	1.73161598e-02	8.03764060e-02
3598            	8.93221433e-01	1.36218373e-02	-8.65971594e-02	1.78065467e-02	8.47324481e-02
3599            	8.93161785e-01	1.33706507e-02	-8.53420309e-02	1.81893004e-02	9.04671516e-02
3600            	8.93107777e-01	1.30865271e-02	-8.38463392e-02	1.84352126e-02	9.70910376e-02
3601            	8.93070493e-01	1.27407675e-02	-8.19426019e-02	1.85099218e-02	1.03640730e-01
3602            	8.93047650e-01	1.23380939e-02	-7.96361658e-02	1.84079468e-02	1.09355265e-01
3603            	8.93065180e-01	1.19646670e-02	-7.74681614e-02	1.81337363e-02	1.13743666e-01
3604            	8.93082832e-01	1.16592670e-02	-7.56827871e-02	1.76820086e-02	1.16622848e-01
3605            	8.93083060e-01	1.13529492e-02	-7.38407547e-02	1.70560169e-02	1.18074263e-01
3606            	8.93050411e-01	1.09287892e-02	-7.11896123e-02	1.62951243e-02	1.18098264e-01
3607            	8.92997846e-01	1.03243449e-02	-6.73393905e-02	1.54597075e-02	1.17229837e-01
3608            	8.92963802e-01	9.63360079e-03	-6.29012129e-02	1.46692900e-02	1.16379913e-01
3609            	8.92989090e-01	9.02934303e-03	-5.89448228e-02	1.40010699e-02	1.15640044e-01
3610            	8.93055206e-01	8.63348927e-03	-5.62501729e-02	1.34895615e-02	1.15012840e-01
3611            	8.93141452e-01	8.40692581e-03	-5.45824386e-02	1.31802165e-02	1.14603022e-01
3612            	8.93204561e-01	8.29410793e-03	-5.35920702e-02	1.30825419e-02	1.14435232e-01
3613            	8.93235220e-01	8.30715756e-03	-5.33203405e-02	1.31621355e-02	1.14318611e-01
3614            	8.93218102e-01	8.49548280e-03	-5.40891830e-02	1.33731615e-02	1.13736148e-01
3615            	8.93178739e-01	8.84275405e-03	-5.57968398e-02	1.36081788e-02	1.12527138e-01
3616            	8.93120642e-01	9.22761324e-03	-5.77048110e-02	1.38581160e-02	1.10970776e-01
3617            	8.93050923e-01	9.50650460e-03	-5.89321832e-02	1.41302581e-02	1.09382846e-01
3618            	8.92977231e-01	9.65649471e-03	-5.93644290e-02	1.44208463e-02	1.07895818e-01
3619            	8.92930211e-01	9.82578282e-03	-6.00224100e-02	1.46802983e-02	1.06469944e-01
3620            	8.92911995e-01	1.00773927e-02	-6.13650378e-02	1.48725521e-02	1.04995487e-01
3621            	8.92912544e-01	1.04622628e-02	-6.37183376e-02	1.50138224e-02	1.03286715e-01
3622            	8.92893786e-01	1.09143859e-02	-6.66148880e-02	1.51124024e-02	1.00974019e-01
3623            	8.92839912e-01	1.13990460e-02	-6.97980723e-02	1.51752715e-02	9.75142493e-02
3624            	8.92777520e-01	1.19094358e-02	-7.32015587e-02	1.51947533e-02	9.30147195e-02
3625            	8.92776113e-01	1.25181832e-02	-7.72862821e-02	1.51860887e-02	8.78546508e-02
3626            	8.92844770e-01	1.30947253e-02	-8.12146307e-02	1.51936272e-02	8.24173942e-02
3627            	8.92966658e-01	1.35804507e-02	-8.46484849e-02	1.52848902e-02	7.73900980e-02
3628            	8.93079215e-01	1.38661705e-02	-8.68805130e-02	1.54774275e-02	7.36623794e-02
3629            	8.93162337e-01	1.38502741e-02	-8.72183906e-02	1.57787842e-02	7.18355665e-02
3630            	8.93201841e-01	1.36163075e-02	-8.61845772e-02	1.61786649e-02	7.22025952e-02
3631            	8.93228360e-01	1.33086848e-02	-8.46972932e-02	1.66470185e-02	7.51486741e-02
3632            	8.93238623e-01	1.30033175e-02	-8.32392790e-02	1.71389594e-02	8.06029980e-02
3633            	8.93250705e-01	1.26635961e-02	-8.15213141e-02	1.75853110e-02	8.76993354e-02
3634            	8.93261756e-01	1.22943242e-02	-7.95124452e-02	1.78973298e-02	9.52721878e-02
3635            	8.93262325e-01	1.19937299e-02	-7.78161736e-02	1.81018300e-02	1.02742843e-01
3636            	8.93242193e-01	1.17392114e-02	-7.63062377e-02	1.81810170e-02	1.09769138e-01
3637            	8.93198787e-01	1.14805648e-02	-7.46939302e-02	1.80988978e-02	1.16158406e-01
3638            	8.93127315e-01	1.11414816e-02	-7.25229415e-02	1.78313420e-02	1.21699976e-01
3639            	8.93046524e-01	1.06785124e-02	-6.95382436e-02	1.73974008e-02	1.26056254e-01
3640            	8.92957175e-01	1.01163464e-02	-6.59059409e-02	1.68083311e-02	1.29389741e-01
3641            	8.92904874e-01	9.60996693e-03	-6.25950554e-02	1.60706925e-02	1.31401459e-01
3642            	8.92914635e-01	9.15171641e-03	-5.95088102e-02	1.52418675e-02	1.31646423e-01
3643            	8.92969611e-01	8.80553239e-03	-5.70782537e-02	1.43524808e-02	1.29837914e-01
3644            	8.93033340e-01	8.54334170e-03	-5.51335082e-02	1.34840655e-02	1.26351036e-01
3645            	8.93076026e-01	8.41054244e-03	-5.39391444e-02	1.27231640e-02	1.21529632e-01
3646            	8.93066648e-01	8.46863869e-03	-5.38982836e-02	1.21590009e-02	1.15676614e-01
3647            	8.93036679e-01	8.66354238e-03	-5.46901654e-02	1.18260821e-02	1.09250378e-01
3648            	8.93007361e-01	8.95057582e-03	-5.60780824e-02	1.17441947e-02	1.03031306e-01
3649            	8.93027696e-01	9.21995688e-03	-5.73869725e-02	1.19143581e-02	9.77726916e-02
3650            	8.93073669e-01	9.43897317e-03	-5.84053834e-02	1.22994064e-02	9.38368188e-02
3651            	8.93118690e-01	9.62648868e-03	-5.92610431e-02	1.28516248e-02	9.14483860e-02
3652            	8.93142383e-01	9.87548942e-03	-6.05838395e-02	1.34853026e-02	9.05727787e-02
3653            	8.93143452e-01	1.01984061e-02	-6.24668025e-02	1.41382876e-02	9.09565996e-02
3654            	8.93093523e-01	1.05994446e-02	-6.49222839e-02	1.48152801e-02	9.20743800e-02
3655            	8.93002262e-01	1.10344021e-02	-6.76592953e-02	1.54879506e-02	9.32614463e-02
3656            	8.92874549e-01	1.15741431e-02	-7.11262678e-02	1.61178246e-02	9.40046949e-02
3657            	8.92792518e-01	1.22041449e-02	-7.52417745e-02	1.66575986e-02	9.41855628e-02
3658            	8.92799462e-01	1.28484366e-02	-7.95220341e-02	1.70796860e-02	9.35322672e-02
3659            	8.92880928e-01	1.34141969e-02	-8.33765904e-02	1.73770493e-02	9.21255042e-02
3660            	8.92978708e-01	1.38307129e-02	-8.63389527e-02	1.75226252e-02	9.01930359e-02
3661            	8.93047778e-01	1.40200997e-02	-8.78839597e-02	1.75258638e-02	8.79507062e-02
3662            	8.93062114e-01	1.39078167e-02	-8.75358437e-02	1.74050634e-02	8.56898418e-02
3663            	8.93046181e-01	1.35921174e-02	-8.59568939e-02	1.71934426e-02	8.42118235e-02
3664            	8.93030025e-01	1.32136665e-02	-8.40351571e-02	1.69643631e-02	8.42378378e-02
3665            	8.93055587e-01	1.28341202e-02	-8.21211153e-02	1.67613569e-02	8.57856598e-02
3666            	8.93106732e-01	1.24928456e-02	-8.04108346e-02	1.66019927e-02	8.82567911e-02
3667            	8.93177684e-01	1.21790047e-02	-7.87903175e-02	1.65115988e-02	9.14047370e-02
3668            	8.93252771e-01	1.19065414e-02	-7.73506519e-02	1.64954411e-02	9.52076400e-02
3669            	8.93316251e-01	1.16110133e-02	-7.56662839e-02	1.65298709e-02	9.96577425e-02
3670            	8.93331308e-01	1.12700717e-02	-7.36048674e-02	1.65557052e-02	1.04909018e-01
3671            	8.93301412e-01	1.08540639e-02	-7.09855498e-02	1.64984430e-02	1.10683988e-01
3672            	8.93207154e-01	1.04366496e-02	-6.82901437e-02	1.63551897e-02	1.16595854e-01
3673            	8.93095772e-01	9.94939909e-03	-6.50656142e-02	1.61419619e-02	1.22544589e-01
3674            	8.93018121e-01	9.42088424e-03	-6.14962716e-02	1.58798203e-02	1.28152395e-01
3675            	8.93011179e-01	8.93178384e-03	-5.80963271e-02	1.55332045e-02	1.32464806e-01
3676            	8.93040055e-01	8.58811645e-03	-5.55648422e-02	1.50852252e-02	1.34665212e-01
3677            	8.93064633e-01	8.43733068e-03	-5.42157770e-02	1.45651858e-02	1.34467304e-01
3678            	8.93037633e-01	8.43551394e-03	-5.37690514e-02	1.39955838e-02	1.31930851e-01
3679            	8.92965863e-01	8.58688762e-03	-5.42889049e-02	1.34187534e-02	1.26671047e-01
3680            	8.92889905e-01	8.82839647e-03	-5.53757982e-02	1.28682077e-02	1.19264747e-01
3681            	8.92864075e-01	9.11435063e-03	-5.67524726e-02	1.23889259e-02	1.10753051e-01
3682            	8.92882605e-01	9.39302011e-03	-5.81199905e-02	1.20376984e-02	1.02203092e-01
3683            	8.92927444e-01	9.63443031e-03	-5.92966336e-02	1.18922603e-02	9.45424075e-02
3684            	8.92960861e-01	9.83500764e-03	-6.02822358e-02	1.19797042e-02	8.81656944e-02
3685            	8.92997873e-01	1.00430338e-02	-6.14203585e-02	1.22847488e-02	8.34429739e-02
3686            	8.93035260e-01	1.03010716e-02	-6.30004086e-02	1.28102674e-02	8.04744359e-02
3687            	8.93064421e-01	1.06860439e-02	-6.55087951e-02	1.35257598e-02	7.90104592e-02
3688            	8.93053368e-01	1.11996236e-02	-6.89159156e-02	1.43874469e-02	7.84466107e-02
3689            	8.93021853e-01	1.17572825e-02	-7.26336180e-02	1.53109944e-02	7.87394754e-02
3690            	8.93005346e-01	1.23454988e-02	-7.65686299e-02	1.61845388e-02	7.96700273e-02
3691            	8.93034319e-01	1.29136402e-02	-8.03538778e-02	1.70244854e-02	8.14309942e-02
3692            	8.93080665e-01	1.34209521e-02	-8.37387575e-02	1.78058981e-02	8.37516674e-02
3693            	8.93114221e-01	1.37693657e-02	-8.61371930e-02	1.84617444e-02	8.67267519e-02
3694            	8.93098092e-01	1.38337018e-02	-8.67935805e-02	1.89477417e-02	9.02083849e-02
3695            	8.93051811e-01	1.36391768e-02	-8.59128118e-02	1.92267593e-02	9.38288250e-02
3696            	8.92999974e-01	1.33272451e-02	-8.43640911e-02	1.92711693e-02	9.75580210e-02
3697            	8.92985018e-01	1.30435673e-02	-8.30362789e-02	1.90563387e-02	1.01084920e-01
3698            	8.93003180e-01	1.28287625e-02	-8.21449554e-02	1.86202196e-02	1.03870112e-01
3699            	8.93037393e-01	1.26019410e-02	-8.11039570e-02	1.79878960e-02	1.05184196e-01
3700            	8.93067682e-01	1.23209678e-02	-7.96205190e-02	1.72268186e-02	1.05201818e-01
3701            	8.93103063e-01	1.19934891e-02	-7.77537871e-02	1.64441063e-02	1.04657590e-01
3702            	8.93130125e-01	1.16272602e-02	-7.55826283e-02	1.57393483e-02	1.04561286e-01
3703            	8.93142056e-01	1.12909665e-02	-7.35659966e-02	1.51387678e-02	1.05357011e-01
3704            	8.93127661e-01	1.09229462e-02	-7.12991645e-02	1.46656915e-02	1.06962904e-01
3705            	8.93109609e-01	1.04066261e-02	-6.80388660e-02	1.43221996e-02	1.09501573e-01
3706            	8.93111271e-01	9.78320292e-03	-6.40474222e-02	1.40950982e-02	1.12938425e-01
3707            	8.93168387e-01	9.15284449e-03	-5.98965567e-02	1.39588676e-02	1.16551449e-01
3708            	8.93234507e-01	8.68299995e-03	-5.66393480e-02	1.38544809e-02	1.19733896e-01
3709            	8.93271320e-01	8.40697273e-03	-5.45218900e-02	1.37434575e-02	1.22042739e-01
3710            	8.93229470e-01	8.29591661e-03	-5.33804085e-02	1.36600405e-02	1.23091164e-01
3711            	8.93136071e-01	8.32099170e-03	-5.30544643e-02	1.36109119e-02	1.22647904e-01
3712            	8.93019836e-01	8.48792745e-03	-5.35991893e-02	1.36032780e-02	1.20701406e-01
3713            	8.92934027e-01	8.82692363e-03	-5.52375282e-02	1.36297127e-02	1.17858997e-01
3714            	8.92897120e-01	9.24408291e-03	-5.74188195e-02	1.36728625e-02	1.14280087e-01
3715            	8.92892411e-01	9.62044696e-03	-5.93889208e-02	1.37216635e-02	1.10152053e-01
3716            	8.92884917e-01	9.86678118e-03	-6.05773777e-02	1.37428718e-02	1.05447522e-01
3717            	8.92882069e-01	1.00687150e-02	-6.15678171e-02	1.37400663e-02	1.00135320e-01
3718            	8.92886475e-01	1.02926076e-02	-6.28261169e-02	1.37171710e-02	9.44329099e-02
3719            	8.92900309e-01	1.06605183e-02	-6.51432026e-02	1.37255576e-02	8.86063078e-02
3720            	8.92896269e-01	1.10699804e-02	-6.78207531e-02	1.38431332e-02	8.30558208e-02
3721            	8.92873434e-01	1.15069184e-02	-7.07504474e-02	1.41222655e-02	7.79601827e-02
3722            	8.92861978e-01	1.19739275e-02	-7.39301510e-02	1.45714941e-02	7.39394380e-02
3723            	8.92925928e-01	1.24627204e-02	-7.72613578e-02	1.51893082e-02	7.15531154e-02
3724            	8.93043957e-01	1.29372857e-02	-8.05084785e-02	1.59551798e-02	7.10736127e-02
3725            	8.93176423e-01	1.33191292e-02	-8.32090436e-02	1.68073955e-02	7.24867715e-02
3726            	8.93248948e-01	1.35363744e-02	-8.49390205e-02	1.76535626e-02	7.56308357e-02
3727            	8.93259869e-01	1.34638861e-02	-8.48605980e-02	1.83811980e-02	8.01803218e-02
3728            	8.93223287e-01	1.32074525e-02	-8.36319473e-02	1.89215357e-02	8.58117166e-02
3729            	8.93177465e-01	1.29889715e-02	-8.26440423e-02	1.92601025e-02	9.23775273e-02
3730            	8.93136046e-01	1.28239912e-02	-8.19892095e-02	1.94108464e-02	9.95136294e-02
3731            	8.93106235e-01	1.26507271e-02	-8.12423504e-02	1.93407407e-02	1.06265087e-01
3732            	8.93079426e-01	1.24146442e-02	-8.00183456e-02	1.90388088e-02	1.11852453e-01
3733            	8.93064829e-01	1.21607276e-02	-7.86140057e-02	1.85414495e-02	1.16053533e-01
3734            	8.93056390e-01	1.19216413e-02	-7.72518067e-02	1.78892643e-02	1.18978253e-01
3735            	8.93048877e-01	1.17342218e-02	-7.61789529e-02	1.71013172e-02	1.20904416e-01
3736            	8.93023989e-01	1.14484922e-02	-7.44237253e-02	1.61965259e-02	1.21910383e-01
3737            	8.92991356e-01	1.09909169e-02	-7.15356451e-02	1.52166042e-02	1.21594187e-01
3738            	8.92959991e-01	1.03361593e-02	-6.73510120e-02	1.42204179e-02	1.20461656e-01
3739            	8.92971030e-01	9.63335901e-03	-6.27756982e-02	1.33145469e-02	1.18925554e-01
3740            	8.93019217e-01	9.03066467e-03	-5.87246550e-02	1.25625076e-02	1.16968031e-01
3741            	8.93093334e-01	8.58543868e-03	-5.56158529e-02	1.19920834e-02	1.14501033e-01
3742            	8.93151427e-01	8.29478020e-03	-5.34873182e-02	1.16616254e-02	1.11778430e-01
3743            	8.93189728e-01	8.14205233e-03	-5.22121754e-02	1.15906399e-02	1.09213473e-01
3744            	8.93196111e-01	8.21115022e-03	-5.23158670e-02	1.17666870e-02	1.06609180e-01
3745            	8.93182410e-01	8.51549132e-03	-5.38672311e-02	1.21327689e-02	1.04144526e-01
3746            	8.93147565e-01	8.97376066e-03	-5.63578033e-02	1.25852640e-02	1.02080908e-01
3747            	8.93108570e-01	9.40950093e-03	-5.86658186e-02	1.31363672e-02	1.00850606e-01
3748            	8.93048672e-01	9.71453460e-03	-6.01148444e-02	1.37536345e-02	1.00105846e-01
3749            	8.92981217e-01	9.90172958e-03	-6.08550252e-02	1.43729879e-02	9.95135640e-02
3750            	8.92923067e-01	1.01658328e-02	-6.22169294e-02	1.49265298e-02	9.88191946e-02
3751            	8.92901507e-01	1.05155345e-02	-6.42808003e-02	1.53963308e-02	9.79683663e-02
3752            	8.92884070e-01	1.09518184e-02	-6.70437361e-02	1.57830774e-02	9.65691432e-02
3753            	8.92858478e-01	1.13886713e-02	-6.99036862e-02	1.60753993e-02	9.41665655e-02
3754            	8.92810801e-01	1.18210521e-02	-7.27697666e-02	1.63045941e-02	9.09380422e-02
3755            	8.92788188e-01	1.22798864e-02	-7.58120016e-02	1.64634943e-02	8.72682935e-02
3756            	8.92826134e-01	1.27407951e-02	-7.88905800e-02	1.65784753e-02	8.34667620e-02
3757            	8.92907437e-01	1.31516533e-02	-8.17262640e-02	1.67044557e-02	8.01506255e-02
3758            	8.92993373e-01	1.34070007e-02	-8.36769280e-02	1.68760423e-02	7.80787374e-02
3759            	8.93069252e-01	1.34329028e-02	-8.42461332e-02	1.70842424e-02	7.72380608e-02
3760            	8.93123031e-01	1.32849744e-02	-8.37685063e-02	1.73109777e-02	7.76192602e-02
3761            	8.93172406e-01	1.30578812e-02	-8.28319846e-02	1.75361579e-02	7.97572078e-02
3762            	8.93218054e-01	1.28623463e-02	-8.21196481e-02	1.77361871e-02	8.38493102e-02
3763            	8.93264690e-01	1.26629278e-02	-8.13437642e-02	1.78849380e-02	8.93022755e-02
3764            	8.93281654e-01	1.24179550e-02	-8.01749443e-02	1.79486004e-02	9.53872783e-02
3765            	8.93270639e-01	1.21492793e-02	-7.87315582e-02	1.78864053e-02	1.01683378e-01
3766            	8.93230397e-01	1.19868289e-02	-7.78628527e-02	1.77499227e-02	1.08155551e-01
3767            	8.93185772e-01	1.18195293e-02	-7.68591560e-02	1.75254164e-02	1.14593346e-01
3768            	8.93124672e-01	1.15789159e-02	-7.53296812e-02	1.71871135e-02	1.20745116e-01
3769            	8.93064302e-01	1.11823786e-02	-7.27639252e-02	1.67187976e-02	1.26048716e-01
3770            	8.92996752e-01	1.06349873e-02	-6.91985313e-02	1.61133331e-02	1.29838236e-01
3771            	8.92940300e-01	1.00373167e-02	-6.52630971e-02	1.53806917e-02	1.31904744e-01
3772            	8.92920192e-01	9.42798231e-03	-6.11780557e-02	1.45241743e-02	1.31867828e-01
3773            	8.92934907e-01	8.90345507e-03	-5.75772463e-02	1.36014450e-02	1.29569412e-01
3774            	8.92960393e-01	8.49121417e-03	-5.46701368e-02	1.26808834e-02	1.25108331e-01
3775            	8.92998447e-01	8.24073235e-03	-5.27801886e-02	1.18633541e-02	1.18887654e-01
3776            	8.93021147e-01	8.20752216e-03	-5.22452177e-02	1.12484267e-02	1.11875392e-01
3777            	8.93020076e-01	8.41636422e-03	-5.32381800e-02	1.09260251e-02	1.04602253e-01
3778            	8.93009154e-01	8.78489862e-03	-5.52250390e-02	1.09127502e-02	9.78786935e-02
3779            	8.93019036e-01	9.17918592e-03	-5.73589423e-02	1.12003381e-02	9.23340003e-02
3780            	8.93043198e-01	9.47127091e-03	-5.88459373e-02	1.17535673e-02	8.82127879e-02
3781            	8.93079866e-01	9.69752405e-03	-5.99445274e-02	1.25074425e-02	8.55441586e-02
3782            	8.93095040e-01	9.96229058e-03	-6.13665881e-02	1.33813141e-02	8.40434091e-02
3783            	8.93103277e-01	1.02567339e-02	-6.30686011e-02	1.42723941e-02	8.36458482e-02
3784            	8.93097136e-01	1.05995116e-02	-6.51668973e-02	1.51396496e-02	8.43549797e-02
3785            	8.93056827e-01	1.09822746e-02	-6.75532460e-02	1.59870144e-02	8.59953746e-02
3786            	8.92968907e-01	1.13839292e-02	-7.00760679e-02	1.68227240e-02	8.79707787e-02
3787            	8.92870006e-01	1.18223454e-02	-7.28549918e-02	1.75900921e-02	8.99814679e-02
3788            	8.92811254e-01	1.22962286e-02	-7.59188490e-02	1.82258266e-02	9.18915286e-02
3789            	8.92824338e-01	1.27649871e-02	-7.90467229e-02	1.87026791e-02	9.35980964e-02
3790            	8.92881693e-01	1.31702506e-02	-8.18711428e-02	1.89939375e-02	9.46843813e-02
3791            	8.92958692e-01	1.34480864e-02	-8.39835747e-02	1.90615654e-02	9.49028156e-02
3792            	8.93003247e-01	1.35197610e-02	-8.48445041e-02	1.89003399e-02	9.42690197e-02
3793            	8.93025892e-01	1.33913193e-02	-8.44839791e-02	1.85218790e-02	9.28900765e-02
3794            	8.93038113e-01	1.31698235e-02	-8.35654721e-02	1.79775795e-02	9.15538051e-02
3795            	8.93054250e-01	1.29224650e-02	-8.24847614e-02	1.73826406e-02	9.12560111e-02
3796            	8.93076414e-01	1.26469900e-02	-8.11937235e-02	1.68161076e-02	9.21410191e-02
3797            	8.93111131e-01	1.24134796e-02	-8.01069306e-02	1.63214424e-02	9.38303673e-02
3798            	8.93146923e-01	1.22220490e-02	-7.92048174e-02	1.59475050e-02	9.64067279e-02
3799            	8.93207528e-01	1.20035164e-02	-7.80521988e-02	1.57058104e-02	9.99305290e-02
3800            	8.93265180e-01	1.17096237e-02	-7.63393548e-02	1.55501141e-02	1.04560249e-01
3801            	8.93292192e-01	1.13253812e-02	-7.39542880e-02	1.54128834e-02	1.09879939e-01
3802            	8.93258184e-01	1.08544808e-02	-7.09087141e-02	1.52017545e-02	1.14772156e-01
3803            	8.93173945e-01	1.02787299e-02	-6.71043831e-02	1.49374690e-02	1.19341942e-01
3804            	8.93065698e-01	9.64847346e-03	-6.28787881e-02	1.46347281e-02	1.23341019e-01
3805            	8.93004311e-01	9.03125689e-03	-5.86610491e-02	1.43002635e-02	1.26246221e-01
3806            	8.92993253e-01	8.55176616e-03	-5.52716630e-02	1.39289552e-02	1.27628655e-01
3807            	8.93009896e-01	8.28663459e-03	-5.32362916e-02	1.35532097e-02	1.27499102e-01
3808            	8.93008395e-01	8.24589164e-03	-5.26265656e-02	1.31931114e-02	1.25517147e-01
3809            	8.92988816e-01	8.42162777e-03	-5.33897576e-02	1.28708464e-02	1.21558934e-01
3810            	8.92944366e-01	8.73177637e-03	-5.49940226e-02	1.26172268e-02	1.15909370e-01
3811            	8.92897477e-01	9.11204125e-03	-5.70116239e-02	1.24215715e-02	1.09098670e-01
3812            	8.92884207e-01	9.46996097e-03	-5.88914144e-02	1.23017036e-02	1.01526881e-01
3813            	8.92899786e-01	9.79984152e-03	-6.06199492e-02	1.22994445e-02	9.36949129e-02
3814            	8.92911124e-01	1.00020585e-02	-6.15844532e-02	1.24692648e-02	8.65396639e-02
3815            	8.92936457e-01	1.01738073e-02	-6.24633206e-02	1.28180281e-02	8.06540194e-02
3816            	8.92979030e-01	1.03621350e-02	-6.35719292e-02	1.33513000e-02	7.66467406e-02
3817            	8.93037747e-01	1.06261729e-02	-6.52549609e-02	1.40781704e-02	7.47315860e-02
3818            	8.93065381e-01	1.09491696e-02	-6.73645598e-02	1.49607752e-02	7.46444837e-02
3819            	8.93049266e-01	1.13000545e-02	-6.96787922e-02	1.59636856e-02	7.59434231e-02
3820            	8.92998888e-01	1.17294399e-02	-7.25346109e-02	1.69861347e-02	7.85369424e-02
3821            	8.92992190e-01	1.21831191e-02	-7.55592381e-02	1.79107369e-02	8.20681029e-02
3822            	8.93025949e-01	1.26384577e-02	-7.86189543e-02	1.87307080e-02	8.63700510e-02
3823            	8.93073724e-01	1.30714867e-02	-8.15919364e-02	1.93753955e-02	9.08677828e-02
3824            	8.93090085e-01	1.33634398e-02	-8.37338050e-02	1.97966120e-02	9.49218601e-02
3825            	8.93082797e-01	1.34163225e-02	-8.44089215e-02	1.99578414e-02	9.83700027e-02
3826            	8.93045652e-01	1.32662632e-02	-8.38484250e-02	1.98453078e-02	1.01436449e-01
3827            	8.93010879e-01	1.30752754e-02	-8.30664619e-02	1.94756941e-02	1.04503579e-01
3828            	8.92986154e-01	1.29225458e-02	-8.25456258e-02	1.88614136e-02	1.07276417e-01
3829            	8.92978810e-01	1.28036399e-02	-8.22074166e-02	1.80700848e-02	1.09234209e-01
3830            	8.92984685e-01	1.26175720e-02	-8.13518881e-02	1.71487185e-02	1.10073853e-01
3831            	8.93022420e-01	1.23654219e-02	-8.00054743e-02	1.61731328e-02	1.09813677e-01
3832            	8.93069053e-01	1.20219219e-02	-7.79906131e-02	1.52384307e-02	1.09007997e-01
3833            	8.93110918e-01	1.16332954e-02	-7.55980490e-02	1.44122826e-02	1.08439613e-01
3834            	8.93115605e-01	1.11848597e-02	-7.27529440e-02	1.37123031e-02	1.08367815e-01
3835            	8.93091925e-01	1.06160391e-02	-6.91016590e-02	1.31593456e-02	1.08461432e-01
3836            	8.93057804e-01	9.93988705e-03	-6.47653878e-02	1.27703697e-02	1.08947251e-01
3837            	8.93079779e-01	9.23390625e-03	-6.01930009e-02	1.25458248e-02	1.09894037e-01
3838            	8.93149882e-01	8.66657094e-03	-5.64184872e-02	1.24712178e-02	1.11310474e-01
3839            	8.93219395e-01	8.34155335e-03	-5.41037010e-02	1.24921691e-02	1.12741232e-01
3840            	8.93236670e-01	8.25199349e-03	-5.32248415e-02	1.25921570e-02	1.13771987e-01
3841            	8.93194928e-01	8.30729504e-03	-5.31800813e-02	1.27871159e-02	1.14349120e-01
3842            	8.93098860e-01	8.51061337e-03	-5.40273714e-02	1.30910805e-02	1.13910601e-01
3843            	8.92999161e-01	8.84703024e-03	-5.56942001e-02	1.34552699e-02	1.12386587e-01
3844            	8.92919100e-01	9.31932341e-03	-5.82398896e-02	1.38182076e-02	1.10008095e-01
3845            	8.92885670e-01	9.75776369e-03	-6.05997103e-02	1.41541896e-02	1.06949906e-01
3846            	8.92875230e-01	1.00739245e-02	-6.22320027e-02	1.44476532e-02	1.03039265e-01
3847            	8.92874129e-01	1.02600892e-02	-6.31152496e-02	1.46802042e-02	9.84348692e-02
3848            	8.92877364e-01	1.04154793e-02	-6.38834882e-02	1.48524018e-02	9.35987569e-02
3849            	8.92896492e-01	1.06031032e-02	-6.49368615e-02	1.49907951e-02	8.91148063e-02
3850            	8.92898701e-01	1.08481115e-02	-6.64602641e-02	1.51469689e-02	8.50575446e-02
3851            	8.92867337e-01	1.11238029e-02	-6.82763533e-02	1.53972261e-02	8.15124668e-02
3852            	8.92817764e-01	1.14091431e-02	-7.02203401e-02	1.57710921e-02	7.88745256e-02
3853            	8.92827232e-01	1.17519072e-02	-7.25917384e-02	1.62496840e-02	7.74606409e-02
3854            	8.92912100e-01	1.22074105e-02	-7.57342111e-02	1.68167898e-02	7.73158309e-02
3855            	8.93055649e-01	1.27069089e-02	-7.92259912e-02	1.74374408e-02	7.83663947e-02
3856            	8.93190899e-01	1.31127947e-02	-8.21824359e-02	1.80324792e-02	8.05612786e-02
3857            	8.93268279e-01	1.32689628e-02	-8.35624425e-02	1.85370043e-02	8.35337733e-02
3858            	8.93274842e-01	1.31815994e-02	-8.33956128e-02	1.88504783e-02	8.71808946e-02
3859            	8.93230044e-01	1.29878544e-02	-8.25525085e-02	1.89820574e-02	9.21002325e-02
3860            	8.93144570e-01	1.28982745e-02	-8.23704866e-02	1.89556097e-02	9.85569163e-02
3861            	8.93075774e-01	1.28090557e-02	-8.21497307e-02	1.87798487e-02	1.05622438e-01
3862            	8.93035177e-01	1.26494100e-02	-8.14279158e-02	1.84338012e-02	1.11983615e-01
3863            	8.93026201e-01	1.23976798e-02	-8.00468517e-02	1.79142717e-02	1.17060997e-01
3864            	8.93039277e-01	1.21160729e-02	-7.83918415e-02	1.72454193e-02	1.20470621e-01
3865            	8.93050088e-01	1.18364519e-02	-7.66590619e-02	1.64493547e-02	1.22358553e-01
3866            	8.93025275e-01	1.14912283e-02	-7.44580901e-02	1.55429460e-02	1.22810717e-01
3867            	8.92959996e-01	1.10131267e-02	-7.13819108e-02	1.45459879e-02	1.21528319e-01
3868            	8.92891089e-01	1.03600820e-02	-6.71849823e-02	1.35210678e-02	1.18770177e-01
3869            	8.92867555e-01	9.64929554e-03	-6.26057044e-02	1.25627771e-02	1.15213889e-01
3870            	8.92917206e-01	9.02235830e-03	-5.85105435e-02	1.17862620e-02	1.11671544e-01
3871            	8.93014136e-01	8.58834491e-03	-5.55823206e-02	1.12479178e-02	1.08513316e-01
3872            	8.93099221e-01	8.33283010e-03	-5.37486182e-02	1.09859277e-02	1.05849916e-01
3873            	8.93153678e-01	8.23749495e-03	-5.28919077e-02	1.10158307e-02	1.03383124e-01
3874            	8.93173270e-01	8.28195741e-03	-5.28887821e-02	1.13175464e-02	1.00957148e-01
3875            	8.93163629e-01	8.53963981e-03	-5.42167454e-02	1.18591690e-02	9.85951938e-02
3876            	8.93128153e-01	8.99805430e-03	-5.67786211e-02	1.25586669e-02	9.66374711e-02
3877            	8.93104077e-01	9.48206280e-03	-5.94644606e-02	1.33073511e-02	9.50724702e-02
3878            	8.93075010e-01	9.83943837e-03	-6.13194428e-02	1.41073190e-02	9.41308314e-02
3879            	8.93036679e-01	1.00358501e-02	-6.21245109e-02	1.49167411e-02	9.39699372e-02
3880            	8.92981406e-01	1.01830214e-02	-6.26475962e-02	1.56822515e-02	9.43214777e-02
3881            	8.92932344e-01	1.03604451e-02	-6.34683075e-02	1.63568932e-02	9.50402255e-02
3882            	8.92888303e-01	1.05975120e-02	-6.48207999e-02	1.69374495e-02	9.61520800e-02
3883            	8.92837673e-01	1.08758812e-02	-6.65739983e-02	1.74068042e-02	9.72551237e-02
3884            	8.92772993e-01	1.11739966e-02	-6.85452714e-02	1.77205065e-02	9.72275060e-02
3885            	8.92733826e-01	1.15654064e-02	-7.11801943e-02	1.78884591e-02	9.58950507e-02
3886            	8.92748946e-01	1.20667486e-02	-7.45633259e-02	1.78997131e-02	9.34381577e-02
3887            	8.92834381e-01	1.25966901e-02	-7.81884297e-02	1.77886275e-02	9.03749576e-02
3888            	8.92945271e-01	1.30454351e-02	-8.13525147e-02	1.76135081e-02	8.71635756e-02
3889            	8.93042235e-01	1.33081352e-02	-8.33874913e-02	1.74395014e-02	8.44666097e-02
3890            	8.93101988e-01	1.32892203e-02	-8.36730840e-02	1.72870429e-02	8.29098253e-02
3891            	8.93125837e-01	1.31535607e-02	-8.32758911e-02	1.71576155e-02	8.29915315e-02
3892            	8.93135522e-01	1.30221678e-02	-8.29390771e-02	1.70641286e-02	8.52574232e-02
3893            	8.93166885e-01	1.28864781e-02	-8.25788669e-02	1.69938618e-02	8.96733861e-02
3894            	8.93209557e-01	1.26650476e-02	-8.16165785e-02	1.69277613e-02	9.54935273e-02
3895            	8.93251972e-01	1.23783740e-02	-8.00981374e-02	1.68037687e-02	1.01409833e-01
3896            	8.93254480e-01	1.21053250e-02	-7.85144566e-02	1.65907557e-02	1.06877542e-01
3897            	8.93219518e-01	1.18258723e-02	-7.67562677e-02	1.63209635e-02	1.11791608e-01
3898            	8.93144789e-01	1.15142863e-02	-7.47231546e-02	1.59951405e-02	1.16415180e-01
3899            	8.93053118e-01	1.11022597e-02	-7.20211998e-02	1.55950127e-02	1.20463501e-01
3900            	8.92959195e-01	1.05770334e-02	-6.85803155e-02	1.51095982e-02	1.23134245e-01
3901            	8.92894205e-01	1.00020720e-02	-6.48194095e-02	1.45538755e-02	1.24679947e-01
3902            	8.92865387e-01	9.45412454e-03	-6.12212097e-02	1.39539170e-02	1.25069966e-01
3903            	8.92898797e-01	8.99717477e-03	-5.81563861e-02	1.33247794e-02	1.24121811e-01
3904            	8.92953975e-01	8.67398851e-03	-5.58876759e-02	1.26990097e-02	1.21687586e-01
3905            	8.92995959e-01	8.46915335e-03	-5.43261202e-02	1.21276712e-02	1.17465559e-01
3906            	8.93011867e-01	8.39856344e-03	-5.35961671e-02	1.16675877e-02	1.11506635e-01
3907            	8.93002936e-01	8.57161751e-03	-5.44055257e-02	1.14156399e-02	1.04439267e-01
3908            	8.92977422e-01	8.89302928e-03	-5.61295538e-02	1.14286886e-02	9.71264138e-02
3909            	8.92973446e-01	9.27858893e-03	-5.82529772e-02	1.17056534e-02	9.06901719e-02
3910            	8.93007770e-01	9.60697874e-03	-6.00133714e-02	1.22418121e-02	8.57888094e-02
3911            	8.93074531e-01	9.81544075e-03	-6.09967147e-02	1.30081577e-02	8.25964607e-02
3912            	8.93110362e-01	9.92545859e-03	-6.13572235e-02	1.39416212e-02	8.13101100e-02
3913            	8.93116508e-01	1.00256406e-02	-6.17178206e-02	1.49533423e-02	8.18611096e-02
3914            	8.93086334e-01	1.01901962e-02	-6.25964401e-02	1.59299956e-02	8.41397115e-02
3915            	8.93044117e-01	1.04279575e-02	-6.40320987e-02	1.68438696e-02	8.76665918e-02
3916            	8.92973610e-01	1.07270384e-02	-6.59141418e-02	1.76747372e-02	9.16139066e-02
3917            	8.92889064e-01	1.11223802e-02	-6.84577771e-02	1.83990168e-02	9.52460282e-02
3918            	8.92816171e-01	1.16401209e-02	-7.18422222e-02	1.89497985e-02	9.80357379e-02
3919            	8.92816412e-01	1.22273089e-02	-7.57200475e-02	1.92831752e-02	9.98713499e-02
3920            	8.92873641e-01	1.27842821e-02	-7.94642053e-02	1.94000709e-02	1.00778733e-01
3921            	8.92947852e-01	1.32164742e-02	-8.24891243e-02	1.92970727e-02	1.01011207e-01
3922            	8.92990007e-01	1.34595837e-02	-8.43935994e-02	1.89876100e-02	1.00367028e-01
3923            	8.92998769e-01	1.35160456e-02	-8.51640184e-02	1.84754342e-02	9.89992882e-02
3924            	8.92979942e-01	1.33808517e-02	-8.47490874e-02	1.77860507e-02	9.75618751e-02
3925            	8.92980796e-01	1.31713690e-02	-8.38893324e-02	1.69973642e-02	9.68488306e-02
3926            	8.93011681e-01	1.29068242e-02	-8.26606495e-02	1.62212401e-02	9.69771594e-02
3927            	8.93066726e-01	1.25936083e-02	-8.10305714e-02	1.55193880e-02	9.74088819e-02
3928            	8.93114810e-01	1.22695791e-02	-7.92242362e-02	1.49222420e-02	9.80943236e-02
3929            	8.93157555e-01	1.19281665e-02	-7.72290411e-02	1.44694986e-02	9.90315123e-02
3930            	8.93181313e-01	1.15632209e-02	-7.50455297e-02	1.41725823e-02	1.00481880e-01
3931            	8.93203053e-01	1.11601209e-02	-7.25745171e-02	1.40031449e-02	1.02930522e-01
3932            	8.93193540e-01	1.07219661e-02	-6.98091983e-02	1.39094030e-02	1.06290208e-01
3933            	8.93155346e-01	1.02564656e-02	-6.68005136e-02	1.38155545e-02	1.09750478e-01
3934            	8.93086725e-01	9.78082463e-03	-6.36774918e-02	1.37562274e-02	1.13431901e-01
3935            	8.93047403e-01	9.28018208e-03	-6.03035018e-02	1.37280415e-02	1.17078658e-01
3936            	8.93034890e-01	8.84419971e-03	-5.72476140e-02	1.36972536e-02	1.20178765e-01
3937            	8.93032460e-01	8.55582814e-03	-5.50933577e-02	1.36472862e-02	1.21971417e-01
3938            	8.93010131e-01	8.51817180e-03	-5.45442441e-02	1.35925328e-02	1.21831342e-01
3939            	8.92982947e-01	8.63839111e-03	-5.49855338e-02	1.35400905e-02	1.19633837e-01
3940            	8.92939456e-01	8.91700104e-03	-5.64387549e-02	1.34904455e-02	1.15168272e-01
3941            	8.92912624e-01	9.27968791e-03	-5.84091096e-02	1.34710223e-02	1.09255781e-01
3942            	8.92906924e-01	9.63160404e-03	-6.02686099e-02	1.34776240e-02	1.02755523e-01
3943            	8.92926159e-01	9.87865415e-03	-6.14307443e-02	1.35358944e-02	9.62556149e-02
3944            	8.92933958e-01	9.98365523e-03	-6.16964656e-02	1.36980872e-02	9.02068848e-02
3945            	8.92915137e-01	1.00232901e-02	-6.16328036e-02	1.40100079e-02	8.53806057e-02
3946            	8.92895828e-01	1.00559477e-02	-6.16586662e-02	1.44551152e-02	8.22000847e-02
3947            	8.92931608e-01	1.01509131e-02	-6.22189825e-02	1.50216873e-02	8.10248417e-02
3948            	8.92979354e-01	1.04100262e-02	-6.39383606e-02	1.56878122e-02	8.13727729e-02
3949            	8.93011255e-01	1.07839012e-02	-6.64650959e-02	1.64250611e-02	8.25002453e-02
3950            	8.93015910e-01	1.12309345e-02	-6.94892450e-02	1.71904499e-02	8.41548552e-02
3951            	8.93022777e-01	1.17354558e-02	-7.28637160e-02	1.78870973e-02	8.62061235e-02
3952            	8.93048286e-01	1.22618529e-02	-7.63667303e-02	1.84496790e-02	8.88982189e-02
3953            	8.93090048e-01	1.27709536e-02	-7.97834223e-02	1.88947727e-02	9.23313173e-02
3954            	8.93100430e-01	1.32361364e-02	-8.29914140e-02	1.91891952e-02	9.62006007e-02
3955            	8.93076463e-01	1.34431149e-02	-8.45886017e-02	1.93014515e-02	9.99712028e-02
3956            	8.93029204e-01	1.34012160e-02	-8.46617966e-02	1.91895518e-02	1.03449953e-01
3957            	8.92996339e-01	1.32085875e-02	-8.38189443e-02	1.88366381e-02	1.06765701e-01
3958            	8.92983773e-01	1.29974273e-02	-8.28625760e-02	1.82615820e-02	1.09912126e-01
3959            	8.92990907e-01	1.27827439e-02	-8.18388785e-02	1.74788205e-02	1.11984059e-01
3960            	8.92991795e-01	1.25034553e-02	-8.03190286e-02	1.65476966e-02	1.12222475e-01
3961            	8.92969825e-01	1.21656643e-02	-7.83565909e-02	1.55268835e-02	1.10629436e-01
3962            	8.92964026e-01	1.17707416e-02	-7.59964701e-02	1.45093801e-02	1.07782335e-01
3963            	8.92991089e-01	1.13714283e-02	-7.35695266e-02	1.36157801e-02	1.04986340e-01
3964            	8.93017069e-01	1.09944187e-02	-7.12505852e-02	1.29118487e-02	1.03094733e-01
3965            	8.93032618e-01	1.05946096e-02	-6.87533431e-02	1.24139811e-02	1.01969850e-01
3966            	8.93037121e-01	1.01039070e-02	-6.56490159e-02	1.21385691e-02	1.01812796e-01
3967            	8.93051143e-01	9.54810910e-03	-6.20939398e-02	1.20817250e-02	1.02648973e-01
3968            	8.93105980e-01	9.01114153e-03	-5.85828467e-02	1.22103686e-02	1.04251711e-01
3969            	8.93185000e-01	8.65984650e-03	-5.61804221e-02	1.24673291e-02	1.06201555e-01
3970            	8.93218814e-01	8.53145152e-03	-5.51356789e-02	1.27890389e-02	1.07815484e-01
3971            	8.93203151e-01	8.56563239e-03	-5.50599865e-02	1.31610699e-02	1.08650690e-01
3972            	8.93145793e-01	8.71807508e-03	-5.56733397e-02	1.35994050e-02	1.08631069e-01
3973            	8.93068667e-01	8.98129067e-03	-5.69240821e-02	1.41289898e-02	1.08102915e-01
3974            	8.92992541e-01	9.33452066e-03	-5.86869344e-02	1.46856037e-02	1.07456540e-01
3975            	8.92946930e-01	9.68736082e-03	-6.04387292e-02	1.52074674e-02	1.06592906e-01
3976            	8.92909639e-01	9.92445544e-03	-6.14864700e-02	1.56676503e-02	1.05351178e-01
3977            	8.92866600e-01	1.00145834e-02	-6.16691959e-02	1.60394528e-02	1.03815505e-01
3978            	8.92825822e-01	1.00597952e-02	-6.16852309e-02	1.62916914e-02	1.01709208e-01
3979            	8.92812893e-01	1.01814980e-02	-6.23226584e-02	1.64034276e-02	9.90278470e-02
3980            	8.92826182e-01	1.04410635e-02	-6.39679967e-02	1.63989343e-02	9.59675034e-02
3981            	8.92846038e-01	1.07797730e-02	-6.62166833e-02	1.63362068e-02	9.26558464e-02
3982            	8.92843894e-01	1.11359975e-02	-6.86317228e-02	1.63023308e-02	8.88776895e-02
3983            	8.92839579e-01	1.15423226e-02	-7.13883945e-02	1.63531798e-02	8.53560651e-02
3984            	8.92883307e-01	1.19790767e-02	-7.43632593e-02	1.64994607e-02	8.29489780e-02
3985            	8.92984893e-01	1.25031856e-02	-7.79565368e-02	1.67564265e-02	8.23026334e-02
3986            	8.93098566e-01	1.30167226e-02	-8.15575738e-02	1.70909286e-02	8.33941525e-02
3987            	8.93195022e-01	1.33468585e-02	-8.40516627e-02	1.74369062e-02	8.56494252e-02
3988            	8.93246508e-01	1.33625000e-02	-8.45415537e-02	1.77223372e-02	8.88400864e-02
3989            	8.93245437e-01	1.31617404e-02	-8.36235445e-02	1.78266506e-02	9.27192246e-02
3990            	8.93203528e-01	1.29355129e-02	-8.24984495e-02	1.77854753e-02	9.76266079e-02
3991            	8.93150290e-01	1.27237825e-02	-8.14212769e-02	1.76144400e-02	1.03291877e-01
3992            	8.93078350e-01	1.24694417e-02	-8.00299527e-02	1.73052288e-02	1.08549404e-01
3993            	8.93021073e-01	1.21514641e-02	-7.81766559e-02	1.68603485e-02	1.12465041e-01
3994            	8.92980690e-01	1.18267120e-02	-7.62348245e-02	1.63173708e-02	1.14928115e-01
3995            	8.92965544e-01	1.15409645e-02	-7.44949039e-02	1.57146334e-02	1.16195127e-01
3996            	8.92960115e-01	1.13014347e-02	-7.30209233e-02	1.50544023e-02	1.16761896e-01
3997            	8.92950954e-01	1.10179013e-02	-7.12482077e-02	1.43645400e-02	1.16713283e-01
3998            	8.92920639e-01	1.06076677e-02	-6.86378631e-02	1.36464531e-02	1.15492470e-01
3999            	8.92898795e-01	1.00642917e-02	-6.51598259e-02	1.29375405e-02	1.13118095e-01
4000            	8.92911409e-01	9.48050020e-03	-6.13888491e-02	1.23135486e-02	1.09935112e-01
