# y+ ()         
# Time          	patch           	min             	max             	average         
2250            	rocket_body	2.66951010e+00	1.78892687e+02	3.90487784e+01
2250            	rocket_fins	3.55779981e+00	1.16756449e+02	2.11812039e+01
2250            	rocket_tab	4.61861293e+00	1.12426029e+02	2.65753741e+01
2250            	rocket_slot	5.99461522e+00	1.31110895e+02	6.46042688e+01
2500            	rocket_body	2.66983256e+00	1.78985602e+02	3.90490511e+01
2500            	rocket_fins	3.56364745e+00	1.16758507e+02	2.11812760e+01
2500            	rocket_tab	4.61809723e+00	1.12424716e+02	2.65752218e+01
2500            	rocket_slot	5.99500876e+00	1.31109404e+02	6.46034650e+01
2750            	rocket_body	2.48581279e+00	1.78768127e+02	3.90477183e+01
2750            	rocket_fins	3.57978350e+00	1.16761367e+02	2.11812434e+01
2750            	rocket_tab	4.61803565e+00	1.12424703e+02	2.65752186e+01
2750            	rocket_slot	5.99534300e+00	1.31108670e+02	6.46031309e+01
3000            	rocket_body	2.67044535e+00	1.78743712e+02	3.90463677e+01
3000            	rocket_fins	3.58472257e+00	1.16764721e+02	2.11811319e+01
3000            	rocket_tab	4.61843803e+00	1.12425237e+02	2.65753756e+01
3000            	rocket_slot	5.99564222e+00	1.31108945e+02	6.46033422e+01
