# y+ ()         
# Time          	patch           	min             	max             	average         
3250            	rocket_body	2.30871680e+00	4.64598460e+02	7.06505182e+01
3250            	rocket_fins	1.27135795e+00	2.98452829e+02	3.78596249e+01
3250            	rocket_tab	3.48118211e+00	2.14695395e+02	3.62900681e+01
3250            	rocket_slot	2.63104399e+01	2.14039877e+02	1.07044351e+02
3500            	rocket_body	2.31148510e+00	4.48424493e+02	7.06515845e+01
3500            	rocket_fins	1.52764258e+00	2.98454887e+02	3.78602114e+01
3500            	rocket_tab	1.36707298e+00	2.15378506e+02	3.62841057e+01
3500            	rocket_slot	2.61774312e+01	2.14026289e+02	1.07011221e+02
3750            	rocket_body	2.30881377e+00	4.64394734e+02	7.06595627e+01
3750            	rocket_fins	1.61610709e+00	2.98453481e+02	3.78602950e+01
3750            	rocket_tab	3.41077770e+00	2.17227659e+02	3.62781713e+01
3750            	rocket_slot	2.60216729e+01	2.14040577e+02	1.06998995e+02
4000            	rocket_body	2.31170651e+00	4.52630070e+02	7.06600529e+01
4000            	rocket_fins	1.83247884e+00	2.98456471e+02	3.78606501e+01
4000            	rocket_tab	3.37857061e+00	2.17425105e+02	3.62684146e+01
4000            	rocket_slot	2.59244810e+01	2.14009928e+02	1.06977436e+02
