# y+ ()         
# Time          	patch           	min             	max             	average         
3250            	rocket_body	1.66894989e+00	1.53815145e+02	2.70155527e+01
3250            	rocket_fins	1.09755352e+00	9.78504964e+01	1.45904201e+01
3250            	rocket_tab	1.41166142e+00	8.13861965e+01	1.27955444e+01
3250            	rocket_slot	4.44764302e+00	8.54973620e+01	3.56452824e+01
3500            	rocket_body	1.66649465e+00	1.51894949e+02	2.70159409e+01
3500            	rocket_fins	1.21811135e+00	9.78499411e+01	1.45910412e+01
3500            	rocket_tab	1.18897308e+00	8.20806241e+01	1.28027784e+01
3500            	rocket_slot	4.85957289e+00	8.52102582e+01	3.57094823e+01
3750            	rocket_body	1.66789222e+00	1.53284634e+02	2.70129489e+01
3750            	rocket_fins	1.30283089e+00	9.78504652e+01	1.45912484e+01
3750            	rocket_tab	8.30915571e-01	8.04817312e+01	1.27974854e+01
3750            	rocket_slot	3.80712646e+00	8.64524247e+01	3.58624889e+01
4000            	rocket_body	1.66861309e+00	1.54223663e+02	2.70158298e+01
4000            	rocket_fins	7.59554819e-01	9.78504241e+01	1.45905846e+01
4000            	rocket_tab	1.26537839e+00	8.20354235e+01	1.28048722e+01
4000            	rocket_slot	2.88516589e+00	8.48711994e+01	3.56582255e+01
