# Force and moment coefficients
# dragDir       : (0.00000000e+00 0.00000000e+00 -1.00000000e+00)
# sideDir       : (-0.00000000e+00 1.00000000e+00 0.00000000e+00)
# liftDir       : (1.00000000e+00 0.00000000e+00 0.00000000e+00)
# rollAxis      : (0.00000000e+00 0.00000000e+00 -1.00000000e+00)
# pitchAxis     : (-0.00000000e+00 1.00000000e+00 0.00000000e+00)
# yawAxis       : (1.00000000e+00 0.00000000e+00 0.00000000e+00)
# magUInf       : 2.88200000e+02
# lRef          : 5.78100000e-02
# Aref          : 2.62480000e-03
# CofR          : (0.00000000e+00 0.00000000e+00 3.99000000e-01)
#
# Time          	Cd              	Cl              	CmPitch         	CmRoll          	CmYaw           
5001            	1.11720454e+00	3.14862899e-03	-2.45685293e-02	9.18534283e-02	6.31524970e-01
5002            	1.11762993e+00	2.55210286e-03	-1.90539148e-02	9.41329171e-02	6.39283956e-01
5003            	1.11815175e+00	1.69418789e-03	-1.18937270e-02	9.58836665e-02	6.47523681e-01
5004            	1.11850010e+00	4.66742582e-04	-2.38186434e-03	9.69287057e-02	6.55753250e-01
5005            	1.11845973e+00	-1.21603747e-03	9.87818165e-03	9.71359948e-02	6.63605477e-01
5006            	1.11797605e+00	-3.32430652e-03	2.45896754e-02	9.64603246e-02	6.70650261e-01
5007            	1.11716438e+00	-5.60163471e-03	4.01013225e-02	9.49498271e-02	6.76046606e-01
5008            	1.11628786e+00	-7.86529293e-03	5.51183596e-02	9.27135442e-02	6.78862221e-01
5009            	1.11583686e+00	-9.71443868e-03	6.65019002e-02	8.99200592e-02	6.78962238e-01
5010            	1.11600171e+00	-1.10750199e-02	7.35648603e-02	8.68937025e-02	6.76128570e-01
5011            	1.11657843e+00	-1.18506185e-02	7.61265501e-02	8.40559537e-02	6.71211791e-01
5012            	1.11695397e+00	-1.21262975e-02	7.55474040e-02	8.17272747e-02	6.65855811e-01
5013            	1.11682331e+00	-1.19237320e-02	7.24537751e-02	8.00696407e-02	6.61517113e-01
5014            	1.11639493e+00	-1.15167410e-02	6.84849112e-02	7.91326046e-02	6.59482071e-01
5015            	1.11612500e+00	-1.08929029e-02	6.31021458e-02	7.88709767e-02	6.59899793e-01
5016            	1.11629870e+00	-1.00652210e-02	5.60484876e-02	7.92882483e-02	6.62551715e-01
5017            	1.11688534e+00	-8.99512642e-03	4.71262830e-02	8.03903453e-02	6.67689221e-01
5018            	1.11758454e+00	-7.57021058e-03	3.60269555e-02	8.21718685e-02	6.75253199e-01
5019            	1.11809539e+00	-5.70969297e-03	2.26199076e-02	8.44980706e-02	6.84600776e-01
5020            	1.11832256e+00	-3.74003398e-03	8.96922565e-03	8.71479504e-02	6.93619773e-01
5021            	1.11827287e+00	-1.78288804e-03	-4.22734346e-03	8.98398986e-02	7.00596997e-01
5022            	1.11807970e+00	9.95089611e-05	-1.65203245e-02	9.22721469e-02	7.04871744e-01
5023            	1.11785351e+00	1.83587951e-03	-2.73598617e-02	9.42020965e-02	7.06017937e-01
5024            	1.11763861e+00	3.23998240e-03	-3.55578674e-02	9.54441320e-02	7.03791359e-01
5025            	1.11735260e+00	4.01873572e-03	-3.91399369e-02	9.58823275e-02	6.98371378e-01
5026            	1.11692090e+00	4.19303958e-03	-3.82036496e-02	9.54885438e-02	6.90585432e-01
5027            	1.11628572e+00	3.99587119e-03	-3.44425071e-02	9.43233877e-02	6.80375094e-01
5028            	1.11572471e+00	3.67961333e-03	-3.00049500e-02	9.24978064e-02	6.67185922e-01
5029            	1.11560392e+00	3.33343616e-03	-2.60086633e-02	9.02641025e-02	6.51327741e-01
5030            	1.11598987e+00	3.03511491e-03	-2.29436289e-02	8.79717393e-02	6.34501477e-01
5031            	1.11658230e+00	2.51288305e-03	-1.83874131e-02	8.59409284e-02	6.19004593e-01
5032            	1.11701801e+00	1.77890995e-03	-1.18851620e-02	8.43579714e-02	6.06564844e-01
5033            	1.11720253e+00	6.99023226e-04	-2.77859475e-03	8.33300868e-02	5.98724065e-01
5034            	1.11722323e+00	-7.54626945e-04	8.46811733e-03	8.28393474e-02	5.95890864e-01
5035            	1.11722383e+00	-2.75195492e-03	2.22804664e-02	8.28628721e-02	5.98631852e-01
5036            	1.11725558e+00	-4.97252428e-03	3.64214706e-02	8.33771271e-02	6.06508979e-01
5037            	1.11731425e+00	-7.14709204e-03	4.95180482e-02	8.43841383e-02	6.18952592e-01
5038            	1.11738094e+00	-9.01428543e-03	6.03024144e-02	8.58558759e-02	6.35261262e-01
5039            	1.11749009e+00	-1.04445695e-02	6.80613534e-02	8.76268653e-02	6.54014793e-01
5040            	1.11767120e+00	-1.14610306e-02	7.29340317e-02	8.94853203e-02	6.72908387e-01
5041            	1.11786413e+00	-1.20527243e-02	7.48840710e-02	9.11758671e-02	6.90399052e-01
5042            	1.11789869e+00	-1.20820905e-02	7.31478871e-02	9.24700272e-02	7.05478546e-01
5043            	1.11771859e+00	-1.17016888e-02	6.89294563e-02	9.32063911e-02	7.17413239e-01
5044            	1.11737392e+00	-1.10970241e-02	6.36097809e-02	9.32693920e-02	7.26044377e-01
5045            	1.11692354e+00	-1.03571380e-02	5.78680232e-02	9.26248202e-02	7.30471831e-01
5046            	1.11647725e+00	-9.55279284e-03	5.21242154e-02	9.13488631e-02	7.30525723e-01
5047            	1.11623814e+00	-8.58446552e-03	4.53616877e-02	8.95409792e-02	7.26085406e-01
5048            	1.11645353e+00	-7.23276743e-03	3.56197446e-02	8.73587062e-02	7.17600403e-01
5049            	1.11700859e+00	-5.46193390e-03	2.26586636e-02	8.51023291e-02	7.05281456e-01
5050            	1.11743771e+00	-3.55614879e-03	8.93980885e-03	8.31469405e-02	6.90131336e-01
5051            	1.11737651e+00	-1.63762302e-03	-4.00127242e-03	8.17623014e-02	6.73649865e-01
5052            	1.11692719e+00	8.17474623e-05	-1.46102980e-02	8.10588501e-02	6.57690139e-01
5053            	1.11645284e+00	1.59638027e-03	-2.33265038e-02	8.10194382e-02	6.43172829e-01
5054            	1.11628813e+00	2.61955489e-03	-2.88800205e-02	8.15866236e-02	6.31248200e-01
5055            	1.11650351e+00	3.16765848e-03	-3.16268719e-02	8.27081431e-02	6.23147200e-01
5056            	1.11686516e+00	3.31605727e-03	-3.18608277e-02	8.43479366e-02	6.19490306e-01
5057            	1.11708897e+00	3.37259101e-03	-3.11973315e-02	8.64657057e-02	6.19853145e-01
5058            	1.11711606e+00	3.35008103e-03	-2.95830284e-02	8.88905525e-02	6.23078267e-01
5059            	1.11713280e+00	3.18386815e-03	-2.68331053e-02	9.14054493e-02	6.28445989e-01
5060            	1.11728401e+00	2.79514013e-03	-2.25744839e-02	9.37230401e-02	6.35093382e-01
5061            	1.11763363e+00	2.21152105e-03	-1.70304365e-02	9.55513911e-02	6.42089727e-01
5062            	1.11806229e+00	1.42476044e-03	-1.01360628e-02	9.67091018e-02	6.49047129e-01
5063            	1.11831894e+00	3.21619054e-04	-1.17730771e-03	9.70770204e-02	6.55354635e-01
5064            	1.11816530e+00	-1.33129225e-03	1.12535535e-02	9.66058529e-02	6.61084647e-01
5065            	1.11750991e+00	-3.50444484e-03	2.67852546e-02	9.53067462e-02	6.65698926e-01
5066            	1.11661654e+00	-5.86473022e-03	4.30081942e-02	9.32442948e-02	6.68367417e-01
5067            	1.11604085e+00	-8.22125362e-03	5.81581563e-02	9.05695720e-02	6.68822409e-01
5068            	1.11610137e+00	-1.00868674e-02	6.88364760e-02	8.75971930e-02	6.67247223e-01
5069            	1.11660539e+00	-1.14177743e-02	7.52758638e-02	8.47124191e-02	6.64167987e-01
5070            	1.11704849e+00	-1.22618154e-02	7.86007908e-02	8.22741764e-02	6.60687874e-01
5071            	1.11703543e+00	-1.25949210e-02	7.91004908e-02	8.04955587e-02	6.58072136e-01
5072            	1.11663808e+00	-1.24761650e-02	7.70164616e-02	7.94581887e-02	6.57193170e-01
5073            	1.11623458e+00	-1.20512822e-02	7.28860086e-02	7.91387806e-02	6.58256549e-01
5074            	1.11616855e+00	-1.13627794e-02	6.66499621e-02	7.95049902e-02	6.61645869e-01
5075            	1.11650731e+00	-1.05155610e-02	5.90357592e-02	8.05289641e-02	6.67222025e-01
5076            	1.11710342e+00	-9.42997362e-03	4.99097791e-02	8.22143178e-02	6.75147209e-01
5077            	1.11774022e+00	-8.06375176e-03	3.93154008e-02	8.44404344e-02	6.85042139e-01
5078            	1.11823783e+00	-6.30478961e-03	2.65679479e-02	8.69691068e-02	6.95585701e-01
5079            	1.11845119e+00	-4.40482759e-03	1.33249427e-02	8.95267352e-02	7.04535430e-01
5080            	1.11835133e+00	-2.49582978e-03	4.25670400e-04	9.18377631e-02	7.10022519e-01
5081            	1.11808854e+00	-6.74638235e-04	-1.14240592e-02	9.36948398e-02	7.11674327e-01
5082            	1.11778524e+00	1.04691039e-03	-2.20398719e-02	9.49225763e-02	7.09773211e-01
5083            	1.11743778e+00	2.48905528e-03	-3.02512931e-02	9.54111728e-02	7.04050007e-01
5084            	1.11696419e+00	3.33572251e-03	-3.39938711e-02	9.51224227e-02	6.94811084e-01
5085            	1.11640903e+00	3.55481196e-03	-3.32188206e-02	9.40781030e-02	6.82716885e-01
5086            	1.11592336e+00	3.39600119e-03	-3.00439450e-02	9.23539343e-02	6.68094269e-01
5087            	1.11576735e+00	3.20882847e-03	-2.72210287e-02	9.01738625e-02	6.51425818e-01
5088            	1.11597321e+00	3.02174575e-03	-2.48881433e-02	8.78802149e-02	6.34185659e-01
5089            	1.11632036e+00	2.71789012e-03	-2.17248882e-02	8.58265059e-02	6.17667570e-01
5090            	1.11653330e+00	2.18757734e-03	-1.64651521e-02	8.42361749e-02	6.03663116e-01
5091            	1.11664872e+00	1.47097937e-03	-9.53320155e-03	8.32174607e-02	5.93932482e-01
5092            	1.11683694e+00	5.01319960e-04	-1.09080481e-03	8.27744307e-02	5.89470508e-01
5093            	1.11714917e+00	-8.74063941e-04	9.29395673e-03	8.28859964e-02	5.90271252e-01
5094            	1.11743930e+00	-2.76228247e-03	2.20328231e-02	8.35113714e-02	5.96609912e-01
5095            	1.11756222e+00	-4.85162783e-03	3.52568559e-02	8.46140205e-02	6.08118045e-01
5096            	1.11755962e+00	-6.98341758e-03	4.82708122e-02	8.61502132e-02	6.24054227e-01
5097            	1.11757335e+00	-8.93190815e-03	5.97453292e-02	8.79642466e-02	6.43061679e-01
5098            	1.11770288e+00	-1.04608783e-02	6.82013023e-02	8.98153781e-02	6.63527542e-01
5099            	1.11789591e+00	-1.16548354e-02	7.43076237e-02	9.14571234e-02	6.83118200e-01
5100            	1.11804087e+00	-1.23079819e-02	7.68061656e-02	9.27004440e-02	7.00410850e-01
5101            	1.11794754e+00	-1.23164680e-02	7.51892672e-02	9.34124119e-02	7.14415838e-01
5102            	1.11757512e+00	-1.19135393e-02	7.11509841e-02	9.34957838e-02	7.24274639e-01
5103            	1.11696694e+00	-1.13503396e-02	6.64514049e-02	9.29042331e-02	7.29932674e-01
5104            	1.11629513e+00	-1.07499842e-02	6.18926173e-02	9.16652635e-02	7.31210746e-01
5105            	1.11583375e+00	-1.00488256e-02	5.67398326e-02	8.98746815e-02	7.28025633e-01
5106            	1.11598582e+00	-9.17383043e-03	4.98557373e-02	8.76756820e-02	7.20339861e-01
5107            	1.11669251e+00	-7.78776602e-03	3.89952042e-02	8.53417878e-02	7.09293522e-01
5108            	1.11744431e+00	-5.97747721e-03	2.54267102e-02	8.32425880e-02	6.95748817e-01
5109            	1.11763746e+00	-4.10720668e-03	1.23406882e-02	8.16711687e-02	6.80684271e-01
5110            	1.11723628e+00	-2.34655685e-03	9.78498069e-04	8.07932960e-02	6.65295051e-01
5111            	1.11667778e+00	-7.39490969e-04	-8.74375088e-03	8.06201752e-02	6.50804858e-01
5112            	1.11638547e+00	7.50009599e-04	-1.76120733e-02	8.11034833e-02	6.38240640e-01
5113            	1.11651394e+00	1.93146665e-03	-2.47452135e-02	8.22070296e-02	6.28455581e-01
5114            	1.11688563e+00	2.67533666e-03	-2.91447361e-02	8.38709769e-02	6.22542103e-01
5115            	1.11723449e+00	2.97527289e-03	-3.03912217e-02	8.60177907e-02	6.20796939e-01
5116            	1.11734187e+00	3.06077888e-03	-2.97416062e-02	8.84641495e-02	6.22558847e-01
5117            	1.11729144e+00	3.03601897e-03	-2.80408254e-02	9.09868063e-02	6.26954843e-01
5118            	1.11722687e+00	2.80940697e-03	-2.48270297e-02	9.33184509e-02	6.32532678e-01
5119            	1.11729905e+00	2.39557661e-03	-2.02750031e-02	9.51964608e-02	6.38384338e-01
5120            	1.11752646e+00	1.89431589e-03	-1.50803470e-02	9.64306976e-02	6.43977099e-01
5121            	1.11783670e+00	1.19038484e-03	-8.49003043e-03	9.69109728e-02	6.49115826e-01
5122            	1.11796980e+00	1.31158012e-04	5.07511766e-04	9.65949138e-02	6.53428667e-01
5123            	1.11764753e+00	-1.50517520e-03	1.32509836e-02	9.54831739e-02	6.56553565e-01
5124            	1.11691492e+00	-3.68866542e-03	2.90976613e-02	9.36234767e-02	6.58460303e-01
5125            	1.11630783e+00	-6.11892740e-03	4.53899144e-02	9.11041192e-02	6.58531178e-01
5126            	1.11626283e+00	-8.44095329e-03	5.95317337e-02	8.82292361e-02	6.57168420e-01
5127            	1.11667745e+00	-1.03102418e-02	6.97596263e-02	8.53659047e-02	6.55074721e-01
5128            	1.11710126e+00	-1.17610882e-02	7.72322308e-02	8.28569014e-02	6.53239345e-01
5129            	1.11715729e+00	-1.27278110e-02	8.20361195e-02	8.09536483e-02	6.52180006e-01
5130            	1.11688167e+00	-1.31289705e-02	8.34756058e-02	7.97929230e-02	6.52984994e-01
5131            	1.11650064e+00	-1.30071354e-02	8.13969517e-02	7.93813197e-02	6.55502317e-01
5132            	1.11629890e+00	-1.25482241e-02	7.66628400e-02	7.96977045e-02	6.59582804e-01
5133            	1.11641841e+00	-1.19124798e-02	7.03546232e-02	8.06819957e-02	6.65853641e-01
5134            	1.11675356e+00	-1.10246350e-02	6.23418404e-02	8.23134356e-02	6.74406078e-01
5135            	1.11723327e+00	-9.98290666e-03	5.36094621e-02	8.44803017e-02	6.84596788e-01
5136            	1.11781431e+00	-8.63716054e-03	4.31777266e-02	8.69482884e-02	6.95668802e-01
5137            	1.11832603e+00	-7.01962065e-03	3.13097431e-02	8.94170904e-02	7.05985036e-01
5138            	1.11853893e+00	-5.21002080e-03	1.86385885e-02	9.16141937e-02	7.13386069e-01
5139            	1.11839199e+00	-3.34524277e-03	6.07522362e-03	9.33581811e-02	7.16573909e-01
5140            	1.11803933e+00	-1.54123721e-03	-5.55682319e-03	9.45149885e-02	7.15098068e-01
5141            	1.11759735e+00	1.41311895e-04	-1.57221418e-02	9.49823951e-02	7.09618307e-01
5142            	1.11706402e+00	1.58541758e-03	-2.36694608e-02	9.47244050e-02	6.99931506e-01
5143            	1.11647560e+00	2.47771238e-03	-2.75727696e-02	9.37682880e-02	6.86881913e-01
5144            	1.11604853e+00	2.80830593e-03	-2.78338204e-02	9.21583520e-02	6.70651312e-01
5145            	1.11596506e+00	2.82709278e-03	-2.65639815e-02	9.00625657e-02	6.52343934e-01
5146            	1.11615552e+00	2.84674250e-03	-2.57313476e-02	8.77880282e-02	6.33627535e-01
5147            	1.11635623e+00	2.74403966e-03	-2.39587559e-02	8.57017969e-02	6.16382943e-01
5148            	1.11636237e+00	2.34795804e-03	-1.95782780e-02	8.40673785e-02	6.01406079e-01
5149            	1.11623720e+00	1.81123343e-03	-1.37168207e-02	8.30171814e-02	5.90020802e-01
5150            	1.11630142e+00	1.15692352e-03	-7.10408567e-03	8.25741305e-02	5.83616457e-01
5151            	1.11670733e+00	3.18530085e-04	1.44392807e-04	8.27220081e-02	5.82740679e-01
5152            	1.11728352e+00	-9.08888790e-04	9.17312399e-03	8.34340833e-02	5.87380608e-01
5153            	1.11769496e+00	-2.65986653e-03	2.09200780e-02	8.46637585e-02	5.97503898e-01
5154            	1.11780851e+00	-4.73801416e-03	3.42480149e-02	8.63249133e-02	6.12562642e-01
5155            	1.11778644e+00	-6.85334344e-03	4.73352793e-02	8.82329887e-02	6.31024017e-01
5156            	1.11779652e+00	-8.89593439e-03	5.95133828e-02	9.01580424e-02	6.51719507e-01
5157            	1.11791560e+00	-1.05427540e-02	6.88268563e-02	9.18308811e-02	6.72670702e-01
5158            	1.11805677e+00	-1.17601961e-02	7.52020108e-02	9.30463789e-02	6.91980876e-01
5159            	1.11808606e+00	-1.23769347e-02	7.77103826e-02	9.37105560e-02	7.08282451e-01
5160            	1.11782498e+00	-1.24370607e-02	7.67759381e-02	9.37624379e-02	7.20631429e-01
5161            	1.11720679e+00	-1.21001027e-02	7.35647938e-02	9.31827423e-02	7.27891335e-01
5162            	1.11636613e+00	-1.16324817e-02	6.97951736e-02	9.19882567e-02	7.30396959e-01
5163            	1.11564043e+00	-1.10601356e-02	6.53822986e-02	9.02352719e-02	7.28654685e-01
5164            	1.11553105e+00	-1.04193428e-02	5.99112761e-02	8.80417547e-02	7.22210984e-01
5165            	1.11614954e+00	-9.49993729e-03	5.18587851e-02	8.56693119e-02	7.11892002e-01
5166            	1.11707888e+00	-8.17003895e-03	4.09790173e-02	8.34713750e-02	6.99534562e-01
5167            	1.11762252e+00	-6.44377437e-03	2.83085883e-02	8.17401521e-02	6.86148412e-01
5168            	1.11748428e+00	-4.63974847e-03	1.62063452e-02	8.06659259e-02	6.72309502e-01
5169            	1.11696704e+00	-2.96731165e-03	5.62250985e-03	8.03142863e-02	6.58600690e-01
5170            	1.11657153e+00	-1.40975374e-03	-4.07964626e-03	8.06606803e-02	6.45864523e-01
5171            	1.11657175e+00	1.07528720e-04	-1.36707263e-02	8.16787498e-02	6.35483960e-01
5172            	1.11689888e+00	1.46423030e-03	-2.23538364e-02	8.33192381e-02	6.28234746e-01
5173            	1.11726763e+00	2.40925433e-03	-2.81212664e-02	8.55098860e-02	6.24514594e-01
5174            	1.11750684e+00	2.86342588e-03	-3.01831894e-02	8.80201393e-02	6.24199385e-01
5175            	1.11753864e+00	3.01635980e-03	-2.98775844e-02	9.05914907e-02	6.26727730e-01
5176            	1.11741503e+00	2.97594930e-03	-2.80155776e-02	9.29483806e-02	6.31053996e-01
5177            	1.11728326e+00	2.64950499e-03	-2.40502947e-02	9.48529443e-02	6.35853367e-01
5178            	1.11725923e+00	2.25694525e-03	-1.94853705e-02	9.61283063e-02	6.40126520e-01
5179            	1.11736167e+00	1.73865804e-03	-1.39869437e-02	9.66757458e-02	6.43948232e-01
5180            	1.11747307e+00	1.06672332e-03	-7.30700006e-03	9.64573499e-02	6.46922121e-01
5181            	1.11738730e+00	5.09564555e-06	2.06406868e-03	9.54874193e-02	6.48962067e-01
5182            	1.11698731e+00	-1.62067813e-03	1.49392139e-02	9.38135433e-02	6.49567479e-01
5183            	1.11657304e+00	-3.82813307e-03	3.05752719e-02	9.14891413e-02	6.48851277e-01
5184            	1.11651375e+00	-6.17007958e-03	4.55474637e-02	8.87520709e-02	6.47082036e-01
5185            	1.11683015e+00	-8.39280322e-03	5.85677502e-02	8.59578659e-02	6.44857561e-01
5186            	1.11716280e+00	-1.03329713e-02	6.95086899e-02	8.34574673e-02	6.43601978e-01
5187            	1.11720983e+00	-1.19057168e-02	7.84498048e-02	8.14743821e-02	6.44122509e-01
5188            	1.11698344e+00	-1.29341192e-02	8.41615342e-02	8.01788517e-02	6.46332948e-01
5189            	1.11671197e+00	-1.34101560e-02	8.61461491e-02	7.96321861e-02	6.50426954e-01
5190            	1.11654899e+00	-1.32808552e-02	8.36880248e-02	7.98532697e-02	6.56242362e-01
5191            	1.11655265e+00	-1.27934325e-02	7.83782388e-02	8.07931919e-02	6.63316280e-01
5192            	1.11668032e+00	-1.21281291e-02	7.17464514e-02	8.24056540e-02	6.72794472e-01
5193            	1.11691885e+00	-1.13196547e-02	6.43749273e-02	8.45534207e-02	6.83937302e-01
5194            	1.11732316e+00	-1.03632907e-02	5.62702689e-02	8.69957287e-02	6.95501335e-01
5195            	1.11787060e+00	-9.18326565e-03	4.69008687e-02	8.94323160e-02	7.06265886e-01
5196            	1.11833253e+00	-7.68102025e-03	3.57739946e-02	9.15741882e-02	7.15143488e-01
5197            	1.11850084e+00	-5.88763498e-03	2.32331859e-02	9.32255247e-02	7.20157833e-01
5198            	1.11830889e+00	-4.11017877e-03	1.13547632e-02	9.42765104e-02	7.20338034e-01
5199            	1.11785789e+00	-2.40470481e-03	5.56866283e-04	9.46672769e-02	7.15198787e-01
5200            	1.11724417e+00	-8.26137329e-04	-8.67684552e-03	9.43768605e-02	7.05683359e-01
5201            	1.11658041e+00	6.13095141e-04	-1.64546921e-02	9.34372872e-02	6.92300073e-01
5202            	1.11609759e+00	1.60835992e-03	-2.13135862e-02	9.19105463e-02	6.75321839e-01
5203            	1.11605153e+00	2.20002475e-03	-2.40401234e-02	8.99102879e-02	6.55328208e-01
5204            	1.11634901e+00	2.42959965e-03	-2.48484987e-02	8.76922182e-02	6.34610475e-01
5205            	1.11658325e+00	2.54844919e-03	-2.47392583e-02	8.56028716e-02	6.15566652e-01
5206            	1.11647085e+00	2.38317306e-03	-2.19740353e-02	8.39207769e-02	5.99468224e-01
5207            	1.11613127e+00	1.99243972e-03	-1.70256681e-02	8.28048273e-02	5.86943982e-01
5208            	1.11592172e+00	1.49794891e-03	-1.13369986e-02	8.23152451e-02	5.78902754e-01
5209            	1.11614686e+00	9.37691888e-04	-5.69262506e-03	8.24449917e-02	5.76074685e-01
5210            	1.11680036e+00	1.58054359e-04	7.30759237e-04	8.31855060e-02	5.79062962e-01
5211            	1.11749969e+00	-9.83843921e-04	9.04198000e-03	8.45008663e-02	5.87656479e-01
5212            	1.11791736e+00	-2.61014843e-03	2.01320791e-02	8.62972884e-02	6.01273070e-01
5213            	1.11802059e+00	-4.61843011e-03	3.32315736e-02	8.83520745e-02	6.19095980e-01
5214            	1.11801437e+00	-6.76478230e-03	4.66368829e-02	9.03975905e-02	6.39175781e-01
5215            	1.11803111e+00	-8.91444790e-03	5.96351262e-02	9.21718442e-02	6.60390687e-01
5216            	1.11810639e+00	-1.07080787e-02	7.00396393e-02	9.34391274e-02	6.80852620e-01
5217            	1.11812493e+00	-1.19189442e-02	7.66138231e-02	9.40888530e-02	6.99004226e-01
5218            	1.11797760e+00	-1.24867214e-02	7.91374582e-02	9.40940518e-02	7.13278984e-01
5219            	1.11749065e+00	-1.25866801e-02	7.88798442e-02	9.34845718e-02	7.23082885e-01
5220            	1.11665529e+00	-1.23412375e-02	7.66221421e-02	9.23005190e-02	7.27757828e-01
5221            	1.11575136e+00	-1.20472187e-02	7.40272998e-02	9.05867727e-02	7.27556236e-01
5222            	1.11536444e+00	-1.15995314e-02	6.97646805e-02	8.84274935e-02	7.22691533e-01
5223            	1.11572748e+00	-1.09105179e-02	6.30908653e-02	8.60533406e-02	7.13584093e-01
5224            	1.11656009e+00	-9.89933566e-03	5.40265520e-02	8.38086395e-02	7.01834585e-01
5225            	1.11726133e+00	-8.61469602e-03	4.37772486e-02	8.19802319e-02	6.89370896e-01
5226            	1.11743875e+00	-7.04475642e-03	3.26894713e-02	8.07419519e-02	6.77095831e-01
5227            	1.11717752e+00	-5.41159608e-03	2.19232931e-02	8.01914276e-02	6.65025211e-01
5228            	1.11683977e+00	-3.78179951e-03	1.13444082e-02	8.03475510e-02	6.53241038e-01
5229            	1.11674919e+00	-2.17084339e-03	7.46614252e-04	8.12243380e-02	6.42593090e-01
5230            	1.11696486e+00	-5.21437215e-04	-1.01634106e-02	8.27711892e-02	6.34869800e-01
5231            	1.11729988e+00	1.02871373e-03	-2.02031932e-02	8.49381017e-02	6.30312290e-01
5232            	1.11754777e+00	2.15825496e-03	-2.70138861e-02	8.75070973e-02	6.28284013e-01
5233            	1.11769563e+00	2.74835460e-03	-2.98571316e-02	9.01669361e-02	6.28331027e-01
5234            	1.11766610e+00	2.91080122e-03	-2.95466595e-02	9.26014812e-02	6.30626767e-01
5235            	1.11750036e+00	2.80285180e-03	-2.71782441e-02	9.45433002e-02	6.33907880e-01
5236            	1.11728620e+00	2.50715301e-03	-2.32750976e-02	9.58376231e-02	6.37160945e-01
5237            	1.11712836e+00	2.15428478e-03	-1.87861946e-02	9.64131965e-02	6.39595101e-01
5238            	1.11701348e+00	1.66063277e-03	-1.31485060e-02	9.62518834e-02	6.41106635e-01
5239            	1.11688564e+00	9.22285264e-04	-5.68435965e-03	9.53765670e-02	6.41772665e-01
5240            	1.11667946e+00	-2.02365500e-04	4.27565766e-03	9.38319898e-02	6.41553766e-01
5241            	1.11655219e+00	-1.76863211e-03	1.63808809e-02	9.16728535e-02	6.39651811e-01
5242            	1.11669047e+00	-3.82739573e-03	3.03097962e-02	8.91079935e-02	6.37121100e-01
5243            	1.11703594e+00	-6.04699134e-03	4.40116463e-02	8.64366920e-02	6.34445272e-01
5244            	1.11731070e+00	-8.27391370e-03	5.73084914e-02	8.39941352e-02	6.32839690e-01
5245            	1.11729772e+00	-1.03809797e-02	7.00321902e-02	8.20194004e-02	6.33438352e-01
5246            	1.11706576e+00	-1.19930557e-02	7.97374968e-02	8.06482498e-02	6.36959117e-01
5247            	1.11681836e+00	-1.30133060e-02	8.54430920e-02	7.99664778e-02	6.42751079e-01
5248            	1.11674530e+00	-1.34532639e-02	8.68846777e-02	8.00511825e-02	6.50578739e-01
5249            	1.11679060e+00	-1.33309041e-02	8.41130846e-02	8.08949384e-02	6.59809772e-01
5250            	1.11684377e+00	-1.29135878e-02	7.91525023e-02	8.24589075e-02	6.70267038e-01
5251            	1.11690197e+00	-1.22420427e-02	7.26114854e-02	8.46085203e-02	6.82516607e-01
5252            	1.11707936e+00	-1.14165491e-02	6.52051862e-02	8.70656273e-02	6.95449917e-01
5253            	1.11740053e+00	-1.05250227e-02	5.75112984e-02	8.95097963e-02	7.07310110e-01
5254            	1.11784378e+00	-9.50306443e-03	4.91813749e-02	9.16451267e-02	7.16728377e-01
5255            	1.11824354e+00	-8.14862533e-03	3.90451694e-02	9.32504584e-02	7.23121719e-01
5256            	1.11838319e+00	-6.44186922e-03	2.71548676e-02	9.42148796e-02	7.25021485e-01
5257            	1.11813531e+00	-4.70155078e-03	1.56887681e-02	9.45024739e-02	7.21681873e-01
5258            	1.11751883e+00	-3.04763344e-03	5.49587067e-03	9.41389919e-02	7.12860120e-01
5259            	1.11675732e+00	-1.53883483e-03	-3.15068613e-03	9.31598506e-02	6.99394022e-01
5260            	1.11616836e+00	-1.29676271e-04	-1.09869964e-02	9.16394584e-02	6.82171726e-01
5261            	1.11607992e+00	1.06734215e-03	-1.79429287e-02	8.96949734e-02	6.61390195e-01
5262            	1.11642389e+00	1.91739646e-03	-2.30808796e-02	8.75528777e-02	6.38632643e-01
5263            	1.11678078e+00	2.33316654e-03	-2.51957503e-02	8.55109019e-02	6.17156290e-01
5264            	1.11671070e+00	2.42462391e-03	-2.43494256e-02	8.38155789e-02	5.99031192e-01
5265            	1.11627018e+00	2.17218091e-03	-2.04225266e-02	8.26373221e-02	5.84856109e-01
5266            	1.11583962e+00	1.74769568e-03	-1.51382296e-02	8.20568377e-02	5.75183677e-01
5267            	1.11579433e+00	1.28750538e-03	-1.00019845e-02	8.21305788e-02	5.70825225e-01
5268            	1.11624330e+00	7.61861236e-04	-5.04568599e-03	8.28519394e-02	5.72025067e-01
5269            	1.11696948e+00	6.18230794e-05	6.54739678e-04	8.41879851e-02	5.78847413e-01
5270            	1.11763830e+00	-9.66605134e-04	8.30868817e-03	8.60665294e-02	5.90974100e-01
5271            	1.11804825e+00	-2.50470860e-03	1.90465066e-02	8.82602543e-02	6.07266935e-01
5272            	1.11820441e+00	-4.49890147e-03	3.22209662e-02	9.04778678e-02	6.26854847e-01
5273            	1.11821087e+00	-6.71723944e-03	4.62688439e-02	9.23944272e-02	6.47478146e-01
5274            	1.11821365e+00	-8.96795157e-03	6.00685188e-02	9.37793930e-02	6.67917425e-01
5275            	1.11818151e+00	-1.07733111e-02	7.07508807e-02	9.44948817e-02	6.86917096e-01
5276            	1.11803383e+00	-1.19547157e-02	7.74249616e-02	9.44926567e-02	7.03100106e-01
5277            	1.11762966e+00	-1.25876692e-02	8.08053229e-02	9.38411851e-02	7.14978451e-01
5278            	1.11690652e+00	-1.28278671e-02	8.18658748e-02	9.26234024e-02	7.22217126e-01
5279            	1.11601545e+00	-1.28196136e-02	8.12528379e-02	9.09097933e-02	7.24196897e-01
5280            	1.11546203e+00	-1.25681537e-02	7.83220379e-02	8.87895249e-02	7.20973013e-01
5281            	1.11557135e+00	-1.20874205e-02	7.29537449e-02	8.64546910e-02	7.13541490e-01
5282            	1.11614768e+00	-1.12232280e-02	6.46902003e-02	8.42040389e-02	7.03073171e-01
5283            	1.11674245e+00	-1.02441927e-02	5.61602269e-02	8.23224313e-02	6.91074161e-01
5284            	1.11704080e+00	-9.16642706e-03	4.78634548e-02	8.09797448e-02	6.79165107e-01
5285            	1.11705646e+00	-7.82259770e-03	3.85068231e-02	8.02744946e-02	6.68451556e-01
5286            	1.11697307e+00	-6.29223391e-03	2.81573878e-02	8.02372904e-02	6.58178891e-01
5287            	1.11696518e+00	-4.64169335e-03	1.69137781e-02	8.09255270e-02	6.48860225e-01
5288            	1.11712421e+00	-2.91144194e-03	5.04583998e-03	8.23238794e-02	6.40925190e-01
5289            	1.11737825e+00	-1.14944163e-03	-6.75156614e-03	8.43921502e-02	6.36345722e-01
5290            	1.11760026e+00	5.47033968e-04	-1.76026140e-02	8.69414357e-02	6.33722286e-01
5291            	1.11775967e+00	1.79434425e-03	-2.50599695e-02	8.96661533e-02	6.32540459e-01
5292            	1.11782121e+00	2.50338545e-03	-2.86004441e-02	9.21986367e-02	6.32335749e-01
5293            	1.11773230e+00	2.72463306e-03	-2.86089036e-02	9.42294856e-02	6.33262448e-01
5294            	1.11751532e+00	2.59131364e-03	-2.59563740e-02	9.55739447e-02	6.34836526e-01
5295            	1.11721392e+00	2.32666214e-03	-2.21088192e-02	9.61566446e-02	6.36362657e-01
5296            	1.11687553e+00	1.97936184e-03	-1.73695204e-02	9.60105930e-02	6.36854668e-01
5297            	1.11649945e+00	1.51500303e-03	-1.15600225e-02	9.51792410e-02	6.36012364e-01
5298            	1.11618229e+00	7.57982091e-04	-3.77081013e-03	9.37119343e-02	6.34160322e-01
5299            	1.11616763e+00	-3.54993119e-04	5.74451703e-03	9.16732752e-02	6.31445671e-01
5300            	1.11657704e+00	-1.83763534e-03	1.65239253e-02	8.92579039e-02	6.27964629e-01
5301            	1.11717890e+00	-3.72369071e-03	2.88127128e-02	8.67427989e-02	6.24576353e-01
5302            	1.11754832e+00	-5.85789810e-03	4.21694874e-02	8.44159236e-02	6.22541540e-01
5303            	1.11751861e+00	-8.13679185e-03	5.65049667e-02	8.25026614e-02	6.22413961e-01
5304            	1.11721950e+00	-1.03308354e-02	7.03271889e-02	8.11516713e-02	6.25806341e-01
5305            	1.11694943e+00	-1.19385820e-02	8.00728562e-02	8.04106019e-02	6.32652323e-01
5306            	1.11687866e+00	-1.29160249e-02	8.52232887e-02	8.03673050e-02	6.42350456e-01
5307            	1.11700241e+00	-1.33340828e-02	8.61862103e-02	8.10755388e-02	6.53729435e-01
5308            	1.11711034e+00	-1.33103538e-02	8.39472250e-02	8.25315585e-02	6.66536628e-01
5309            	1.11711936e+00	-1.28555858e-02	7.88641711e-02	8.46395802e-02	6.80346090e-01
5310            	1.11711543e+00	-1.22364004e-02	7.27411738e-02	8.71152678e-02	6.94494120e-01
5311            	1.11721566e+00	-1.14274429e-02	6.54546997e-02	8.95958756e-02	7.07753455e-01
5312            	1.11745777e+00	-1.06592750e-02	5.85951669e-02	9.17480326e-02	7.18328723e-01
5313            	1.11781144e+00	-9.74266545e-03	5.10102743e-02	9.33510390e-02	7.25271773e-01
5314            	1.11812447e+00	-8.44806171e-03	4.13539160e-02	9.42859473e-02	7.28660570e-01
5315            	1.11818177e+00	-6.82673511e-03	3.01729472e-02	9.44987961e-02	7.27110249e-01
5316            	1.11779580e+00	-5.15926746e-03	1.94423876e-02	9.40304539e-02	7.19904199e-01
5317            	1.11706565e+00	-3.61144611e-03	1.01148425e-02	9.29685370e-02	7.07250984e-01
5318            	1.11638298e+00	-2.14537702e-03	1.52647969e-03	9.14022164e-02	6.90202760e-01
5319            	1.11619690e+00	-6.47207410e-04	-7.69252188e-03	8.94473605e-02	6.69499041e-01
5320            	1.11651717e+00	7.85876628e-04	-1.69540014e-02	8.73402972e-02	6.45917924e-01
5321            	1.11690749e+00	1.85128271e-03	-2.36476715e-02	8.53524145e-02	6.21976701e-01
5322            	1.11694705e+00	2.36000757e-03	-2.58329760e-02	8.36914439e-02	6.00867354e-01
5323            	1.11657329e+00	2.27418443e-03	-2.32458130e-02	8.25033758e-02	5.84489316e-01
5324            	1.11605897e+00	1.98066067e-03	-1.89284957e-02	8.18643895e-02	5.72848563e-01
5325            	1.11578771e+00	1.57532803e-03	-1.40971418e-02	8.18505885e-02	5.66548683e-01
5326            	1.11595115e+00	1.24760185e-03	-1.02871788e-02	8.25127993e-02	5.65900151e-01
5327            	1.11646165e+00	7.79423742e-04	-5.94241765e-03	8.38245648e-02	5.71089848e-01
5328            	1.11712110e+00	1.03815493e-04	-3.66160081e-04	8.57294102e-02	5.81720956e-01
5329            	1.11774155e+00	-9.01265819e-04	7.30000161e-03	8.80095950e-02	5.96966875e-01
5330            	1.11820251e+00	-2.34583997e-03	1.75587136e-02	9.03715528e-02	6.15070603e-01
5331            	1.11839234e+00	-4.32765465e-03	3.08339624e-02	9.24636809e-02	6.35034122e-01
5332            	1.11841284e+00	-6.59098165e-03	4.53575203e-02	9.39960646e-02	6.54806048e-01
5333            	1.11832560e+00	-8.81031683e-03	5.91879724e-02	9.48274060e-02	6.73505710e-01
5334            	1.11812442e+00	-1.05810127e-02	6.99468873e-02	9.48988132e-02	6.90381832e-01
5335            	1.11772212e+00	-1.18249840e-02	7.74637777e-02	9.42448075e-02	7.04359126e-01
5336            	1.11704334e+00	-1.26213307e-02	8.23351465e-02	9.29799250e-02	7.13744279e-01
5337            	1.11623609e+00	-1.30484353e-02	8.47592190e-02	9.12280282e-02	7.18219702e-01
5338            	1.11568573e+00	-1.31124725e-02	8.40683359e-02	8.90997064e-02	7.17511797e-01
5339            	1.11565687e+00	-1.28526371e-02	8.02184817e-02	8.67996925e-02	7.11575290e-01
5340            	1.11602304e+00	-1.22369034e-02	7.35106239e-02	8.45829006e-02	7.02684396e-01
5341            	1.11639019e+00	-1.14841454e-02	6.62588581e-02	8.26924254e-02	6.92054390e-01
5342            	1.11654946e+00	-1.06416782e-02	5.92470630e-02	8.13085046e-02	6.80990794e-01
5343            	1.11659988e+00	-9.68683809e-03	5.20603111e-02	8.05218570e-02	6.70452009e-01
5344            	1.11673210e+00	-8.49604214e-03	4.34770743e-02	8.03503187e-02	6.61238430e-01
5345            	1.11699485e+00	-6.97309124e-03	3.26437972e-02	8.08549026e-02	6.53039169e-01
5346            	1.11729159e+00	-5.27259231e-03	2.05900924e-02	8.20622648e-02	6.46488961e-01
5347            	1.11753004e+00	-3.46764823e-03	8.06607940e-03	8.39775044e-02	6.41821334e-01
5348            	1.11768987e+00	-1.65714374e-03	-3.96771277e-03	8.64316284e-02	6.39371417e-01
5349            	1.11781249e+00	1.15152853e-04	-1.52322982e-02	8.91379629e-02	6.37822140e-01
5350            	1.11786657e+00	1.49658119e-03	-2.34987174e-02	9.17323199e-02	6.36269384e-01
5351            	1.11783594e+00	2.33749881e-03	-2.78335318e-02	9.38620036e-02	6.34669298e-01
5352            	1.11770460e+00	2.53555457e-03	-2.75822175e-02	9.53001717e-02	6.33949386e-01
5353            	1.11742149e+00	2.48037550e-03	-2.52853951e-02	9.59304724e-02	6.33539743e-01
5354            	1.11697204e+00	2.24443413e-03	-2.13792526e-02	9.57832125e-02	6.32833845e-01
5355            	1.11638448e+00	1.91192616e-03	-1.63972653e-02	9.49461283e-02	6.30983268e-01
5356            	1.11580813e+00	1.37499110e-03	-9.91107998e-03	9.35109691e-02	6.27974267e-01
5357            	1.11560620e+00	5.80292054e-04	-2.21894204e-03	9.15473362e-02	6.23915253e-01
5358            	1.11605912e+00	-4.09620532e-04	5.69225569e-03	8.92290626e-02	6.19464681e-01
5359            	1.11692814e+00	-1.70822441e-03	1.46878072e-02	8.68296120e-02	6.15184363e-01
5360            	1.11761282e+00	-3.46547635e-03	2.62819824e-02	8.46338083e-02	6.12018779e-01
5361            	1.11771946e+00	-5.63082247e-03	4.05813653e-02	8.28350320e-02	6.11495561e-01
5362            	1.11741131e+00	-7.97789616e-03	5.59635405e-02	8.15463034e-02	6.13914244e-01
5363            	1.11706625e+00	-1.01313288e-02	6.96410261e-02	8.08323104e-02	6.20577651e-01
5364            	1.11695081e+00	-1.16929170e-02	7.88108387e-02	8.07481338e-02	6.31059122e-01
5365            	1.11706913e+00	-1.26718987e-02	8.36295188e-02	8.13473103e-02	6.44416860e-01
5366            	1.11725098e+00	-1.31196022e-02	8.46852159e-02	8.26755393e-02	6.59139302e-01
5367            	1.11733527e+00	-1.31704398e-02	8.30721033e-02	8.46877266e-02	6.75353372e-01
5368            	1.11731944e+00	-1.28148730e-02	7.87528065e-02	8.71406062e-02	6.91552477e-01
5369            	1.11727705e+00	-1.22619943e-02	7.30999403e-02	8.96687880e-02	7.06623449e-01
5370            	1.11730766e+00	-1.15482101e-02	6.64911097e-02	9.18832142e-02	7.18968282e-01
5371            	1.11743271e+00	-1.08245022e-02	5.99817292e-02	9.35229379e-02	7.27100623e-01
5372            	1.11763898e+00	-9.92166693e-03	5.26050101e-02	9.44603559e-02	7.30848381e-01
5373            	1.11783332e+00	-8.75515060e-03	4.39392539e-02	9.46451851e-02	7.30531980e-01
5374            	1.11776101e+00	-7.26756428e-03	3.38775985e-02	9.41040803e-02	7.25330075e-01
5375            	1.11729458e+00	-5.73212370e-03	2.42076512e-02	9.29366517e-02	7.14601170e-01
5376            	1.11665821e+00	-4.22948849e-03	1.49997193e-02	9.12681465e-02	6.98688859e-01
5377            	1.11638545e+00	-2.70135630e-03	5.17671201e-03	8.92449056e-02	6.77911273e-01
5378            	1.11662993e+00	-9.97990903e-04	-6.21777976e-03	8.70973472e-02	6.54563145e-01
5379            	1.11702982e+00	6.99702669e-04	-1.73956992e-02	8.51151406e-02	6.29682153e-01
5380            	1.11710050e+00	1.88524756e-03	-2.43415592e-02	8.34992577e-02	6.06352474e-01
5381            	1.11680723e+00	2.30269623e-03	-2.53289341e-02	8.23478691e-02	5.86746778e-01
5382            	1.11634661e+00	2.21494863e-03	-2.25559059e-02	8.17048345e-02	5.72347544e-01
5383            	1.11600422e+00	1.99569848e-03	-1.90573583e-02	8.16320453e-02	5.63665451e-01
5384            	1.11596696e+00	1.73796646e-03	-1.56907101e-02	8.22087316e-02	5.61203226e-01
5385            	1.11624187e+00	1.45479911e-03	-1.24419274e-02	8.34602939e-02	5.64666292e-01
5386            	1.11668276e+00	9.98239609e-04	-8.13906590e-03	8.53508554e-02	5.73769083e-01
5387            	1.11722484e+00	3.45062263e-04	-2.56236675e-03	8.76618292e-02	5.87415933e-01
5388            	1.11783516e+00	-6.45274122e-04	5.08116575e-03	9.01074157e-02	6.04763022e-01
5389            	1.11832838e+00	-2.04880433e-03	1.51894122e-02	9.23462721e-02	6.23605022e-01
5390            	1.11857269e+00	-4.00954184e-03	2.85025863e-02	9.40645264e-02	6.42753751e-01
5391            	1.11855442e+00	-6.23072100e-03	4.30188874e-02	9.50549345e-02	6.60943773e-01
5392            	1.11832961e+00	-8.36157986e-03	5.65762963e-02	9.52457224e-02	6.77217256e-01
5393            	1.11787917e+00	-1.01637420e-02	6.79657989e-02	9.46687969e-02	6.91542506e-01
5394            	1.11719032e+00	-1.14913489e-02	7.64707169e-02	9.34170997e-02	7.03049109e-01
5395            	1.11638189e+00	-1.24389709e-02	8.25082390e-02	9.16227819e-02	7.10009573e-01
5396            	1.11588230e+00	-1.30667829e-02	8.57578569e-02	8.94373762e-02	7.11729209e-01
5397            	1.11587334e+00	-1.31442209e-02	8.43167607e-02	8.71088750e-02	7.08641619e-01
5398            	1.11616825e+00	-1.27799250e-02	7.92919188e-02	8.49021504e-02	7.01387934e-01
5399            	1.11635469e+00	-1.21715587e-02	7.28848650e-02	8.30314599e-02	6.92240647e-01
5400            	1.11628989e+00	-1.15207629e-02	6.69451559e-02	8.16359345e-02	6.82420539e-01
5401            	1.11614895e+00	-1.08846981e-02	6.16358248e-02	8.07992101e-02	6.72637840e-01
5402            	1.11625300e+00	-1.01124099e-02	5.54683783e-02	8.05521345e-02	6.63484579e-01
5403            	1.11669702e+00	-8.92782938e-03	4.64101154e-02	8.09421810e-02	6.56543915e-01
5404            	1.11726083e+00	-7.33895109e-03	3.46510811e-02	8.19918452e-02	6.51072477e-01
5405            	1.11768057e+00	-5.56898585e-03	2.19604059e-02	8.37270020e-02	6.47597158e-01
5406            	1.11787643e+00	-3.75450180e-03	9.45163007e-03	8.60484655e-02	6.45468668e-01
5407            	1.11795399e+00	-1.92195037e-03	-2.67720047e-03	8.86759643e-02	6.43839260e-01
5408            	1.11797113e+00	-1.25466835e-04	-1.40374879e-02	9.12574485e-02	6.41807962e-01
5409            	1.11791838e+00	1.34143882e-03	-2.27782687e-02	9.34513146e-02	6.39144855e-01
5410            	1.11779841e+00	2.25532229e-03	-2.74893793e-02	9.49915412e-02	6.35759431e-01
5411            	1.11759555e+00	2.51803484e-03	-2.75106286e-02	9.57162181e-02	6.32513743e-01
5412            	1.11719021e+00	2.51059382e-03	-2.52942477e-02	9.56074054e-02	6.29531014e-01
5413            	1.11652390e+00	2.30089453e-03	-2.12340438e-02	9.47672915e-02	6.26087749e-01
5414            	1.11576038e+00	1.85276929e-03	-1.53097251e-02	9.33187394e-02	6.21982936e-01
5415            	1.11528064e+00	1.23783405e-03	-8.62346705e-03	9.13713370e-02	6.16930509e-01
5416            	1.11548767e+00	5.52960244e-04	-2.47242802e-03	8.90904544e-02	6.11156842e-01
5417            	1.11634143e+00	-3.23575723e-04	4.05282573e-03	8.67458411e-02	6.05497757e-01
5418            	1.11728354e+00	-1.51252366e-03	1.23873645e-02	8.46350350e-02	6.01399056e-01
5419            	1.11771590e+00	-3.20354665e-03	2.42596626e-02	8.29511087e-02	5.99468649e-01
5420            	1.11760159e+00	-5.41727577e-03	3.95052433e-02	8.17775197e-02	6.01219850e-01
5421            	1.11727414e+00	-7.71038238e-03	5.46779269e-02	8.11290274e-02	6.06687449e-01
5422            	1.11708821e+00	-9.73846992e-03	6.72828702e-02	8.10751413e-02	6.16843176e-01
5423            	1.11714518e+00	-1.12517899e-02	7.58255116e-02	8.16589306e-02	6.31047838e-01
5424            	1.11730546e+00	-1.22716013e-02	8.08228976e-02	8.29044952e-02	6.48137203e-01
5425            	1.11744719e+00	-1.28756068e-02	8.30390773e-02	8.48041101e-02	6.66223473e-01
5426            	1.11750584e+00	-1.30121863e-02	8.21158658e-02	8.71765541e-02	6.84855193e-01
5427            	1.11748380e+00	-1.27528039e-02	7.84630267e-02	8.97028654e-02	7.02369057e-01
5428            	1.11738445e+00	-1.22155923e-02	7.29892835e-02	9.19877399e-02	7.16759635e-01
5429            	1.11731245e+00	-1.16550445e-02	6.74422060e-02	9.37111932e-02	7.26935744e-01
5430            	1.11729642e+00	-1.09962501e-02	6.14898810e-02	9.46981934e-02	7.32030087e-01
5431            	1.11735042e+00	-1.01494483e-02	5.46637484e-02	9.48987745e-02	7.32109075e-01
5432            	1.11736214e+00	-9.06204610e-03	4.67902179e-02	9.43467069e-02	7.27718946e-01
5433            	1.11716030e+00	-7.73927027e-03	3.80324088e-02	9.31251832e-02	7.18941104e-01
5434            	1.11678493e+00	-6.30400363e-03	2.88856250e-02	9.13499873e-02	7.04932291e-01
5435            	1.11660278e+00	-4.80469163e-03	1.89040438e-02	8.92051777e-02	6.85968487e-01
5436            	1.11681025e+00	-3.09652559e-03	7.02344384e-03	8.69529861e-02	6.62499466e-01
5437            	1.11716958e+00	-1.23480368e-03	-5.66341157e-03	8.48900882e-02	6.37898974e-01
5438            	1.11723982e+00	5.71339168e-04	-1.70393126e-02	8.32408459e-02	6.13666440e-01
5439            	1.11692949e+00	1.77525939e-03	-2.34787777e-02	8.21053291e-02	5.92083300e-01
5440            	1.11651777e+00	2.19647459e-03	-2.42743165e-02	8.14928958e-02	5.74421791e-01
5441            	1.11623000e+00	2.20881016e-03	-2.24732692e-02	8.14106669e-02	5.62698949e-01
5442            	1.11616956e+00	2.12313718e-03	-2.03598355e-02	8.19363161e-02	5.57929378e-01
5443            	1.11629303e+00	1.94506105e-03	-1.78457288e-02	8.31087621e-02	5.59891260e-01
5444            	1.11651009e+00	1.65721827e-03	-1.45781057e-02	8.49367232e-02	5.67566840e-01
5445            	1.11679999e+00	1.23963143e-03	-1.04018485e-02	8.72427132e-02	5.79716297e-01
5446            	1.11727797e+00	5.92160968e-04	-4.79418420e-03	8.97356943e-02	5.95438483e-01
5447            	1.11788438e+00	-3.46272894e-04	2.59772032e-03	9.20733162e-02	6.13628070e-01
5448            	1.11841059e+00	-1.71211068e-03	1.25979257e-02	9.39380859e-02	6.31917877e-01
5449            	1.11866850e+00	-3.61966976e-03	2.57987435e-02	9.51182124e-02	6.49337145e-01
5450            	1.11856243e+00	-5.73273894e-03	3.99009055e-02	9.54794069e-02	6.65338118e-01
5451            	1.11811707e+00	-7.75629831e-03	5.31834489e-02	9.50304242e-02	6.78919636e-01
5452            	1.11737847e+00	-9.58969288e-03	6.52765469e-02	9.38692848e-02	6.90721777e-01
5453            	1.11653519e+00	-1.10236042e-02	7.47219983e-02	9.20969680e-02	6.99413358e-01
5454            	1.11599875e+00	-1.21607922e-02	8.15681456e-02	8.98605360e-02	7.03752883e-01
5455            	1.11600891e+00	-1.27946017e-02	8.40206495e-02	8.74615921e-02	7.03466064e-01
5456            	1.11633919e+00	-1.28587410e-02	8.19624780e-02	8.51966032e-02	6.99064976e-01
5457            	1.11650225e+00	-1.24762600e-02	7.70456020e-02	8.33088243e-02	6.91694630e-01
5458            	1.11631094e+00	-1.20299045e-02	7.23446020e-02	8.19182179e-02	6.83268637e-01
5459            	1.11596987e+00	-1.15509523e-02	6.79233403e-02	8.10734477e-02	6.74707261e-01
5460            	1.11584683e+00	-1.09556016e-02	6.27492060e-02	8.07889109e-02	6.66631592e-01
5461            	1.11619064e+00	-1.01372890e-02	5.58077290e-02	8.11145675e-02	6.59809581e-01
5462            	1.11688489e+00	-8.98405614e-03	4.64680266e-02	8.20676875e-02	6.55336983e-01
5463            	1.11759185e+00	-7.41524733e-03	3.46417067e-02	8.36568725e-02	6.52927243e-01
5464            	1.11801939e+00	-5.67176143e-03	2.21696909e-02	8.58172508e-02	6.52092083e-01
5465            	1.11818411e+00	-3.82971386e-03	9.50798424e-03	8.83290331e-02	6.51421030e-01
5466            	1.11818121e+00	-1.98092609e-03	-2.67727169e-03	9.08445978e-02	6.49437695e-01
5467            	1.11807140e+00	-1.37286766e-04	-1.42503684e-02	9.30221545e-02	6.46241739e-01
5468            	1.11790591e+00	1.43434459e-03	-2.35708503e-02	9.46189399e-02	6.41486513e-01
5469            	1.11770073e+00	2.32560117e-03	-2.79814632e-02	9.54515808e-02	6.35652591e-01
5470            	1.11738877e+00	2.66115194e-03	-2.82648552e-02	9.54333008e-02	6.29485888e-01
5471            	1.11679903e+00	2.65246291e-03	-2.57367750e-02	9.46338155e-02	6.23739780e-01
5472            	1.11597145e+00	2.43776015e-03	-2.14569890e-02	9.31780255e-02	6.17563103e-01
5473            	1.11528246e+00	1.89799209e-03	-1.52199588e-02	9.12102824e-02	6.11041529e-01
5474            	1.11519687e+00	1.32853168e-03	-9.64322886e-03	8.89293786e-02	6.04209793e-01
5475            	1.11579071e+00	7.05888065e-04	-4.58388818e-03	8.66003566e-02	5.97525301e-01
5476            	1.11668878e+00	-6.96724316e-05	1.27950668e-03	8.45189661e-02	5.91920209e-01
5477            	1.11734248e+00	-1.21111453e-03	9.93448309e-03	8.28887387e-02	5.88973042e-01
5478            	1.11754727e+00	-2.86922250e-03	2.22204698e-02	8.18105949e-02	5.89126134e-01
5479            	1.11743753e+00	-5.01490802e-03	3.72072349e-02	8.12734747e-02	5.93597922e-01
5480            	1.11730348e+00	-7.15050321e-03	5.11353650e-02	8.12831781e-02	6.02549796e-01
5481            	1.11730825e+00	-9.07464131e-03	6.27761739e-02	8.19030892e-02	6.16055543e-01
5482            	1.11739561e+00	-1.06235371e-02	7.14790938e-02	8.31498083e-02	6.33728361e-01
5483            	1.11749357e+00	-1.17388032e-02	7.72289354e-02	8.49909153e-02	6.54170482e-01
5484            	1.11757091e+00	-1.24101140e-02	8.00176010e-02	8.72801844e-02	6.75172030e-01
5485            	1.11763485e+00	-1.26950340e-02	8.01230958e-02	8.97526757e-02	6.95187283e-01
5486            	1.11759117e+00	-1.25161245e-02	7.71039011e-02	9.20492496e-02	7.12258202e-01
5487            	1.11745436e+00	-1.21278439e-02	7.26937489e-02	9.38455926e-02	7.24291283e-01
5488            	1.11724835e+00	-1.16619736e-02	6.79040729e-02	9.49266871e-02	7.31291613e-01
5489            	1.11704969e+00	-1.10169211e-02	6.22090715e-02	9.51913673e-02	7.32909448e-01
5490            	1.11687490e+00	-1.02415881e-02	5.61262049e-02	9.46686230e-02	7.29204559e-01
5491            	1.11671060e+00	-9.31027379e-03	4.95384873e-02	9.34480819e-02	7.20837179e-01
5492            	1.11656541e+00	-8.16630977e-03	4.18812753e-02	9.16263265e-02	7.08477926e-01
5493            	1.11665539e+00	-6.80546855e-03	3.24389855e-02	8.93703888e-02	6.91186121e-01
5494            	1.11702153e+00	-5.18007250e-03	2.07082303e-02	8.69822169e-02	6.69773620e-01
5495            	1.11741301e+00	-3.27975555e-03	7.25171146e-03	8.47984573e-02	6.45318395e-01
5496            	1.11745638e+00	-1.31283263e-03	-5.66970118e-03	8.30378125e-02	6.20799448e-01
5497            	1.11710304e+00	4.68405582e-04	-1.62408060e-02	8.18355146e-02	5.98142955e-01
5498            	1.11664518e+00	1.58220023e-03	-2.18442429e-02	8.12209470e-02	5.78871792e-01
5499            	1.11638321e+00	2.14512225e-03	-2.38523352e-02	8.11543722e-02	5.63858371e-01
5500            	1.11638649e+00	2.32719538e-03	-2.36853383e-02	8.16743639e-02	5.55796719e-01
5501            	1.11650878e+00	2.41306653e-03	-2.30657894e-02	8.27995907e-02	5.55182525e-01
5502            	1.11661143e+00	2.30605732e-03	-2.10546756e-02	8.45544548e-02	5.61418978e-01
5503            	1.11669523e+00	2.00840906e-03	-1.75934006e-02	8.68131530e-02	5.72764035e-01
5504            	1.11691006e+00	1.54220532e-03	-1.30455226e-02	8.93102274e-02	5.87298997e-01
5505            	1.11734135e+00	8.98773411e-04	-7.39702191e-03	9.16941144e-02	6.03770791e-01
5506            	1.11792244e+00	2.91774176e-06	-1.81607653e-04	9.36497462e-02	6.21050637e-01
5507            	1.11844395e+00	-1.28337207e-03	9.48550577e-03	9.49697721e-02	6.37808904e-01
5508            	1.11864910e+00	-3.06772210e-03	2.21535014e-02	9.55123663e-02	6.52889606e-01
5509            	1.11837124e+00	-5.08393616e-03	3.60500312e-02	9.52316314e-02	6.66346960e-01
5510            	1.11765861e+00	-7.10205890e-03	4.98171464e-02	9.41956136e-02	6.77164109e-01
5511            	1.11674550e+00	-9.02189744e-03	6.27771361e-02	9.25284958e-02	6.86252769e-01
5512            	1.11611163e+00	-1.05988732e-02	7.27664745e-02	9.03282428e-02	6.92259009e-01
5513            	1.11606173e+00	-1.17822024e-02	7.90784195e-02	8.78841698e-02	6.94822449e-01
5514            	1.11643703e+00	-1.23896792e-02	8.08118110e-02	8.55444232e-02	6.93016193e-01
5515            	1.11669756e+00	-1.24980435e-02	7.92513153e-02	8.35909433e-02	6.88572585e-01
5516            	1.11651960e+00	-1.22610563e-02	7.59635644e-02	8.21720621e-02	6.82267738e-01
5517            	1.11604683e+00	-1.19051993e-02	7.23153530e-02	8.13401736e-02	6.75507725e-01
5518            	1.11568178e+00	-1.14419748e-02	6.79235484e-02	8.10508027e-02	6.68741358e-01
5519            	1.11576529e+00	-1.08850763e-02	6.25352290e-02	8.13372623e-02	6.62551214e-01
5520            	1.11633753e+00	-1.00814915e-02	5.52349279e-02	8.22261004e-02	6.58053414e-01
5521            	1.11714867e+00	-8.95833471e-03	4.59192879e-02	8.37308709e-02	6.56596790e-01
5522            	1.11785456e+00	-7.43458046e-03	3.44209911e-02	8.57690721e-02	6.57350981e-01
5523            	1.11828495e+00	-5.71545964e-03	2.21128656e-02	8.81361108e-02	6.58334282e-01
5524            	1.11840495e+00	-3.86885228e-03	9.44985366e-03	9.05439839e-02	6.57777607e-01
5525            	1.11828930e+00	-1.99382231e-03	-2.82432895e-03	9.26568421e-02	6.54201659e-01
5526            	1.11805994e+00	-1.49347233e-04	-1.42954542e-02	9.42271252e-02	6.49197052e-01
5527            	1.11780465e+00	1.40785213e-03	-2.33722835e-02	9.51054582e-02	6.42166215e-01
5528            	1.11747499e+00	2.37513306e-03	-2.80675987e-02	9.51832745e-02	6.33628463e-01
5529            	1.11695435e+00	2.79489202e-03	-2.86109049e-02	9.44703099e-02	6.24498818e-01
5530            	1.11618767e+00	2.82212012e-03	-2.61360271e-02	9.30695598e-02	6.15749272e-01
5531            	1.11545162e+00	2.51445584e-03	-2.15213168e-02	9.11176307e-02	6.07190616e-01
5532            	1.11517989e+00	2.02839119e-03	-1.64481214e-02	8.88168315e-02	5.99188267e-01
5533            	1.11551441e+00	1.56455489e-03	-1.23240134e-02	8.64605070e-02	5.91227962e-01
5534            	1.11616423e+00	1.00588362e-03	-7.75313326e-03	8.43645881e-02	5.84438635e-01
5535            	1.11673349e+00	2.27970343e-04	-1.29130358e-03	8.27359148e-02	5.79841465e-01
5536            	1.11708534e+00	-8.91407887e-04	7.83383222e-03	8.16893725e-02	5.79218393e-01
5537            	1.11728741e+00	-2.49015835e-03	1.98895054e-02	8.12261684e-02	5.82226126e-01
5538            	1.11741466e+00	-4.42053203e-03	3.32279119e-02	8.13325555e-02	5.89864701e-01
5539            	1.11751750e+00	-6.33362587e-03	4.54213590e-02	8.20205736e-02	6.02384648e-01
5540            	1.11757696e+00	-8.16055345e-03	5.63984717e-02	8.33199627e-02	6.19139443e-01
5541            	1.11758394e+00	-9.76791260e-03	6.56649799e-02	8.51959110e-02	6.40084778e-01
5542            	1.11761322e+00	-1.09932114e-02	7.22911213e-02	8.74610685e-02	6.63185920e-01
5543            	1.11768268e+00	-1.18072826e-02	7.60665452e-02	8.98769601e-02	6.85748160e-01
5544            	1.11772911e+00	-1.22065217e-02	7.70103767e-02	9.21389796e-02	7.05462618e-01
5545            	1.11765852e+00	-1.21320572e-02	7.47911569e-02	9.39471983e-02	7.20581145e-01
5546            	1.11741491e+00	-1.18262731e-02	7.10970951e-02	9.50990806e-02	7.29470934e-01
5547            	1.11703756e+00	-1.14189450e-02	6.68912537e-02	9.54463078e-02	7.32693137e-01
5548            	1.11661879e+00	-1.08961301e-02	6.22781023e-02	9.49831869e-02	7.30372043e-01
5549            	1.11625556e+00	-1.02091810e-02	5.70584838e-02	9.37974139e-02	7.22993319e-01
5550            	1.11606309e+00	-9.45607379e-03	5.16255077e-02	9.19853175e-02	7.10854137e-01
5551            	1.11632028e+00	-8.47977189e-03	4.43053229e-02	8.96846801e-02	6.95171132e-01
5552            	1.11698302e+00	-7.06154646e-03	3.35161432e-02	8.71876766e-02	6.75302403e-01
5553            	1.11761529e+00	-5.23788361e-03	2.00998316e-02	8.48575970e-02	6.52617681e-01
5554            	1.11776021e+00	-3.24816604e-03	6.49885423e-03	8.29689718e-02	6.28311373e-01
5555            	1.11737784e+00	-1.36352956e-03	-5.21938198e-03	8.16492338e-02	6.05093586e-01
5556            	1.11683074e+00	2.96810807e-04	-1.47312941e-02	8.09512407e-02	5.84615819e-01
5557            	1.11649671e+00	1.49307394e-03	-2.11350561e-02	8.08604010e-02	5.67887188e-01
5558            	1.11650045e+00	2.28233709e-03	-2.51549500e-02	8.13821265e-02	5.56301857e-01
5559            	1.11670758e+00	2.67513302e-03	-2.67669102e-02	8.25036731e-02	5.52100048e-01
5560            	1.11687315e+00	2.81216342e-03	-2.65516944e-02	8.42310868e-02	5.55736910e-01
5561            	1.11687643e+00	2.70206320e-03	-2.43970783e-02	8.64323294e-02	5.65310070e-01
5562            	1.11686838e+00	2.38890555e-03	-2.07994961e-02	8.88826369e-02	5.78969007e-01
5563            	1.11701055e+00	1.86640621e-03	-1.58255265e-02	9.12656362e-02	5.94618365e-01
5564            	1.11738154e+00	1.21098080e-03	-1.00058331e-02	9.32611848e-02	6.10633522e-01
5565            	1.11791451e+00	3.46289698e-04	-2.82922862e-03	9.46594125e-02	6.26051862e-01
5566            	1.11839481e+00	-8.82556348e-04	6.67961550e-03	9.53271034e-02	6.40386257e-01
5567            	1.11846543e+00	-2.50579308e-03	1.86757395e-02	9.52183723e-02	6.52636535e-01
5568            	1.11796677e+00	-4.42359192e-03	3.24409115e-02	9.43576931e-02	6.63193179e-01
5569            	1.11708147e+00	-6.44126281e-03	4.65624101e-02	9.28276769e-02	6.71521111e-01
5570            	1.11633903e+00	-8.43658729e-03	5.97206521e-02	9.07453421e-02	6.77896643e-01
5571            	1.11618281e+00	-1.01131431e-02	6.95673958e-02	8.83533601e-02	6.81794867e-01
5572            	1.11650869e+00	-1.12735360e-02	7.51553444e-02	8.59743519e-02	6.83115635e-01
5573            	1.11682998e+00	-1.19447162e-02	7.74626734e-02	8.39378487e-02	6.81202681e-01
5574            	1.11673733e+00	-1.21594615e-02	7.72739040e-02	8.24401179e-02	6.77720930e-01
5575            	1.11628630e+00	-1.20601202e-02	7.53865215e-02	8.15640342e-02	6.73282552e-01
5576            	1.11580034e+00	-1.18233413e-02	7.24715805e-02	8.12771610e-02	6.68067626e-01
5577            	1.11564979e+00	-1.14062684e-02	6.79269514e-02	8.15639499e-02	6.63453179e-01
5578            	1.11594974e+00	-1.07742470e-02	6.15839978e-02	8.24295751e-02	6.59874073e-01
5579            	1.11658883e+00	-9.94952382e-03	5.39869139e-02	8.38945415e-02	6.58394215e-01
5580            	1.11736875e+00	-8.87273226e-03	4.50393853e-02	8.58768945e-02	6.59615585e-01
5581            	1.11807943e+00	-7.43717405e-03	3.41318976e-02	8.81610450e-02	6.62559458e-01
5582            	1.11850800e+00	-5.70374702e-03	2.17358298e-02	9.04528760e-02	6.63951028e-01
5583            	1.11856129e+00	-3.85895943e-03	9.18996417e-03	9.24632032e-02	6.62236630e-01
5584            	1.11833141e+00	-1.98039934e-03	-2.98703939e-03	9.39600293e-02	6.56736663e-01
5585            	1.11797614e+00	-1.66096804e-04	-1.41332838e-02	9.47854382e-02	6.49463693e-01
5586            	1.11757098e+00	1.39000470e-03	-2.29905053e-02	9.48779486e-02	6.39816441e-01
5587            	1.11702120e+00	2.48031911e-03	-2.81962151e-02	9.42322254e-02	6.28580787e-01
5588            	1.11632944e+00	2.97631556e-03	-2.90377985e-02	9.29142076e-02	6.16486463e-01
5589            	1.11566139e+00	2.93510980e-03	-2.63453085e-02	9.10225569e-02	6.05327092e-01
5590            	1.11534996e+00	2.66541454e-03	-2.27837238e-02	8.87273663e-02	5.95328944e-01
5591            	1.11549980e+00	2.33033861e-03	-1.95093541e-02	8.63291263e-02	5.86413837e-01
5592            	1.11590604e+00	1.88616057e-03	-1.56554831e-02	8.41803074e-02	5.78582787e-01
5593            	1.11622836e+00	1.34690803e-03	-1.06408469e-02	8.25273741e-02	5.72873031e-01
5594            	1.11644532e+00	5.62483859e-04	-3.51011122e-03	8.14706339e-02	5.70400930e-01
5595            	1.11675840e+00	-5.84591991e-04	5.92386170e-03	8.10291238e-02	5.72329199e-01
5596            	1.11718959e+00	-2.00170416e-03	1.64830375e-02	8.11965873e-02	5.78604392e-01
5597            	1.11757745e+00	-3.63215908e-03	2.75311708e-02	8.19831357e-02	5.89822761e-01
5598            	1.11775651e+00	-5.35339808e-03	3.84555453e-02	8.33691810e-02	6.06050124e-01
5599            	1.11773601e+00	-7.10252046e-03	4.91374501e-02	8.53188757e-02	6.25891742e-01
5600            	1.11767786e+00	-8.80415570e-03	5.92254958e-02	8.76441994e-02	6.49268656e-01
5601            	1.11769461e+00	-1.00897472e-02	6.63201301e-02	9.00745864e-02	6.73881757e-01
5602            	1.11772858e+00	-1.10426210e-02	7.10964040e-02	9.23070268e-02	6.96597006e-01
5603            	1.11771169e+00	-1.15106298e-02	7.26180198e-02	9.40879119e-02	7.14470997e-01
5604            	1.11754761e+00	-1.15924220e-02	7.15984566e-02	9.52378362e-02	7.26477983e-01
5605            	1.11717987e+00	-1.13833022e-02	6.87345660e-02	9.56417210e-02	7.31715531e-01
5606            	1.11662108e+00	-1.09959833e-02	6.49521471e-02	9.52675971e-02	7.31350989e-01
5607            	1.11599540e+00	-1.05551649e-02	6.11848100e-02	9.41437565e-02	7.25269282e-01
5608            	1.11554389e+00	-1.01134558e-02	5.76044228e-02	9.23668173e-02	7.14053059e-01
5609            	1.11571189e+00	-9.52011620e-03	5.25452658e-02	9.00790026e-02	6.98610484e-01
5610            	1.11653327e+00	-8.50918188e-03	4.40371342e-02	8.75476139e-02	6.80655387e-01
5611            	1.11749936e+00	-6.89424600e-03	3.15021039e-02	8.51085290e-02	6.59847608e-01
5612            	1.11794214e+00	-5.01563189e-03	1.81313462e-02	8.30607681e-02	6.37235666e-01
5613            	1.11767177e+00	-3.13178028e-03	5.91327707e-03	8.15839316e-02	6.14297463e-01
5614            	1.11705950e+00	-1.37864304e-03	-4.66020584e-03	8.07446884e-02	5.92648906e-01
5615            	1.11662167e+00	1.91698826e-04	-1.38221584e-02	8.05489861e-02	5.74703779e-01
5616            	1.11656406e+00	1.60668512e-03	-2.21865387e-02	8.10290153e-02	5.61221069e-01
5617            	1.11678906e+00	2.61961312e-03	-2.80996848e-02	8.21575537e-02	5.53672806e-01
5618            	1.11704671e+00	3.15323693e-03	-3.07153638e-02	8.38931335e-02	5.53375563e-01
5619            	1.11711818e+00	3.28801798e-03	-3.03604120e-02	8.60903252e-02	5.60321154e-01
5620            	1.11704952e+00	3.17455784e-03	-2.81714720e-02	8.85128234e-02	5.71963030e-01
5621            	1.11699178e+00	2.77353104e-03	-2.39785318e-02	9.08691546e-02	5.86522021e-01
5622            	1.11709254e+00	2.25558099e-03	-1.89593970e-02	9.28726768e-02	6.01684834e-01
5623            	1.11737947e+00	1.61584584e-03	-1.30999840e-02	9.43056531e-02	6.15936979e-01
5624            	1.11782659e+00	7.77778613e-04	-5.91775535e-03	9.50402552e-02	6.28636434e-01
5625            	1.11815919e+00	-3.40689437e-04	3.17090893e-03	9.50362937e-02	6.40129268e-01
5626            	1.11803432e+00	-1.75284565e-03	1.42577750e-02	9.43248097e-02	6.49585754e-01
5627            	1.11738865e+00	-3.57985367e-03	2.78403819e-02	9.29638198e-02	6.57472975e-01
5628            	1.11667622e+00	-5.63676840e-03	4.20272311e-02	9.10227201e-02	6.63083625e-01
5629            	1.11641528e+00	-7.69494441e-03	5.48374396e-02	8.87406435e-02	6.66839624e-01
5630            	1.11664212e+00	-9.34105511e-03	6.38860261e-02	8.64194127e-02	6.69430022e-01
5631            	1.11693351e+00	-1.05568007e-02	6.99514578e-02	8.43493507e-02	6.70625276e-01
5632            	1.11688406e+00	-1.13089398e-02	7.34711299e-02	8.27623261e-02	6.69756859e-01
5633            	1.11653214e+00	-1.17653735e-02	7.53948088e-02	8.17944914e-02	6.67832946e-01
5634            	1.11610844e+00	-1.18085515e-02	7.44357425e-02	8.14571491e-02	6.65181961e-01
5635            	1.11585618e+00	-1.15125336e-02	7.07192314e-02	8.17499496e-02	6.62188165e-01
5636            	1.11590906e+00	-1.10918138e-02	6.56943838e-02	8.26353519e-02	6.60005346e-01
5637            	1.11625972e+00	-1.05200233e-02	5.95867252e-02	8.40932149e-02	6.59325969e-01
5638            	1.11685096e+00	-9.79378801e-03	5.27055881e-02	8.60554081e-02	6.60665366e-01
5639            	1.11761554e+00	-8.78163658e-03	4.42047988e-02	8.83084983e-02	6.63888842e-01
5640            	1.11833514e+00	-7.37950277e-03	3.34970542e-02	9.05521066e-02	6.67499493e-01
5641            	1.11872636e+00	-5.67543261e-03	2.13861280e-02	9.24719633e-02	6.67832374e-01
5642            	1.11868512e+00	-3.83380731e-03	8.98542689e-03	9.38575367e-02	6.64089319e-01
5643            	1.11833389e+00	-1.94595729e-03	-3.10474222e-03	9.46011072e-02	6.56216225e-01
5644            	1.11784900e+00	-2.40595724e-04	-1.33540028e-02	9.46297187e-02	6.46237477e-01
5645            	1.11723270e+00	1.36271036e-03	-2.22392424e-02	9.39698519e-02	6.33957185e-01
5646            	1.11649856e+00	2.50524767e-03	-2.75789640e-02	9.27010807e-02	6.20420324e-01
5647            	1.11584340e+00	3.08435218e-03	-2.91388588e-02	9.08851546e-02	6.05989857e-01
5648            	1.11558561e+00	3.12363290e-03	-2.77696548e-02	8.86462125e-02	5.92944206e-01
5649            	1.11573809e+00	2.95905637e-03	-2.57480999e-02	8.62549286e-02	5.82168111e-01
5650            	1.11601273e+00	2.65082741e-03	-2.28560246e-02	8.40498964e-02	5.73446941e-01
5651            	1.11610673e+00	2.21451584e-03	-1.85064984e-02	8.23199852e-02	5.67015889e-01
5652            	1.11604903e+00	1.62807662e-03	-1.25803124e-02	8.12117517e-02	5.63387495e-01
5653            	1.11617155e+00	8.04021787e-04	-5.04417817e-03	8.07389905e-02	5.63312207e-01
5654            	1.11666719e+00	-2.18489720e-04	3.25685296e-03	8.09026770e-02	5.68066204e-01
5655            	1.11735306e+00	-1.34157961e-03	1.15143124e-02	8.17283183e-02	5.78099492e-01
5656            	1.11784912e+00	-2.74072390e-03	2.10046425e-02	8.32063991e-02	5.92938026e-01
5657            	1.11797972e+00	-4.37931287e-03	3.16164082e-02	8.52651945e-02	6.12553285e-01
5658            	1.11787521e+00	-6.12939802e-03	4.25413388e-02	8.76911722e-02	6.34783475e-01
5659            	1.11778295e+00	-7.86276951e-03	5.29302571e-02	9.02288079e-02	6.59757693e-01
5660            	1.11775873e+00	-9.26430328e-03	6.08874284e-02	9.25237480e-02	6.84349763e-01
5661            	1.11773683e+00	-1.02931323e-02	6.62933549e-02	9.43045962e-02	7.05512425e-01
5662            	1.11763485e+00	-1.09204545e-02	6.90547848e-02	9.54339165e-02	7.20299861e-01
5663            	1.11734002e+00	-1.11160783e-02	6.90060413e-02	9.58339534e-02	7.28699857e-01
5664            	1.11677508e+00	-1.09219909e-02	6.65343698e-02	9.55025455e-02	7.30479898e-01
5665            	1.11600533e+00	-1.06235293e-02	6.36524430e-02	9.44666619e-02	7.26303672e-01
5666            	1.11531374e+00	-1.03198586e-02	6.08689148e-02	9.27663063e-02	7.16682290e-01
5667            	1.11519896e+00	-1.00020959e-02	5.75060157e-02	9.05112732e-02	7.02168904e-01
5668            	1.11587795e+00	-9.39473489e-03	5.14392668e-02	8.79821144e-02	6.84434193e-01
5669            	1.11697316e+00	-8.27943059e-03	4.17426721e-02	8.55016584e-02	6.65192734e-01
5670            	1.11776651e+00	-6.60389909e-03	2.91469360e-02	8.33448595e-02	6.44685927e-01
5671            	1.11781222e+00	-4.82859560e-03	1.71261352e-02	8.16908823e-02	6.23188782e-01
5672            	1.11731475e+00	-3.09921453e-03	6.25447386e-03	8.06745829e-02	6.02317872e-01
5673            	1.11680581e+00	-1.49304184e-03	-3.56688877e-03	8.03227569e-02	5.83147842e-01
5674            	1.11663459e+00	1.75908885e-04	-1.39043924e-02	8.06689120e-02	5.68656099e-01
5675            	1.11679174e+00	1.80232689e-03	-2.41037784e-02	8.17352391e-02	5.59130770e-01
5676            	1.11703157e+00	3.02043336e-03	-3.14650566e-02	8.34777427e-02	5.55752673e-01
5677            	1.11718891e+00	3.60626576e-03	-3.43202448e-02	8.57123778e-02	5.58868679e-01
5678            	1.11721514e+00	3.65812344e-03	-3.34449426e-02	8.81685067e-02	5.67999001e-01
5679            	1.11712280e+00	3.46294151e-03	-3.07598972e-02	9.05276040e-02	5.80489050e-01
5680            	1.11702336e+00	3.11421342e-03	-2.68450881e-02	9.25210656e-02	5.94663218e-01
5681            	1.11704403e+00	2.69360781e-03	-2.23214889e-02	9.39628448e-02	6.08095222e-01
5682            	1.11724449e+00	2.08635350e-03	-1.64945996e-02	9.47276287e-02	6.19706809e-01
5683            	1.11752891e+00	1.26426159e-03	-9.15133895e-03	9.47666277e-02	6.29251573e-01
5684            	1.11762469e+00	2.87757153e-04	-5.92071599e-04	9.41302222e-02	6.37824184e-01
5685            	1.11733956e+00	-9.85578764e-04	9.94451446e-03	9.28941634e-02	6.44583688e-01
5686            	1.11687523e+00	-2.74626441e-03	2.29499893e-02	9.11260296e-02	6.49798003e-01
5687            	1.11665441e+00	-4.71068192e-03	3.58406594e-02	8.89852366e-02	6.53288806e-01
5688            	1.11682086e+00	-6.68689054e-03	4.75366079e-02	8.67696897e-02	6.55199647e-01
5689            	1.11705367e+00	-8.39505330e-03	5.71032983e-02	8.47681170e-02	6.57519654e-01
5690            	1.11699390e+00	-9.71282829e-03	6.45043308e-02	8.31687044e-02	6.59470265e-01
5691            	1.11665338e+00	-1.06700688e-02	6.99191625e-02	8.21174583e-02	6.60361724e-01
5692            	1.11628925e+00	-1.12754211e-02	7.28660799e-02	8.16849757e-02	6.60197703e-01
5693            	1.11608632e+00	-1.13516634e-02	7.17295549e-02	8.19009362e-02	6.59636077e-01
5694            	1.11608653e+00	-1.10823986e-02	6.77310377e-02	8.27729170e-02	6.58907267e-01
5695            	1.11623795e+00	-1.07003524e-02	6.27950763e-02	8.42459307e-02	6.59589767e-01
5696            	1.11654989e+00	-1.02225536e-02	5.74009124e-02	8.62216468e-02	6.61894471e-01
5697            	1.11710432e+00	-9.51453519e-03	5.07060448e-02	8.84828766e-02	6.65655553e-01
5698            	1.11783206e+00	-8.57681894e-03	4.26773660e-02	9.07359174e-02	6.69409751e-01
5699            	1.11849259e+00	-7.25329788e-03	3.25510638e-02	9.26438264e-02	6.71911941e-01
5700            	1.11882661e+00	-5.57622938e-03	2.07406816e-02	9.39611670e-02	6.70081374e-01
5701            	1.11870868e+00	-3.77146845e-03	8.75428019e-03	9.45982264e-02	6.64025002e-01
5702            	1.11824890e+00	-2.00017464e-03	-2.39532026e-03	9.45376079e-02	6.53636733e-01
5703            	1.11756503e+00	-3.09917421e-04	-1.22821780e-02	9.37981094e-02	6.40473085e-01
5704            	1.11675444e+00	1.30245969e-03	-2.10211151e-02	9.24871086e-02	6.25719295e-01
5705            	1.11602840e+00	2.51852225e-03	-2.69749180e-02	9.07019137e-02	6.09881022e-01
5706            	1.11577751e+00	3.17080608e-03	-2.98046362e-02	8.85322627e-02	5.93794419e-01
5707            	1.11600521e+00	3.32423145e-03	-3.00616889e-02	8.61885887e-02	5.79744066e-01
5708            	1.11632315e+00	3.27810061e-03	-2.90988227e-02	8.39784800e-02	5.68890254e-01
5709            	1.11631256e+00	3.00980605e-03	-2.59708427e-02	8.21718044e-02	5.61088081e-01
5710            	1.11603387e+00	2.50336421e-03	-2.05570763e-02	8.09588253e-02	5.56614256e-01
5711            	1.11585646e+00	1.82029377e-03	-1.38100907e-02	8.04112822e-02	5.55496709e-01
5712            	1.11613625e+00	1.05203856e-03	-6.94273359e-03	8.05256421e-02	5.58455679e-01
5713            	1.11686187e+00	3.01835614e-04	-8.52188494e-04	8.13301174e-02	5.66478016e-01
5714            	1.11766630e+00	-5.64104708e-04	5.56867392e-03	8.28294777e-02	5.80181743e-01
5715            	1.11814335e+00	-1.77529193e-03	1.40281754e-02	8.49863319e-02	5.98430057e-01
5716            	1.11820592e+00	-3.35927856e-03	2.45748597e-02	8.75552567e-02	6.20592850e-01
5717            	1.11809052e+00	-5.18729238e-03	3.61559543e-02	9.02267344e-02	6.44629822e-01
5718            	1.11796214e+00	-7.01059154e-03	4.72622373e-02	9.26700012e-02	6.69579106e-01
5719            	1.11787663e+00	-8.51343447e-03	5.60061315e-02	9.45566352e-02	6.92523634e-01
5720            	1.11774764e+00	-9.61288642e-03	6.20650424e-02	9.57124006e-02	7.11005968e-01
5721            	1.11751456e+00	-1.03319261e-02	6.56533471e-02	9.60966453e-02	7.22272890e-01
5722            	1.11704123e+00	-1.06460850e-02	6.66810154e-02	9.57469680e-02	7.26939678e-01
5723            	1.11628289e+00	-1.06117350e-02	6.55922286e-02	9.47359214e-02	7.25197856e-01
5724            	1.11543421e+00	-1.04115099e-02	6.34825891e-02	9.31245712e-02	7.17532174e-01
5725            	1.11502038e+00	-1.02120336e-02	6.08569350e-02	9.09554108e-02	7.04762221e-01
5726            	1.11540192e+00	-9.86130149e-03	5.63825013e-02	8.84635040e-02	6.88084766e-01
5727            	1.11636979e+00	-9.15872209e-03	4.91548508e-02	8.59846608e-02	6.69179155e-01
5728            	1.11731100e+00	-7.94148974e-03	3.90904280e-02	8.37911570e-02	6.49805962e-01
5729            	1.11769333e+00	-6.43563415e-03	2.82994167e-02	8.20350922e-02	6.30412483e-01
5730            	1.11749222e+00	-4.82220987e-03	1.77451223e-02	8.08410835e-02	6.11084755e-01
5731            	1.11707069e+00	-3.19594322e-03	7.38135740e-03	8.02877038e-02	5.92812918e-01
5732            	1.11682567e+00	-1.52626991e-03	-3.37350158e-03	8.04482265e-02	5.76716991e-01
5733            	1.11686809e+00	2.74790392e-04	-1.50582563e-02	8.13386782e-02	5.66070798e-01
5734            	1.11705134e+00	2.04592755e-03	-2.63349006e-02	8.29913003e-02	5.61030646e-01
5735            	1.11720202e+00	3.30064878e-03	-3.38445362e-02	8.52369553e-02	5.61699968e-01
5736            	1.11728513e+00	3.91371895e-03	-3.68658565e-02	8.77538202e-02	5.67220071e-01
5737            	1.11726165e+00	3.99759073e-03	-3.62271499e-02	9.01754271e-02	5.77155386e-01
5738            	1.11713550e+00	3.82439025e-03	-3.36348808e-02	9.21945349e-02	5.89473375e-01
5739            	1.11698648e+00	3.51176026e-03	-2.98642118e-02	9.36293184e-02	6.02127118e-01
5740            	1.11692647e+00	3.07257314e-03	-2.50747797e-02	9.43958884e-02	6.13140168e-01
5741            	1.11698027e+00	2.43541557e-03	-1.88256313e-02	9.44619447e-02	6.21639421e-01
5742            	1.11699870e+00	1.69736056e-03	-1.16789072e-02	9.38628094e-02	6.28177689e-01
5743            	1.11688032e+00	8.68953682e-04	-3.80085261e-03	9.26933087e-02	6.34041704e-01
5744            	1.11671518e+00	-2.63333023e-04	5.65304982e-03	9.10506672e-02	6.38535661e-01
5745            	1.11672995e+00	-1.84575248e-03	1.68208300e-02	8.90752624e-02	6.41588615e-01
5746            	1.11697236e+00	-3.71836290e-03	2.85486413e-02	8.69929797e-02	6.43544045e-01
5747            	1.11716688e+00	-5.61405301e-03	3.98199557e-02	8.50972385e-02	6.44935641e-01
5748            	1.11705527e+00	-7.40934735e-03	5.06383617e-02	8.35765451e-02	6.47717237e-01
5749            	1.11668010e+00	-8.80735105e-03	5.91442387e-02	8.25174902e-02	6.50998083e-01
5750            	1.11631282e+00	-9.92629353e-03	6.56870227e-02	8.19926826e-02	6.53740892e-01
5751            	1.11616339e+00	-1.05973910e-02	6.86959526e-02	8.20913951e-02	6.55319054e-01
5752            	1.11621190e+00	-1.07401828e-02	6.75619956e-02	8.28676137e-02	6.57206975e-01
5753            	1.11631684e+00	-1.05044984e-02	6.36315889e-02	8.43214112e-02	6.59614113e-01
5754            	1.11645368e+00	-1.01381711e-02	5.89220261e-02	8.63334409e-02	6.63517006e-01
5755            	1.11675801e+00	-9.67055600e-03	5.36957465e-02	8.86348280e-02	6.68216110e-01
5756            	1.11727746e+00	-9.11400025e-03	4.79971159e-02	9.09248706e-02	6.72698893e-01
5757            	1.11790643e+00	-8.31420647e-03	4.09433419e-02	9.28709182e-02	6.75320676e-01
5758            	1.11846705e+00	-7.11297026e-03	3.17468107e-02	9.42016004e-02	6.75684073e-01
5759            	1.11870962e+00	-5.47243115e-03	2.03542745e-02	9.47855210e-02	6.71627821e-01
5760            	1.11850952e+00	-3.72603617e-03	8.93376504e-03	9.46120246e-02	6.62974739e-01
5761            	1.11790324e+00	-2.07396125e-03	-1.16301664e-03	9.37710682e-02	6.49906304e-01
5762            	1.11703499e+00	-4.45764563e-04	-1.04401379e-02	9.23577725e-02	6.33598133e-01
5763            	1.11621745e+00	1.11177271e-03	-1.89311770e-02	9.05049990e-02	6.16596229e-01
5764            	1.11587959e+00	2.41173389e-03	-2.62107400e-02	8.83446124e-02	5.98858626e-01
5765            	1.11610416e+00	3.22963831e-03	-3.10133591e-02	8.60525265e-02	5.81854273e-01
5766            	1.11650958e+00	3.55796740e-03	-3.27498376e-02	8.38873368e-02	5.67531778e-01
5767            	1.11658791e+00	3.53251359e-03	-3.14721862e-02	8.20788276e-02	5.57442688e-01
5768            	1.11625004e+00	3.23750309e-03	-2.75783726e-02	8.07963213e-02	5.51136118e-01
5769            	1.11584326e+00	2.69772180e-03	-2.17294150e-02	8.01435721e-02	5.49067531e-01
5770            	1.11583665e+00	2.02830543e-03	-1.53772169e-02	8.01635273e-02	5.50714419e-01
5771            	1.11634764e+00	1.42310345e-03	-1.00673503e-02	8.08964912e-02	5.56779831e-01
5772            	1.11717194e+00	9.05741058e-04	-5.73868037e-03	8.23530426e-02	5.68148292e-01
5773            	1.11792248e+00	2.55254303e-04	-5.74391310e-04	8.45253896e-02	5.85526790e-01
5774            	1.11833053e+00	-7.93865497e-04	7.11833093e-03	8.71976878e-02	6.06530245e-01
5775            	1.11842607e+00	-2.41165462e-03	1.80586290e-02	9.00304873e-02	6.30256141e-01
5776            	1.11832771e+00	-4.26815802e-03	2.99700868e-02	9.26390234e-02	6.54758979e-01
5777            	1.11816164e+00	-6.17596959e-03	4.17760959e-02	9.47021355e-02	6.78010276e-01
5778            	1.11795426e+00	-7.71359260e-03	5.09605911e-02	9.59980581e-02	6.98180667e-01
5779            	1.11769900e+00	-8.95365406e-03	5.81567494e-02	9.64310894e-02	7.13038846e-01
5780            	1.11728582e+00	-9.80439023e-03	6.29026938e-02	9.60627249e-02	7.20562801e-01
5781            	1.11661149e+00	-1.02554726e-02	6.51664482e-02	9.50247062e-02	7.21629120e-01
5782            	1.11577984e+00	-1.03507472e-02	6.50958943e-02	9.34288773e-02	7.16816878e-01
5783            	1.11520731e+00	-1.03271169e-02	6.36784231e-02	9.13350854e-02	7.05911844e-01
5784            	1.11531114e+00	-1.01684207e-02	6.04556451e-02	8.89248725e-02	6.90829046e-01
5785            	1.11601130e+00	-9.71552352e-03	5.47327948e-02	8.64821742e-02	6.73134115e-01
5786            	1.11683162e+00	-8.91547442e-03	4.70901936e-02	8.42907976e-02	6.54248556e-01
5787            	1.11732791e+00	-7.86675486e-03	3.88334484e-02	8.25030175e-02	6.35384901e-01
5788            	1.11741692e+00	-6.53255677e-03	2.96333391e-02	8.12127555e-02	6.18028907e-01
5789            	1.11728090e+00	-5.00188670e-03	1.95095745e-02	8.04785373e-02	6.01212774e-01
5790            	1.11716629e+00	-3.40886593e-03	8.87169577e-03	8.04255552e-02	5.86287424e-01
5791            	1.11717287e+00	-1.60932792e-03	-3.23774903e-03	8.11187541e-02	5.73917779e-01
5792            	1.11725408e+00	2.63777441e-04	-1.55747041e-02	8.25835575e-02	5.67450323e-01
5793            	1.11732955e+00	2.08582807e-03	-2.70956163e-02	8.47256711e-02	5.66465077e-01
5794            	1.11738008e+00	3.37859619e-03	-3.48137221e-02	8.72557203e-02	5.70296824e-01
5795            	1.11740592e+00	4.00749122e-03	-3.79770258e-02	8.97617975e-02	5.77044853e-01
5796            	1.11735086e+00	4.06809100e-03	-3.71693911e-02	9.18694714e-02	5.86532290e-01
5797            	1.11719897e+00	3.95080050e-03	-3.48614238e-02	9.33500260e-02	5.97532402e-01
5798            	1.11697769e+00	3.66388272e-03	-3.11212900e-02	9.41072741e-02	6.07841939e-01
5799            	1.11677983e+00	3.18634049e-03	-2.58583535e-02	9.41583615e-02	6.15965425e-01
5800            	1.11656985e+00	2.57914943e-03	-1.94790787e-02	9.35589395e-02	6.21438701e-01
5801            	1.11635345e+00	1.94013594e-03	-1.27048589e-02	9.24023732e-02	6.25300731e-01
5802            	1.11628048e+00	1.18362755e-03	-5.41801607e-03	9.08087866e-02	6.28664616e-01
5803            	1.11655024e+00	1.74485287e-04	2.56407504e-03	8.89334423e-02	6.31221107e-01
5804            	1.11703537e+00	-1.24808349e-03	1.20833100e-02	8.70005133e-02	6.32576647e-01
5805            	1.11735894e+00	-2.98874702e-03	2.30056194e-02	8.52485266e-02	6.34417968e-01
5806            	1.11723874e+00	-4.88554261e-03	3.49706124e-02	8.38438414e-02	6.36367308e-01
5807            	1.11678715e+00	-6.72679517e-03	4.67286467e-02	8.28805818e-02	6.40153962e-01
5808            	1.11636260e+00	-8.28145366e-03	5.63828773e-02	8.23645501e-02	6.44784917e-01
5809            	1.11618547e+00	-9.46563216e-03	6.30093851e-02	8.23774141e-02	6.49533784e-01
5810            	1.11626290e+00	-1.01240404e-02	6.54909424e-02	8.30369262e-02	6.53675017e-01
5811            	1.11641297e+00	-1.03207931e-02	6.45414669e-02	8.43920248e-02	6.58594225e-01
5812            	1.11652949e+00	-1.01573590e-02	6.12088070e-02	8.63792974e-02	6.64098680e-01
5813            	1.11666131e+00	-9.88259513e-03	5.72249448e-02	8.87303881e-02	6.70071891e-01
5814            	1.11694858e+00	-9.46516929e-03	5.23322040e-02	9.10946637e-02	6.76044886e-01
5815            	1.11739005e+00	-8.92635727e-03	4.67989311e-02	9.31170060e-02	6.80112694e-01
5816            	1.11789049e+00	-8.17142848e-03	4.01880484e-02	9.45136485e-02	6.80738920e-01
5817            	1.11828355e+00	-7.01435886e-03	3.14865619e-02	9.51217097e-02	6.78195473e-01
5818            	1.11839145e+00	-5.44201413e-03	2.07343186e-02	9.48960861e-02	6.71477822e-01
5819            	1.11805745e+00	-3.86278815e-03	1.06693723e-02	9.39338165e-02	6.60133447e-01
5820            	1.11730235e+00	-2.25582643e-03	1.09671441e-03	9.23954641e-02	6.44578581e-01
5821            	1.11641744e+00	-6.87790198e-04	-7.87103486e-03	9.04233839e-02	6.25932880e-01
5822            	1.11595554e+00	8.76567888e-04	-1.71630951e-02	8.81608175e-02	6.07153095e-01
5823            	1.11609290e+00	2.31401940e-03	-2.62673855e-02	8.58490094e-02	5.88474443e-01
5824            	1.11650366e+00	3.28601678e-03	-3.24777859e-02	8.37291235e-02	5.71575774e-01
5825            	1.11667427e+00	3.71031679e-03	-3.44483233e-02	8.19678460e-02	5.57900774e-01
5826            	1.11641907e+00	3.65965455e-03	-3.23982822e-02	8.06855821e-02	5.49339878e-01
5827            	1.11596127e+00	3.33074866e-03	-2.80538490e-02	7.99654171e-02	5.45254182e-01
5828            	1.11573547e+00	2.79109068e-03	-2.24972236e-02	7.98730547e-02	5.45635680e-01
5829            	1.11598697e+00	2.26651808e-03	-1.75997374e-02	8.04955114e-02	5.50228075e-01
5830            	1.11661438e+00	1.87927970e-03	-1.40071218e-02	8.18619353e-02	5.59611626e-01
5831            	1.11734960e+00	1.54409477e-03	-1.07539916e-02	8.39758463e-02	5.74502651e-01
5832            	1.11796609e+00	1.00968089e-03	-6.08733287e-03	8.66659262e-02	5.94805330e-01
5833            	1.11837311e+00	2.81432682e-05	1.30674701e-03	8.96090727e-02	6.17649496e-01
5834            	1.11851104e+00	-1.54955580e-03	1.21357540e-02	9.24077175e-02	6.42025459e-01
5835            	1.11842740e+00	-3.41784111e-03	2.43212487e-02	9.46702356e-02	6.65345534e-01
5836            	1.11820000e+00	-5.32943648e-03	3.63916340e-02	9.61653891e-02	6.85360807e-01
5837            	1.11789411e+00	-7.02155067e-03	4.68260578e-02	9.67579290e-02	7.01797925e-01
5838            	1.11745246e+00	-8.35917293e-03	5.49636116e-02	9.64539127e-02	7.12610538e-01
5839            	1.11679666e+00	-9.30559908e-03	6.06819221e-02	9.53963429e-02	7.16757361e-01
5840            	1.11601500e+00	-9.96140172e-03	6.44710231e-02	9.37611895e-02	7.14537684e-01
5841            	1.11546715e+00	-1.03079792e-02	6.56479491e-02	9.16636744e-02	7.06424368e-01
5842            	1.11546035e+00	-1.03733460e-02	6.39818049e-02	8.93109759e-02	6.93090659e-01
5843            	1.11594198e+00	-1.01530614e-02	5.97488746e-02	8.69364947e-02	6.77133456e-01
5844            	1.11654163e+00	-9.61265821e-03	5.36107345e-02	8.47836461e-02	6.59643106e-01
5845            	1.11691851e+00	-8.88522121e-03	4.71555321e-02	8.30080371e-02	6.41463966e-01
5846            	1.11705661e+00	-8.01306058e-03	4.05759584e-02	8.16905255e-02	6.23865108e-01
5847            	1.11714899e+00	-6.87671095e-03	3.26041404e-02	8.08658561e-02	6.08629734e-01
5848            	1.11732294e+00	-5.41728525e-03	2.24621668e-02	8.06359541e-02	5.95101663e-01
5849            	1.11750864e+00	-3.72095782e-03	1.06570467e-02	8.11004089e-02	5.83826991e-01
5850            	1.11760175e+00	-1.82954774e-03	-2.24562086e-03	8.23527339e-02	5.75962420e-01
5851            	1.11759615e+00	8.35669790e-05	-1.47738317e-02	8.43132743e-02	5.73276518e-01
5852            	1.11758791e+00	1.84530346e-03	-2.58889256e-02	8.67484894e-02	5.75571563e-01
5853            	1.11758361e+00	3.11054285e-03	-3.34772740e-02	8.92847651e-02	5.80948832e-01
5854            	1.11755404e+00	3.81390785e-03	-3.71209501e-02	9.14933105e-02	5.87485077e-01
5855            	1.11746646e+00	3.95418298e-03	-3.67564125e-02	9.30694209e-02	5.95365781e-01
5856            	1.11727123e+00	3.90029070e-03	-3.47371528e-02	9.38778942e-02	6.04050585e-01
5857            	1.11695738e+00	3.55885779e-03	-3.04600118e-02	9.39151366e-02	6.11244565e-01
5858            	1.11653156e+00	3.04342920e-03	-2.46456090e-02	9.32790034e-02	6.16365581e-01
5859            	1.11607861e+00	2.51502174e-03	-1.85182751e-02	9.20984562e-02	6.19209870e-01
5860            	1.11585008e+00	2.01925730e-03	-1.27719208e-02	9.04996183e-02	6.20791237e-01
5861            	1.11616471e+00	1.41587267e-03	-7.16248773e-03	8.86511005e-02	6.21905863e-01
5862            	1.11690029e+00	5.75199723e-04	-9.48691928e-04	8.67922381e-02	6.23053623e-01
5863            	1.11753253e+00	-7.73948291e-04	8.09057989e-03	8.51731674e-02	6.24126496e-01
5864            	1.11758878e+00	-2.50767781e-03	1.96628231e-02	8.39229710e-02	6.26566061e-01
5865            	1.11714961e+00	-4.43629528e-03	3.25135337e-02	8.30850890e-02	6.29827824e-01
5866            	1.11662424e+00	-6.34566760e-03	4.48852951e-02	8.26772157e-02	6.34885205e-01
5867            	1.11636114e+00	-7.94939530e-03	5.45513074e-02	8.27185847e-02	6.41218612e-01
5868            	1.11639376e+00	-9.14231881e-03	6.07851690e-02	8.32996272e-02	6.48401033e-01
5869            	1.11657233e+00	-9.88798390e-03	6.36494605e-02	8.45306567e-02	6.55483073e-01
5870            	1.11673393e+00	-1.01853270e-02	6.34739353e-02	8.64206784e-02	6.63401255e-01
5871            	1.11684351e+00	-1.01204114e-02	6.09417724e-02	8.87568479e-02	6.71410634e-01
5872            	1.11697804e+00	-9.87718639e-03	5.71875779e-02	9.11971938e-02	6.78693695e-01
5873            	1.11719399e+00	-9.48242714e-03	5.24905416e-02	9.33330540e-02	6.84389993e-01
5874            	1.11749405e+00	-8.96098189e-03	4.72001299e-02	9.48327233e-02	6.86426381e-01
5875            	1.11780511e+00	-8.20359059e-03	4.08219902e-02	9.55237445e-02	6.84207955e-01
5876            	1.11801941e+00	-7.09364919e-03	3.26762055e-02	9.53385244e-02	6.78615672e-01
5877            	1.11794672e+00	-5.66382963e-03	2.31298749e-02	9.43336876e-02	6.69224293e-01
5878            	1.11745092e+00	-4.17770199e-03	1.39266809e-02	9.26612583e-02	6.55079325e-01
5879            	1.11666167e+00	-2.64782547e-03	4.81237574e-03	9.05266256e-02	6.37334979e-01
5880            	1.11611875e+00	-1.08307690e-03	-4.86199462e-03	8.81182152e-02	6.16896421e-01
5881            	1.11614834e+00	5.21660854e-04	-1.53742382e-02	8.56796442e-02	5.97320470e-01
5882            	1.11650699e+00	2.07376646e-03	-2.56628924e-02	8.35067671e-02	5.79072413e-01
5883            	1.11667119e+00	3.16594475e-03	-3.23179444e-02	8.17660864e-02	5.63330184e-01
5884            	1.11645077e+00	3.57494177e-03	-3.35721212e-02	8.05175596e-02	5.51265084e-01
5885            	1.11603329e+00	3.48790412e-03	-3.10405343e-02	7.98029990e-02	5.44742200e-01
5886            	1.11575511e+00	3.16449220e-03	-2.70181916e-02	7.96446106e-02	5.43182318e-01
5887            	1.11583993e+00	2.72317884e-03	-2.26545487e-02	8.01470424e-02	5.46476401e-01
5888            	1.11624558e+00	2.45162596e-03	-1.97672455e-02	8.13935509e-02	5.54584798e-01
5889            	1.11679743e+00	2.29382250e-03	-1.76179931e-02	8.34138063e-02	5.67795235e-01
5890            	1.11734861e+00	2.07347658e-03	-1.48629582e-02	8.60583719e-02	5.85820458e-01
5891            	1.11788729e+00	1.57641904e-03	-1.03198394e-02	8.90344757e-02	6.07920358e-01
5892            	1.11831407e+00	5.93329813e-04	-2.80895889e-03	9.19584340e-02	6.31583757e-01
5893            	1.11847355e+00	-9.02188632e-04	7.65743223e-03	9.44353733e-02	6.54769626e-01
5894            	1.11835805e+00	-2.70895379e-03	1.96896379e-02	9.61561188e-02	6.75422759e-01
5895            	1.11802702e+00	-4.57022079e-03	3.16983796e-02	9.69629569e-02	6.91438718e-01
5896            	1.11754637e+00	-6.35736717e-03	4.30850904e-02	9.68350205e-02	7.03615366e-01
5897            	1.11686710e+00	-7.83181155e-03	5.24782232e-02	9.58433515e-02	7.10546215e-01
5898            	1.11607653e+00	-9.00999770e-03	5.99127696e-02	9.41794014e-02	7.11497253e-01
5899            	1.11554167e+00	-9.84813621e-03	6.45520646e-02	9.20391779e-02	7.05869325e-01
5900            	1.11553500e+00	-1.03006500e-02	6.56271186e-02	8.96655074e-02	6.95384908e-01
5901            	1.11596772e+00	-1.03015936e-02	6.29421850e-02	8.73221070e-02	6.81104583e-01
5902            	1.11641421e+00	-1.00632793e-02	5.87133270e-02	8.52248408e-02	6.65395781e-01
5903            	1.11659750e+00	-9.63147637e-03	5.39889032e-02	8.34865658e-02	6.48722172e-01
5904            	1.11658138e+00	-9.16725554e-03	4.98329855e-02	8.21773706e-02	6.31768279e-01
5905            	1.11665113e+00	-8.48043566e-03	4.44865164e-02	8.13278834e-02	6.16051030e-01
5906            	1.11698837e+00	-7.35499714e-03	3.61299157e-02	8.10066633e-02	6.03781545e-01
5907            	1.11746772e+00	-5.85341546e-03	2.52096939e-02	8.12972475e-02	5.93759202e-01
5908            	1.11779006e+00	-4.09674272e-03	1.28101400e-02	8.23055834e-02	5.86784728e-01
5909            	1.11785425e+00	-2.27585681e-03	4.42707872e-04	8.40578466e-02	5.83330991e-01
5910            	1.11779605e+00	-4.60590364e-04	-1.14380554e-02	8.63250942e-02	5.83579786e-01
5911            	1.11773576e+00	1.24379440e-03	-2.22268156e-02	8.87728262e-02	5.87658003e-01
5912            	1.11766329e+00	2.61586774e-03	-3.05298632e-02	9.10187723e-02	5.92806611e-01
5913            	1.11758952e+00	3.39207231e-03	-3.46017258e-02	9.27091101e-02	5.98090987e-01
5914            	1.11745263e+00	3.64243237e-03	-3.48358484e-02	9.36347400e-02	6.03562104e-01
5915            	1.11718140e+00	3.58763105e-03	-3.26401921e-02	9.37352894e-02	6.08967507e-01
5916            	1.11670439e+00	3.27358131e-03	-2.82807971e-02	9.30850466e-02	6.12689971e-01
5917            	1.11609338e+00	2.80080303e-03	-2.25516985e-02	9.18533690e-02	6.14928916e-01
5918            	1.11563186e+00	2.40345831e-03	-1.73713268e-02	9.02120278e-02	6.15485529e-01
5919            	1.11574965e+00	2.04197746e-03	-1.31600158e-02	8.83389960e-02	6.15059332e-01
5920            	1.11647282e+00	1.64497634e-03	-9.58995136e-03	8.64796963e-02	6.14567227e-01
5921            	1.11734620e+00	8.74203049e-04	-3.92312681e-03	8.49054838e-02	6.15356165e-01
5922            	1.11773726e+00	-3.48414234e-04	4.92040975e-03	8.37729048e-02	6.17208458e-01
5923            	1.11752384e+00	-2.12126552e-03	1.74446879e-02	8.30925472e-02	6.20757320e-01
5924            	1.11702511e+00	-4.04715222e-03	3.05311495e-02	8.28224393e-02	6.25621146e-01
5925            	1.11668838e+00	-6.03504699e-03	4.31520618e-02	8.29740760e-02	6.32011686e-01
5926            	1.11665781e+00	-7.67754910e-03	5.26258368e-02	8.35958229e-02	6.40415074e-01
5927            	1.11678763e+00	-8.92066007e-03	5.89719924e-02	8.47654439e-02	6.50508759e-01
5928            	1.11695690e+00	-9.72894499e-03	6.23487194e-02	8.65486719e-02	6.60727017e-01
5929            	1.11709470e+00	-1.01641885e-02	6.32667077e-02	8.88043491e-02	6.71084801e-01
5930            	1.11724431e+00	-1.02262679e-02	6.16145817e-02	9.12409415e-02	6.80752994e-01
5931            	1.11735367e+00	-1.00622471e-02	5.84269466e-02	9.34712465e-02	6.88250562e-01
5932            	1.11745597e+00	-9.74509129e-03	5.43546466e-02	9.51061264e-02	6.92187103e-01
5933            	1.11756842e+00	-9.24746761e-03	4.94726556e-02	9.59197029e-02	6.91311917e-01
5934            	1.11765876e+00	-8.47824218e-03	4.32958283e-02	9.58203335e-02	6.85892701e-01
5935            	1.11763639e+00	-7.42880525e-03	3.58410926e-02	9.48529998e-02	6.76899720e-01
5936            	1.11738392e+00	-6.22670223e-03	2.80520786e-02	9.31446862e-02	6.64859122e-01
5937            	1.11686789e+00	-4.84141270e-03	1.95085992e-02	9.08731363e-02	6.48502561e-01
5938            	1.11644389e+00	-3.37963363e-03	1.01632327e-02	8.82806100e-02	6.29123619e-01
5939            	1.11640929e+00	-1.71904211e-03	-1.08418254e-03	8.56766639e-02	6.07813223e-01
5940            	1.11666063e+00	-1.25742024e-05	-1.27505925e-02	8.33431754e-02	5.88356467e-01
5941            	1.11677765e+00	1.60440962e-03	-2.31890112e-02	8.15182223e-02	5.71468318e-01
5942            	1.11654717e+00	2.64280900e-03	-2.88855039e-02	8.02670325e-02	5.57914181e-01
5943            	1.11614542e+00	3.07407874e-03	-2.99917748e-02	7.95811489e-02	5.48126568e-01
5944            	1.11587401e+00	3.03447456e-03	-2.80209457e-02	7.94258827e-02	5.43641149e-01
5945            	1.11592347e+00	2.81999591e-03	-2.52754276e-02	7.98689046e-02	5.44931856e-01
5946            	1.11619805e+00	2.56971105e-03	-2.25938083e-02	8.09827441e-02	5.51587994e-01
5947            	1.11655157e+00	2.45439394e-03	-2.07349040e-02	8.28659855e-02	5.63560250e-01
5948            	1.11690490e+00	2.42093623e-03	-1.91474585e-02	8.54283726e-02	5.80215528e-01
5949            	1.11733358e+00	2.26578079e-03	-1.66755181e-02	8.83834023e-02	6.00435946e-01
5950            	1.11783406e+00	1.76380855e-03	-1.20231264e-02	9.13556942e-02	6.23047174e-01
5951            	1.11825240e+00	8.85345359e-04	-5.07260583e-03	9.39758597e-02	6.46045189e-01
5952            	1.11839194e+00	-5.25790374e-04	5.07347687e-03	9.59300167e-02	6.66503809e-01
5953            	1.11818787e+00	-2.23511443e-03	1.67684996e-02	9.69822667e-02	6.83399756e-01
5954            	1.11770258e+00	-4.17184700e-03	2.96237904e-02	9.70652448e-02	6.95083421e-01
5955            	1.11696981e+00	-6.04937157e-03	4.19967558e-02	9.62512878e-02	7.02843949e-01
5956            	1.11612762e+00	-7.59342355e-03	5.20611547e-02	9.46659884e-02	7.06009703e-01
5957            	1.11553196e+00	-8.91123384e-03	6.00938748e-02	9.25036156e-02	7.03820634e-01
5958            	1.11550679e+00	-9.89056260e-03	6.48813828e-02	9.00657005e-02	6.95750057e-01
5959            	1.11595331e+00	-1.03590489e-02	6.54508803e-02	8.76662811e-02	6.84157648e-01
5960            	1.11639849e+00	-1.03948821e-02	6.30656915e-02	8.55718330e-02	6.70226234e-01
5961            	1.11647133e+00	-1.02099554e-02	5.98521155e-02	8.38924897e-02	6.55209063e-01
5962            	1.11627271e+00	-9.91353848e-03	5.66135801e-02	8.26401651e-02	6.39897309e-01
5963            	1.11615425e+00	-9.48100856e-03	5.27472486e-02	8.18058002e-02	6.24971219e-01
5964            	1.11639119e+00	-8.77585669e-03	4.68894433e-02	8.14594179e-02	6.11956707e-01
5965            	1.11697029e+00	-7.74273591e-03	3.86407917e-02	8.16731778e-02	6.02842649e-01
5966            	1.11757200e+00	-6.21697587e-03	2.73348813e-02	8.25141347e-02	5.97001841e-01
5967            	1.11789598e+00	-4.51035116e-03	1.53154335e-02	8.40332493e-02	5.94456059e-01
5968            	1.11793575e+00	-2.69652264e-03	3.02432016e-03	8.60952905e-02	5.94680487e-01
5969            	1.11783443e+00	-9.54129861e-04	-8.42989702e-03	8.83914867e-02	5.96789470e-01
5970            	1.11770351e+00	6.74481371e-04	-1.87572263e-02	9.05523636e-02	6.01252209e-01
5971            	1.11758046e+00	2.06404569e-03	-2.71547039e-02	9.22741477e-02	6.05424952e-01
5972            	1.11742966e+00	2.98601756e-03	-3.20518652e-02	9.33118394e-02	6.08728609e-01
5973            	1.11720082e+00	3.36357672e-03	-3.29443742e-02	9.35236664e-02	6.10738664e-01
5974            	1.11679654e+00	3.32931601e-03	-3.06448095e-02	9.29371226e-02	6.12387667e-01
5975            	1.11617219e+00	3.04390808e-03	-2.62975615e-02	9.16895447e-02	6.12823190e-01
5976            	1.11554983e+00	2.70716175e-03	-2.15385486e-02	8.99829308e-02	6.12579941e-01
5977            	1.11542695e+00	2.46680472e-03	-1.80215927e-02	8.80384856e-02	6.11206643e-01
5978            	1.11595776e+00	2.25785142e-03	-1.55306457e-02	8.61288245e-02	6.09062913e-01
5979            	1.11679083e+00	1.91876600e-03	-1.25066906e-02	8.45315761e-02	6.07589651e-01
5980            	1.11738988e+00	1.25135972e-03	-6.97223889e-03	8.34349588e-02	6.09037331e-01
5981            	1.11749522e+00	1.11070531e-04	2.01012162e-03	8.28696272e-02	6.12239400e-01
5982            	1.11724457e+00	-1.58590973e-03	1.43402346e-02	8.27625938e-02	6.17236413e-01
5983            	1.11698714e+00	-3.57261597e-03	2.76175003e-02	8.30497438e-02	6.23585249e-01
5984            	1.11690968e+00	-5.55465647e-03	3.97925699e-02	8.37852868e-02	6.31512008e-01
5985            	1.11698041e+00	-7.20492234e-03	4.90927527e-02	8.50167165e-02	6.42686692e-01
5986            	1.11709370e+00	-8.50961420e-03	5.59096508e-02	8.67682843e-02	6.55699205e-01
5987            	1.11723674e+00	-9.45308334e-03	6.03666070e-02	8.89369006e-02	6.68473980e-01
5988            	1.11741955e+00	-1.00884189e-02	6.26755080e-02	9.13105024e-02	6.80259056e-01
5989            	1.11758474e+00	-1.03222157e-02	6.22225083e-02	9.35518829e-02	6.90442446e-01
5990            	1.11765834e+00	-1.02214902e-02	5.95524755e-02	9.53033834e-02	6.96713677e-01
5991            	1.11761095e+00	-9.96028706e-03	5.60804925e-02	9.62715699e-02	6.98095892e-01
5992            	1.11748993e+00	-9.48846251e-03	5.16506772e-02	9.62970179e-02	6.93774501e-01
5993            	1.11731088e+00	-8.82379950e-03	4.64741076e-02	9.54096946e-02	6.84740128e-01
5994            	1.11706981e+00	-8.01917609e-03	4.09201004e-02	9.37314799e-02	6.72471188e-01
5995            	1.11677491e+00	-6.96842227e-03	3.41706221e-02	9.14188319e-02	6.58057108e-01
5996            	1.11662423e+00	-5.66889139e-03	2.55649958e-02	8.86801797e-02	6.40186855e-01
5997            	1.11674244e+00	-4.10268641e-03	1.46173157e-02	8.58703851e-02	6.20097788e-01
5998            	1.11699907e+00	-2.38409437e-03	2.44211454e-03	8.33510087e-02	5.99264483e-01
5999            	1.11706350e+00	-6.85394439e-04	-8.97354372e-03	8.13532886e-02	5.80799788e-01
6000            	1.11678481e+00	8.82490831e-04	-1.85066736e-02	7.99947639e-02	5.66002620e-01
