# Force and moment coefficients
# dragDir       : (0.00000000e+00 0.00000000e+00 -1.00000000e+00)
# sideDir       : (-0.00000000e+00 1.00000000e+00 0.00000000e+00)
# liftDir       : (1.00000000e+00 0.00000000e+00 0.00000000e+00)
# rollAxis      : (0.00000000e+00 0.00000000e+00 -1.00000000e+00)
# pitchAxis     : (-0.00000000e+00 1.00000000e+00 0.00000000e+00)
# yawAxis       : (1.00000000e+00 0.00000000e+00 0.00000000e+00)
# magUInf       : 1.01700000e+02
# lRef          : 5.78100000e-02
# Aref          : 2.62480000e-03
# CofR          : (0.00000000e+00 0.00000000e+00 3.99000000e-01)
#
# Time          	Cd              	Cl              	CmPitch         	CmRoll          	CmYaw           
5001            	8.93101044e-01	1.16107243e-02	-7.36197446e-02	1.73066017e-02	9.43085090e-02
5002            	8.93057149e-01	1.15787386e-02	-7.34760992e-02	1.74041153e-02	9.87961084e-02
5003            	8.93030554e-01	1.16128036e-02	-7.37809662e-02	1.73110311e-02	1.02953407e-01
5004            	8.93001549e-01	1.16728118e-02	-7.42515720e-02	1.70614148e-02	1.06054320e-01
5005            	8.92985280e-01	1.16601572e-02	-7.42289413e-02	1.66896295e-02	1.07478396e-01
5006            	8.92969691e-01	1.15957994e-02	-7.38734071e-02	1.62338948e-02	1.07400034e-01
5007            	8.92946125e-01	1.14729472e-02	-7.31182406e-02	1.57259036e-02	1.06468556e-01
5008            	8.92932224e-01	1.13169793e-02	-7.21238982e-02	1.52016406e-02	1.05186008e-01
5009            	8.92960818e-01	1.11127998e-02	-7.08126127e-02	1.47206487e-02	1.04190155e-01
5010            	8.93008044e-01	1.08318922e-02	-6.90299329e-02	1.43555376e-02	1.03654583e-01
5011            	8.93047286e-01	1.05115475e-02	-6.70165371e-02	1.41179681e-02	1.03567049e-01
5012            	8.93072448e-01	1.01835341e-02	-6.49447145e-02	1.39837488e-02	1.04192740e-01
5013            	8.93108463e-01	9.94789386e-03	-6.34393619e-02	1.39554423e-02	1.05987936e-01
5014            	8.93153704e-01	9.87059771e-03	-6.29355089e-02	1.40317110e-02	1.08715893e-01
5015            	8.93217246e-01	9.92522331e-03	-6.32661135e-02	1.42086111e-02	1.11232586e-01
5016            	8.93255632e-01	1.00066192e-02	-6.37187379e-02	1.44556709e-02	1.12914038e-01
5017            	8.93252186e-01	1.01252103e-02	-6.43595203e-02	1.47182683e-02	1.13801495e-01
5018            	8.93220812e-01	1.03070897e-02	-6.53578782e-02	1.50407451e-02	1.14767996e-01
5019            	8.93165048e-01	1.05965713e-02	-6.70136782e-02	1.53988774e-02	1.15889602e-01
5020            	8.93074215e-01	1.08307581e-02	-6.82874828e-02	1.57277663e-02	1.16999764e-01
5021            	8.92995925e-01	1.09506085e-02	-6.88349684e-02	1.59639561e-02	1.17417239e-01
5022            	8.92946303e-01	1.09612682e-02	-6.87455366e-02	1.60827584e-02	1.16859367e-01
5023            	8.92914546e-01	1.09445969e-02	-6.85402019e-02	1.60623862e-02	1.15636187e-01
5024            	8.92879498e-01	1.09807891e-02	-6.87149232e-02	1.58875443e-02	1.13293984e-01
5025            	8.92859164e-01	1.10498973e-02	-6.91352382e-02	1.55931264e-02	1.09746773e-01
5026            	8.92855044e-01	1.10844305e-02	-6.93686584e-02	1.52027350e-02	1.04644312e-01
5027            	8.92880868e-01	1.10442799e-02	-6.91832778e-02	1.47961470e-02	9.81455649e-02
5028            	8.92904215e-01	1.10074826e-02	-6.90455798e-02	1.44870305e-02	9.10601068e-02
5029            	8.92937259e-01	1.11101693e-02	-6.97992650e-02	1.43735468e-02	8.51403996e-02
5030            	8.92983121e-01	1.13281781e-02	-7.13218983e-02	1.44651024e-02	8.09412088e-02
5031            	8.93046371e-01	1.15236201e-02	-7.27372246e-02	1.47323698e-02	7.84178223e-02
5032            	8.93111878e-01	1.15699133e-02	-7.32078827e-02	1.51250141e-02	7.73889421e-02
5033            	8.93168733e-01	1.14980404e-02	-7.29279756e-02	1.55732013e-02	7.81034392e-02
5034            	8.93215912e-01	1.14480805e-02	-7.27920401e-02	1.60181373e-02	8.09641922e-02
5035            	8.93236622e-01	1.15111780e-02	-7.33577909e-02	1.63929020e-02	8.53402363e-02
5036            	8.93224278e-01	1.15930512e-02	-7.39988122e-02	1.66633763e-02	9.04617458e-02
5037            	8.93189344e-01	1.16128342e-02	-7.41740604e-02	1.68697071e-02	9.57271657e-02
5038            	8.93137009e-01	1.15387568e-02	-7.36736439e-02	1.70167692e-02	1.00760071e-01
5039            	8.93075816e-01	1.14294583e-02	-7.28850294e-02	1.71029951e-02	1.05543648e-01
5040            	8.93000825e-01	1.13184552e-02	-7.20647898e-02	1.71121042e-02	1.10096172e-01
5041            	8.92945383e-01	1.11870975e-02	-7.11468300e-02	1.70280644e-02	1.14398120e-01
5042            	8.92920478e-01	1.10120791e-02	-7.00109459e-02	1.68389157e-02	1.18169273e-01
5043            	8.92935304e-01	1.07445548e-02	-6.83178162e-02	1.64963005e-02	1.20561224e-01
5044            	8.92955985e-01	1.04863479e-02	-6.66918877e-02	1.60006534e-02	1.21222445e-01
5045            	8.92969549e-01	1.02985737e-02	-6.54904011e-02	1.53560968e-02	1.20621927e-01
5046            	8.92988495e-01	1.02035074e-02	-6.48740947e-02	1.46245281e-02	1.19204046e-01
5047            	8.93022322e-01	1.01815460e-02	-6.47143094e-02	1.39302835e-02	1.16942800e-01
5048            	8.93051837e-01	1.01903448e-02	-6.47293048e-02	1.33872696e-02	1.13776704e-01
5049            	8.93086594e-01	1.02051197e-02	-6.47700714e-02	1.30615589e-02	1.10236248e-01
5050            	8.93121681e-01	1.02993837e-02	-6.53288943e-02	1.30010510e-02	1.07200889e-01
5051            	8.93171628e-01	1.05561696e-02	-6.69273656e-02	1.31998863e-02	1.05232991e-01
5052            	8.93210869e-01	1.07988187e-02	-6.84151642e-02	1.36101397e-02	1.04391124e-01
5053            	8.93222500e-01	1.08940702e-02	-6.89215347e-02	1.41284668e-02	1.04462869e-01
5054            	8.93202998e-01	1.08590064e-02	-6.85454150e-02	1.46369234e-02	1.04750752e-01
5055            	8.93163492e-01	1.08090065e-02	-6.80544091e-02	1.50789616e-02	1.05158771e-01
5056            	8.93075701e-01	1.08098937e-02	-6.78898386e-02	1.54490922e-02	1.05974970e-01
5057            	8.92978249e-01	1.08422710e-02	-6.79639524e-02	1.57648732e-02	1.06741870e-01
5058            	8.92904905e-01	1.08573861e-02	-6.79859140e-02	1.59844428e-02	1.07004454e-01
5059            	8.92893062e-01	1.08486018e-02	-6.79114343e-02	1.60970445e-02	1.05926474e-01
5060            	8.92893447e-01	1.08970154e-02	-6.82523367e-02	1.61391684e-02	1.03550735e-01
5061            	8.92894835e-01	1.10370492e-02	-6.91940578e-02	1.61399281e-02	1.00326300e-01
5062            	8.92892757e-01	1.12857594e-02	-7.08515570e-02	1.61116772e-02	9.70026585e-02
5063            	8.92904072e-01	1.15186182e-02	-7.24350088e-02	1.60417345e-02	9.36572416e-02
5064            	8.92927982e-01	1.16402988e-02	-7.33394622e-02	1.59085006e-02	8.97728575e-02
5065            	8.92976260e-01	1.15938450e-02	-7.31897440e-02	1.57168944e-02	8.54963006e-02
5066            	8.93011049e-01	1.15589648e-02	-7.31431664e-02	1.55277432e-02	8.21479677e-02
5067            	8.93052108e-01	1.15665164e-02	-7.33643623e-02	1.53796104e-02	8.05840931e-02
5068            	8.93090955e-01	1.15825876e-02	-7.36526508e-02	1.52960462e-02	8.06415486e-02
5069            	8.93140174e-01	1.15439962e-02	-7.35858945e-02	1.53346039e-02	8.22967896e-02
5070            	8.93195122e-01	1.14245562e-02	-7.29418978e-02	1.55155926e-02	8.51731377e-02
5071            	8.93241860e-01	1.12997159e-02	-7.21878370e-02	1.58091328e-02	8.91101593e-02
5072            	8.93228968e-01	1.11629743e-02	-7.12958580e-02	1.61663861e-02	9.41333046e-02
5073            	8.93169170e-01	1.10369153e-02	-7.04450776e-02	1.64851829e-02	9.99735319e-02
5074            	8.93098311e-01	1.08842680e-02	-6.94240306e-02	1.67744866e-02	1.06837033e-01
5075            	8.93067689e-01	1.06748459e-02	-6.80358340e-02	1.69923973e-02	1.13924250e-01
5076            	8.93058116e-01	1.04837130e-02	-6.67637495e-02	1.70704340e-02	1.20189618e-01
5077            	8.93043292e-01	1.03635246e-02	-6.59424890e-02	1.69528242e-02	1.25066403e-01
5078            	8.93008819e-01	1.02987539e-02	-6.54691477e-02	1.66330960e-02	1.28753980e-01
5079            	8.92989300e-01	1.03096818e-02	-6.54631443e-02	1.61327993e-02	1.31083498e-01
5080            	8.92979472e-01	1.03625323e-02	-6.57213921e-02	1.55026796e-02	1.31264137e-01
5081            	8.92986182e-01	1.04171046e-02	-6.59959571e-02	1.48307392e-02	1.29158636e-01
5082            	8.92978200e-01	1.05731088e-02	-6.69362501e-02	1.41680656e-02	1.25098007e-01
5083            	8.92998602e-01	1.07593911e-02	-6.80678760e-02	1.35825537e-02	1.19889275e-01
5084            	8.93027980e-01	1.09543662e-02	-6.92541703e-02	1.31424553e-02	1.14065041e-01
5085            	8.93057939e-01	1.10333247e-02	-6.96782636e-02	1.28931814e-02	1.08479924e-01
5086            	8.93072154e-01	1.09890158e-02	-6.92712564e-02	1.28181114e-02	1.03224974e-01
5087            	8.93085249e-01	1.08865474e-02	-6.84786468e-02	1.29119470e-02	9.85471410e-02
5088            	8.93087594e-01	1.07703785e-02	-6.76427906e-02	1.31595692e-02	9.50629127e-02
5089            	8.93075241e-01	1.06961678e-02	-6.71609094e-02	1.35326652e-02	9.28503279e-02
5090            	8.93064093e-01	1.06709775e-02	-6.70599930e-02	1.40054385e-02	9.16213018e-02
5091            	8.93089493e-01	1.06712254e-02	-6.71194112e-02	1.45310648e-02	9.11936546e-02
5092            	8.93118815e-01	1.07434751e-02	-6.76165701e-02	1.50630048e-02	9.09603243e-02
5093            	8.93107476e-01	1.08860995e-02	-6.85397775e-02	1.56395871e-02	9.10436677e-02
5094            	8.93056033e-01	1.10844977e-02	-6.97827154e-02	1.62338339e-02	9.19421390e-02
5095            	8.93003909e-01	1.13160218e-02	-7.12357522e-02	1.68016133e-02	9.35092459e-02
5096            	8.92962335e-01	1.15076934e-02	-7.24770714e-02	1.72768733e-02	9.49309793e-02
5097            	8.92955197e-01	1.16443481e-02	-7.34195769e-02	1.75944844e-02	9.55563182e-02
5098            	8.92957511e-01	1.17252438e-02	-7.40456085e-02	1.77128469e-02	9.54572993e-02
5099            	8.92971725e-01	1.17563435e-02	-7.43804277e-02	1.75903341e-02	9.51962265e-02
5100            	8.92990006e-01	1.17600606e-02	-7.45583560e-02	1.72668423e-02	9.49646235e-02
5101            	8.93015333e-01	1.17323434e-02	-7.45143600e-02	1.67989711e-02	9.45878340e-02
5102            	8.93041886e-01	1.16413045e-02	-7.40182057e-02	1.62809140e-02	9.40711182e-02
5103            	8.93064556e-01	1.14692027e-02	-7.29429494e-02	1.58208391e-02	9.34360838e-02
5104            	8.93055828e-01	1.12756151e-02	-7.17079553e-02	1.54993498e-02	9.33878723e-02
5105            	8.93014810e-01	1.10659539e-02	-7.03928084e-02	1.53270847e-02	9.44900976e-02
5106            	8.92993231e-01	1.08463690e-02	-6.90539849e-02	1.52965007e-02	9.69788860e-02
5107            	8.93048577e-01	1.06674486e-02	-6.80009515e-02	1.53883740e-02	1.00806411e-01
5108            	8.93149675e-01	1.05123641e-02	-6.71075658e-02	1.55482648e-02	1.05233561e-01
5109            	8.93237348e-01	1.04033076e-02	-6.64871550e-02	1.57002601e-02	1.09754484e-01
5110            	8.93249712e-01	1.03095881e-02	-6.58875621e-02	1.57488180e-02	1.14148235e-01
5111            	8.93212655e-01	1.02368928e-02	-6.53385753e-02	1.56737548e-02	1.18637138e-01
5112            	8.93151804e-01	1.02243899e-02	-6.51193910e-02	1.55172090e-02	1.23101013e-01
5113            	8.93097675e-01	1.03500083e-02	-6.57808555e-02	1.53579858e-02	1.26804854e-01
5114            	8.93048412e-01	1.05132290e-02	-6.66778162e-02	1.51953034e-02	1.29038180e-01
5115            	8.93019298e-01	1.06894348e-02	-6.76838745e-02	1.50191922e-02	1.29479723e-01
5116            	8.93022423e-01	1.08655233e-02	-6.86986303e-02	1.48310248e-02	1.28458032e-01
5117            	8.93039878e-01	1.10230936e-02	-6.95781176e-02	1.46151233e-02	1.25851206e-01
5118            	8.93025112e-01	1.10851587e-02	-6.98137203e-02	1.43477148e-02	1.21689353e-01
5119            	8.92989601e-01	1.10456049e-02	-6.93729604e-02	1.40189496e-02	1.15921061e-01
5120            	8.92937861e-01	1.09314879e-02	-6.84932654e-02	1.36469824e-02	1.08863400e-01
5121            	8.92894315e-01	1.07787206e-02	-6.74554257e-02	1.32867983e-02	1.01626201e-01
5122            	8.92869238e-01	1.06651670e-02	-6.67538982e-02	1.30484553e-02	9.47076938e-02
5123            	8.92891747e-01	1.06508828e-02	-6.67333024e-02	1.29917335e-02	8.88357781e-02
5124            	8.92960763e-01	1.07107089e-02	-6.72189352e-02	1.31342127e-02	8.40072822e-02
5125            	8.93042372e-01	1.07921802e-02	-6.78637724e-02	1.35248221e-02	8.04049187e-02
5126            	8.93097812e-01	1.08855139e-02	-6.85825930e-02	1.41585926e-02	7.82245693e-02
5127            	8.93128704e-01	1.10313515e-02	-6.96049618e-02	1.49647571e-02	7.78896061e-02
5128            	8.93146495e-01	1.12427001e-02	-7.10464425e-02	1.58408960e-02	7.90440355e-02
5129            	8.93155658e-01	1.15005057e-02	-7.27873820e-02	1.66368546e-02	8.07977192e-02
5130            	8.93148222e-01	1.16293371e-02	-7.36786170e-02	1.73305316e-02	8.30088607e-02
5131            	8.93123562e-01	1.16475123e-02	-7.38568342e-02	1.78887125e-02	8.62703784e-02
5132            	8.93096660e-01	1.16396861e-02	-7.38554587e-02	1.82696158e-02	9.08847072e-02
5133            	8.93080223e-01	1.16282804e-02	-7.38036585e-02	1.84458119e-02	9.61217428e-02
5134            	8.93059500e-01	1.16195933e-02	-7.37547933e-02	1.84349400e-02	1.01301263e-01
5135            	8.93036763e-01	1.15396315e-02	-7.32271594e-02	1.82699171e-02	1.05728340e-01
5136            	8.92991426e-01	1.14051083e-02	-7.23510669e-02	1.79609197e-02	1.09035739e-01
5137            	8.92936049e-01	1.12269442e-02	-7.12139070e-02	1.75333113e-02	1.11186562e-01
5138            	8.92882754e-01	1.10545292e-02	-7.01396057e-02	1.69837588e-02	1.12210509e-01
5139            	8.92879585e-01	1.09455107e-02	-6.95099010e-02	1.63482671e-02	1.12447314e-01
5140            	8.92931384e-01	1.08485021e-02	-6.89817464e-02	1.56913205e-02	1.12109268e-01
5141            	8.93018177e-01	1.07003531e-02	-6.81248439e-02	1.50758833e-02	1.11286395e-01
5142            	8.93067593e-01	1.05314816e-02	-6.71007106e-02	1.45264343e-02	1.10285696e-01
5143            	8.93090705e-01	1.03589143e-02	-6.60129294e-02	1.40690525e-02	1.10232032e-01
5144            	8.93116771e-01	1.02956403e-02	-6.56084941e-02	1.37320980e-02	1.11453424e-01
5145            	8.93159331e-01	1.03829873e-02	-6.61725260e-02	1.35409367e-02	1.13268228e-01
5146            	8.93203681e-01	1.04963552e-02	-6.68906630e-02	1.35090406e-02	1.15044181e-01
5147            	8.93234574e-01	1.05820935e-02	-6.73977907e-02	1.36088132e-02	1.16506173e-01
5148            	8.93243133e-01	1.06532446e-02	-6.77505051e-02	1.37766887e-02	1.17426608e-01
5149            	8.93238059e-01	1.07916681e-02	-6.84540456e-02	1.40220896e-02	1.17863551e-01
5150            	8.93192277e-01	1.09255667e-02	-6.90731117e-02	1.42884574e-02	1.17764893e-01
5151            	8.93111630e-01	1.09333528e-02	-6.88544477e-02	1.45172185e-02	1.16958583e-01
5152            	8.93010554e-01	1.08371757e-02	-6.80067595e-02	1.46740810e-02	1.14989753e-01
5153            	8.92933310e-01	1.07062753e-02	-6.70162623e-02	1.47562368e-02	1.12130983e-01
5154            	8.92858464e-01	1.06545014e-02	-6.66168990e-02	1.47662053e-02	1.08940402e-01
5155            	8.92816763e-01	1.07203783e-02	-6.70464040e-02	1.46945538e-02	1.05029799e-01
5156            	8.92825532e-01	1.08271035e-02	-6.77779357e-02	1.45822697e-02	1.00542706e-01
5157            	8.92883292e-01	1.08988038e-02	-6.82998900e-02	1.44629890e-02	9.51259955e-02
5158            	8.92928402e-01	1.09430656e-02	-6.86791962e-02	1.43909724e-02	8.90745145e-02
5159            	8.92953563e-01	1.09927576e-02	-6.90864648e-02	1.44393786e-02	8.31352771e-02
5160            	8.92955092e-01	1.11816720e-02	-7.03812751e-02	1.46666651e-02	7.82382484e-02
5161            	8.92977554e-01	1.14007333e-02	-7.18876733e-02	1.50511968e-02	7.47638321e-02
5162            	8.93031452e-01	1.15393450e-02	-7.29285524e-02	1.55484149e-02	7.26684802e-02
5163            	8.93120107e-01	1.15202919e-02	-7.29872965e-02	1.61161584e-02	7.22782756e-02
5164            	8.93202206e-01	1.14372139e-02	-7.26236986e-02	1.66996935e-02	7.42995816e-02
5165            	8.93271664e-01	1.13990842e-02	-7.24938968e-02	1.72510731e-02	7.89133446e-02
5166            	8.93289317e-01	1.13883596e-02	-7.24849276e-02	1.77029328e-02	8.51893806e-02
5167            	8.93248584e-01	1.13551111e-02	-7.22891933e-02	1.80395989e-02	9.25208556e-02
5168            	8.93162125e-01	1.12292434e-02	-7.14392028e-02	1.82726274e-02	1.00004879e-01
5169            	8.93082574e-01	1.10745028e-02	-7.03733844e-02	1.84112622e-02	1.07272589e-01
5170            	8.92995655e-01	1.09785903e-02	-6.96971825e-02	1.84112067e-02	1.13883516e-01
5171            	8.92933034e-01	1.09528910e-02	-6.95132596e-02	1.82292564e-02	1.19304474e-01
5172            	8.92916223e-01	1.09638301e-02	-6.96074717e-02	1.78651063e-02	1.23520950e-01
5173            	8.92944240e-01	1.09212849e-02	-6.93705480e-02	1.73256302e-02	1.26134280e-01
5174            	8.92971498e-01	1.08120988e-02	-6.87064547e-02	1.66121613e-02	1.27030231e-01
5175            	8.92976551e-01	1.06937736e-02	-6.79610966e-02	1.57480540e-02	1.26476177e-01
5176            	8.92958427e-01	1.06605726e-02	-6.77430551e-02	1.47801412e-02	1.25039510e-01
5177            	8.92968199e-01	1.06886379e-02	-6.79044558e-02	1.37924687e-02	1.23052211e-01
5178            	8.93001126e-01	1.07311499e-02	-6.81746447e-02	1.29358566e-02	1.20305907e-01
5179            	8.93054159e-01	1.07097275e-02	-6.80178032e-02	1.23004326e-02	1.16769879e-01
5180            	8.93106463e-01	1.06817844e-02	-6.77923398e-02	1.19260841e-02	1.12767265e-01
5181            	8.93175712e-01	1.07232626e-02	-6.79790012e-02	1.18423000e-02	1.09026879e-01
5182            	8.93232117e-01	1.08017685e-02	-6.83912998e-02	1.20296086e-02	1.05723333e-01
5183            	8.93249542e-01	1.08153775e-02	-6.83927951e-02	1.24182048e-02	1.03064115e-01
5184            	8.93225694e-01	1.07306458e-02	-6.77451048e-02	1.29214528e-02	1.00855580e-01
5185            	8.93185649e-01	1.06133648e-02	-6.68652473e-02	1.34357011e-02	9.90064434e-02
5186            	8.93117638e-01	1.05837189e-02	-6.65562530e-02	1.39619425e-02	9.80877856e-02
5187            	8.93027573e-01	1.06492205e-02	-6.68835817e-02	1.45076050e-02	9.81022747e-02
5188            	8.92948963e-01	1.07626487e-02	-6.75483645e-02	1.50534398e-02	9.86872729e-02
5189            	8.92927957e-01	1.08488502e-02	-6.80655929e-02	1.55419637e-02	9.90994285e-02
5190            	8.92928611e-01	1.09035557e-02	-6.84190891e-02	1.59547556e-02	9.84477620e-02
5191            	8.92918793e-01	1.10158345e-02	-6.91785821e-02	1.63003147e-02	9.64814196e-02
5192            	8.92889344e-01	1.12393947e-02	-7.06460560e-02	1.65792175e-02	9.39277828e-02
5193            	8.92886330e-01	1.14891122e-02	-7.23021528e-02	1.67906610e-02	9.09814568e-02
5194            	8.92908603e-01	1.16570945e-02	-7.34821033e-02	1.68993325e-02	8.75487005e-02
5195            	8.92961872e-01	1.16730362e-02	-7.37026892e-02	1.69001228e-02	8.39249402e-02
5196            	8.93014334e-01	1.15761030e-02	-7.31905173e-02	1.68261816e-02	8.10170253e-02
5197            	8.93062776e-01	1.14672105e-02	-7.25875558e-02	1.67422463e-02	7.99038084e-02
5198            	8.93091054e-01	1.13754215e-02	-7.20926888e-02	1.66882598e-02	8.08700206e-02
5199            	8.93108242e-01	1.12806508e-02	-7.16027329e-02	1.66881120e-02	8.36856434e-02
5200            	8.93132301e-01	1.11299481e-02	-7.07517110e-02	1.67652258e-02	8.79456452e-02
5201            	8.93172315e-01	1.09759329e-02	-6.98535831e-02	1.68999652e-02	9.28219175e-02
5202            	8.93196236e-01	1.08962778e-02	-6.94145131e-02	1.70642140e-02	9.80949063e-02
5203            	8.93176839e-01	1.08841086e-02	-6.93860593e-02	1.71968555e-02	1.03674554e-01
5204            	8.93131689e-01	1.08845476e-02	-6.94049899e-02	1.72177831e-02	1.09271680e-01
5205            	8.93105120e-01	1.08517327e-02	-6.91686102e-02	1.71642704e-02	1.15120012e-01
5206            	8.93092484e-01	1.07415846e-02	-6.84152284e-02	1.70078909e-02	1.20651265e-01
5207            	8.93067479e-01	1.07096144e-02	-6.81628899e-02	1.67169407e-02	1.25579042e-01
5208            	8.93013785e-01	1.07189585e-02	-6.81493150e-02	1.62743182e-02	1.29789154e-01
5209            	8.92971529e-01	1.07486502e-02	-6.82666245e-02	1.56916520e-02	1.33000195e-01
5210            	8.92959722e-01	1.07754056e-02	-6.83784992e-02	1.50038855e-02	1.34673419e-01
5211            	8.92982976e-01	1.08054012e-02	-6.85071033e-02	1.42428139e-02	1.33892908e-01
5212            	8.93006677e-01	1.08168424e-02	-6.84826276e-02	1.34833844e-02	1.30467430e-01
5213            	8.93022232e-01	1.08282760e-02	-6.84406720e-02	1.27747177e-02	1.24688671e-01
5214            	8.93036218e-01	1.08592922e-02	-6.85372562e-02	1.21719388e-02	1.17352722e-01
5215            	8.93048223e-01	1.08558633e-02	-6.84401662e-02	1.17484788e-02	1.09347601e-01
5216            	8.93041137e-01	1.07604517e-02	-6.77593179e-02	1.15556544e-02	1.01620512e-01
5217            	8.93038494e-01	1.06630876e-02	-6.70607578e-02	1.16024472e-02	9.46891923e-02
5218            	8.93044901e-01	1.06133873e-02	-6.67052646e-02	1.18857028e-02	8.91479330e-02
5219            	8.93050854e-01	1.06163563e-02	-6.67368490e-02	1.23909300e-02	8.58633390e-02
5220            	8.93052288e-01	1.06576495e-02	-6.70553883e-02	1.30729675e-02	8.42883568e-02
5221            	8.93079312e-01	1.06970371e-02	-6.73692989e-02	1.38732471e-02	8.39682701e-02
5222            	8.93120153e-01	1.07673373e-02	-6.78788658e-02	1.47081424e-02	8.40833325e-02
5223            	8.93125336e-01	1.09206802e-02	-6.89069733e-02	1.55392206e-02	8.43845550e-02
5224            	8.93078261e-01	1.10831301e-02	-6.99422322e-02	1.63714449e-02	8.49729720e-02
5225            	8.93018453e-01	1.12723144e-02	-7.11233040e-02	1.71883476e-02	8.63104074e-02
5226            	8.92979574e-01	1.14535040e-02	-7.22656756e-02	1.79320017e-02	8.83010942e-02
5227            	8.92985986e-01	1.15762019e-02	-7.30513358e-02	1.85217829e-02	9.03411177e-02
5228            	8.93000842e-01	1.15823075e-02	-7.30925388e-02	1.89064518e-02	9.21222407e-02
5229            	8.93004404e-01	1.15136955e-02	-7.26788647e-02	1.90589262e-02	9.41876533e-02
5230            	8.92991203e-01	1.14621247e-02	-7.24220654e-02	1.89589420e-02	9.67584784e-02
5231            	8.92978740e-01	1.13822862e-02	-7.20089336e-02	1.86221591e-02	9.91771146e-02
5232            	8.92977468e-01	1.12902426e-02	-7.15244571e-02	1.80971342e-02	1.00919759e-01
5233            	8.93001059e-01	1.12051393e-02	-7.10674772e-02	1.74582118e-02	1.01664017e-01
5234            	8.93022136e-01	1.11380263e-02	-7.07152064e-02	1.68204207e-02	1.01853537e-01
5235            	8.93025459e-01	1.10735822e-02	-7.03691710e-02	1.62506661e-02	1.01883795e-01
5236            	8.93002582e-01	1.09978220e-02	-6.99366638e-02	1.57755943e-02	1.02196635e-01
5237            	8.93013397e-01	1.09075674e-02	-6.94250429e-02	1.54273569e-02	1.03717599e-01
5238            	8.93074722e-01	1.08345745e-02	-6.90552001e-02	1.52112483e-02	1.06606549e-01
5239            	8.93161552e-01	1.07995399e-02	-6.89340859e-02	1.50743131e-02	1.10337276e-01
5240            	8.93208181e-01	1.07627918e-02	-6.87543055e-02	1.49643403e-02	1.14438448e-01
5241            	8.93208734e-01	1.07062751e-02	-6.83727787e-02	1.47802138e-02	1.18800341e-01
5242            	8.93180089e-01	1.06764480e-02	-6.80858222e-02	1.45227108e-02	1.23147291e-01
5243            	8.93153410e-01	1.06803707e-02	-6.79537646e-02	1.42466005e-02	1.26539136e-01
5244            	8.93116293e-01	1.06976957e-02	-6.78729826e-02	1.40045242e-02	1.28419045e-01
5245            	8.93073716e-01	1.06941751e-02	-6.76604947e-02	1.37834861e-02	1.28450102e-01
5246            	8.93033530e-01	1.06990821e-02	-6.75475067e-02	1.35803062e-02	1.26512616e-01
5247            	8.93023177e-01	1.07491085e-02	-6.77535141e-02	1.34073292e-02	1.22765078e-01
5248            	8.93003528e-01	1.08202578e-02	-6.81039564e-02	1.32634761e-02	1.17833809e-01
5249            	8.92981598e-01	1.08528649e-02	-6.82068724e-02	1.31358053e-02	1.12018979e-01
5250            	8.92946946e-01	1.08448484e-02	-6.80620469e-02	1.30171843e-02	1.05469700e-01
5251            	8.92927122e-01	1.08004984e-02	-6.77255295e-02	1.29211390e-02	9.87647413e-02
5252            	8.92892481e-01	1.07588893e-02	-6.74613921e-02	1.28894948e-02	9.24416759e-02
5253            	8.92881671e-01	1.07616162e-02	-6.75376907e-02	1.29970640e-02	8.65534345e-02
5254            	8.92907515e-01	1.08357422e-02	-6.80973882e-02	1.32732209e-02	8.14529876e-02
5255            	8.92973565e-01	1.09070540e-02	-6.86458341e-02	1.37366246e-02	7.70009052e-02
5256            	8.93032311e-01	1.09710462e-02	-6.91787296e-02	1.44000209e-02	7.36829432e-02
5257            	8.93088782e-01	1.10365524e-02	-6.97125466e-02	1.52585461e-02	7.22782562e-02
5258            	8.93137628e-01	1.11435678e-02	-7.04832705e-02	1.62439196e-02	7.28952385e-02
5259            	8.93185036e-01	1.12707776e-02	-7.13434368e-02	1.72501737e-02	7.53064854e-02
5260            	8.93201423e-01	1.13420977e-02	-7.18113690e-02	1.81365704e-02	7.89017160e-02
5261            	8.93175104e-01	1.13222225e-02	-7.16769761e-02	1.88879408e-02	8.38765169e-02
5262            	8.93114252e-01	1.12308111e-02	-7.10876977e-02	1.94415059e-02	9.02950319e-02
5263            	8.93075308e-01	1.11590315e-02	-7.06299424e-02	1.97407011e-02	9.76577570e-02
5264            	8.93046848e-01	1.11821069e-02	-7.08039585e-02	1.97618165e-02	1.04790550e-01
5265            	8.93031288e-01	1.12375406e-02	-7.12070814e-02	1.95372193e-02	1.10908130e-01
5266            	8.93006701e-01	1.12641694e-02	-7.14128282e-02	1.90968149e-02	1.15175485e-01
5267            	8.92978131e-01	1.12648197e-02	-7.14286443e-02	1.84536419e-02	1.17428238e-01
5268            	8.92920053e-01	1.12245653e-02	-7.11784841e-02	1.76670441e-02	1.18284065e-01
5269            	8.92867953e-01	1.11728440e-02	-7.08705571e-02	1.67672241e-02	1.18126355e-01
5270            	8.92867383e-01	1.11869028e-02	-7.10309791e-02	1.58183538e-02	1.17412480e-01
5271            	8.92935778e-01	1.11442112e-02	-7.08432348e-02	1.49017520e-02	1.16347933e-01
5272            	8.93010243e-01	1.10406652e-02	-7.02710853e-02	1.40810041e-02	1.15289632e-01
5273            	8.93059845e-01	1.08919298e-02	-6.93589684e-02	1.33751260e-02	1.14462324e-01
5274            	8.93086195e-01	1.07466103e-02	-6.84145352e-02	1.27959841e-02	1.14086913e-01
5275            	8.93131804e-01	1.06793351e-02	-6.79348134e-02	1.23714345e-02	1.14242049e-01
5276            	8.93189263e-01	1.06481468e-02	-6.76886299e-02	1.21271409e-02	1.14255367e-01
5277            	8.93231609e-01	1.05922786e-02	-6.72898505e-02	1.20767905e-02	1.13697333e-01
5278            	8.93242787e-01	1.05366289e-02	-6.68845502e-02	1.21980390e-02	1.12550112e-01
5279            	8.93248069e-01	1.05627895e-02	-6.69625007e-02	1.24498322e-02	1.11242274e-01
5280            	8.93216947e-01	1.07020577e-02	-6.77187486e-02	1.28331637e-02	1.09928074e-01
5281            	8.93152135e-01	1.08255251e-02	-6.83439185e-02	1.33003281e-02	1.08799975e-01
5282            	8.93065847e-01	1.08663957e-02	-6.84227657e-02	1.37893881e-02	1.07633921e-01
5283            	8.92993188e-01	1.08424838e-02	-6.81131425e-02	1.42431726e-02	1.06229269e-01
5284            	8.92923446e-01	1.08160883e-02	-6.78483867e-02	1.46242553e-02	1.04455072e-01
5285            	8.92858069e-01	1.08838059e-02	-6.82584594e-02	1.49269348e-02	1.01890772e-01
5286            	8.92822039e-01	1.10291960e-02	-6.92240257e-02	1.51310464e-02	9.83151496e-02
5287            	8.92849030e-01	1.11325510e-02	-6.99479717e-02	1.52587608e-02	9.37478993e-02
5288            	8.92889568e-01	1.11466100e-02	-7.01243390e-02	1.53532577e-02	8.83210607e-02
5289            	8.92930613e-01	1.11108979e-02	-6.99835709e-02	1.54752864e-02	8.25840314e-02
5290            	8.92956599e-01	1.11229439e-02	-7.01028786e-02	1.57133833e-02	7.79116808e-02
5291            	8.92989013e-01	1.11939856e-02	-7.05824816e-02	1.61034342e-02	7.48794003e-02
5292            	8.93021112e-01	1.12416734e-02	-7.09408854e-02	1.66064662e-02	7.36581914e-02
5293            	8.93060286e-01	1.11721190e-02	-7.05908316e-02	1.71677190e-02	7.43159282e-02
5294            	8.93113994e-01	1.10164141e-02	-6.97350459e-02	1.77264641e-02	7.72153281e-02
5295            	8.93186719e-01	1.09464182e-02	-6.94411405e-02	1.82148035e-02	8.22219584e-02
5296            	8.93246782e-01	1.09903781e-02	-6.98573826e-02	1.85734333e-02	8.86300487e-02
5297            	8.93268850e-01	1.11003668e-02	-7.06522295e-02	1.87440485e-02	9.55276011e-02
5298            	8.93238056e-01	1.11595659e-02	-7.10422367e-02	1.87428367e-02	1.02293741e-01
5299            	8.93166487e-01	1.11318441e-02	-7.07936387e-02	1.86090101e-02	1.08584804e-01
5300            	8.93067871e-01	1.10750638e-02	-7.03372634e-02	1.83871106e-02	1.14477527e-01
5301            	8.92953647e-01	1.11170985e-02	-7.05444779e-02	1.80460385e-02	1.19854122e-01
5302            	8.92872847e-01	1.12044702e-02	-7.10915795e-02	1.75616806e-02	1.24570552e-01
5303            	8.92875555e-01	1.12574234e-02	-7.14608607e-02	1.69436080e-02	1.28287600e-01
5304            	8.92928451e-01	1.11838483e-02	-7.10253478e-02	1.61908698e-02	1.30381693e-01
5305            	8.92975769e-01	1.10681050e-02	-7.02936880e-02	1.53029382e-02	1.30557117e-01
5306            	8.92978158e-01	1.09470161e-02	-6.94611604e-02	1.42953525e-02	1.29079065e-01
5307            	8.92967029e-01	1.08527970e-02	-6.87717018e-02	1.32121077e-02	1.26114218e-01
5308            	8.92966755e-01	1.07645276e-02	-6.81449755e-02	1.21661069e-02	1.21667384e-01
5309            	8.92994434e-01	1.06552405e-02	-6.74257220e-02	1.13231041e-02	1.16204900e-01
5310            	8.93035861e-01	1.05386574e-02	-6.66731033e-02	1.07827041e-02	1.10303154e-01
5311            	8.93096575e-01	1.05150336e-02	-6.65221869e-02	1.05875760e-02	1.04531218e-01
5312            	8.93166758e-01	1.06232894e-02	-6.72190308e-02	1.07531067e-02	9.95716896e-02
5313            	8.93219745e-01	1.07670866e-02	-6.81401689e-02	1.12402248e-02	9.59735120e-02
5314            	8.93230757e-01	1.08156044e-02	-6.84209284e-02	1.19525830e-02	9.37717798e-02
5315            	8.93211358e-01	1.07716352e-02	-6.80628708e-02	1.27858262e-02	9.24179941e-02
5316            	8.93166758e-01	1.07500312e-02	-6.78383269e-02	1.36111024e-02	9.15659415e-02
5317            	8.93079732e-01	1.08448373e-02	-6.83685763e-02	1.44382967e-02	9.17319667e-02
5318            	8.92975603e-01	1.09679198e-02	-6.90966057e-02	1.52463803e-02	9.22771687e-02
5319            	8.92920432e-01	1.10508136e-02	-6.95947456e-02	1.59899093e-02	9.28733128e-02
5320            	8.92922604e-01	1.10766613e-02	-6.97446444e-02	1.66385707e-02	9.30207599e-02
5321            	8.92944557e-01	1.10826630e-02	-6.97764091e-02	1.72092785e-02	9.28497961e-02
5322            	8.92945249e-01	1.11068503e-02	-6.99031991e-02	1.77015027e-02	9.23878489e-02
5323            	8.92920809e-01	1.11725318e-02	-7.02846285e-02	1.80970047e-02	9.17819581e-02
5324            	8.92889310e-01	1.12474235e-02	-7.07782358e-02	1.83790759e-02	9.12001727e-02
5325            	8.92887347e-01	1.12454444e-02	-7.08313235e-02	1.84853759e-02	9.03290414e-02
5326            	8.92921263e-01	1.11410707e-02	-7.02728213e-02	1.84008378e-02	8.91136794e-02
5327            	8.92982642e-01	1.10714423e-02	-6.99674272e-02	1.81586891e-02	8.84012104e-02
5328            	8.93051226e-01	1.11039535e-02	-7.03213040e-02	1.78368177e-02	8.88719501e-02
5329            	8.93107496e-01	1.11696899e-02	-7.08757001e-02	1.74779993e-02	9.02204585e-02
5330            	8.93127420e-01	1.11801447e-02	-7.10429910e-02	1.71396526e-02	9.23940968e-02
5331            	8.93140335e-01	1.10991141e-02	-7.05865642e-02	1.68680377e-02	9.53694434e-02
5332            	8.93151144e-01	1.10572927e-02	-7.03768955e-02	1.66752069e-02	9.92755168e-02
5333            	8.93144718e-01	1.11009758e-02	-7.07150258e-02	1.65476319e-02	1.03983908e-01
5334            	8.93107763e-01	1.11567826e-02	-7.11114755e-02	1.64281164e-02	1.09206757e-01
5335            	8.93089185e-01	1.11728308e-02	-7.12329398e-02	1.62510128e-02	1.14741196e-01
5336            	8.93091901e-01	1.11051713e-02	-7.07641201e-02	1.60312312e-02	1.20264261e-01
5337            	8.93099239e-01	1.09815783e-02	-6.98823169e-02	1.57180525e-02	1.25064496e-01
5338            	8.93064188e-01	1.08745980e-02	-6.90641351e-02	1.52858630e-02	1.28638682e-01
5339            	8.93003861e-01	1.07706524e-02	-6.82500382e-02	1.47242824e-02	1.30833699e-01
5340            	8.92949030e-01	1.07156916e-02	-6.77878930e-02	1.40588303e-02	1.31506756e-01
5341            	8.92938734e-01	1.06736034e-02	-6.74463535e-02	1.33640682e-02	1.30144041e-01
5342            	8.92949709e-01	1.06547011e-02	-6.72758653e-02	1.26914667e-02	1.26656536e-01
5343            	8.92976730e-01	1.06741965e-02	-6.73705494e-02	1.21166009e-02	1.21334162e-01
5344            	8.93004062e-01	1.07620311e-02	-6.79106907e-02	1.16790221e-02	1.14692628e-01
5345            	8.93045900e-01	1.08722342e-02	-6.86024959e-02	1.14158028e-02	1.07255559e-01
5346            	8.93054985e-01	1.09199253e-02	-6.88886048e-02	1.13675699e-02	9.98485283e-02
5347            	8.93049015e-01	1.08753749e-02	-6.85637467e-02	1.15471245e-02	9.29831753e-02
5348            	8.93028935e-01	1.08572268e-02	-6.84041027e-02	1.19341807e-02	8.69875489e-02
5349            	8.93024446e-01	1.08540761e-02	-6.83669685e-02	1.25135534e-02	8.23882623e-02
5350            	8.93011648e-01	1.08700578e-02	-6.85210694e-02	1.32720848e-02	7.95158958e-02
5351            	8.93033061e-01	1.08942762e-02	-6.87775870e-02	1.41688774e-02	7.82945359e-02
5352            	8.93093049e-01	1.08896207e-02	-6.88262329e-02	1.51445204e-02	7.85925615e-02
5353            	8.93148959e-01	1.08713225e-02	-6.87178490e-02	1.61277576e-02	7.97872802e-02
5354            	8.93143873e-01	1.08588644e-02	-6.85983548e-02	1.70906839e-02	8.17169410e-02
5355            	8.93078693e-01	1.08844188e-02	-6.86761861e-02	1.80194724e-02	8.48746468e-02
5356            	8.92991328e-01	1.09251535e-02	-6.88587797e-02	1.89008487e-02	8.90665429e-02
5357            	8.92949994e-01	1.09681008e-02	-6.91007260e-02	1.96187491e-02	9.36052952e-02
5358            	8.92944990e-01	1.10303318e-02	-6.95256600e-02	2.00628867e-02	9.76301304e-02
5359            	8.92966091e-01	1.10913367e-02	-6.99944166e-02	2.01906448e-02	1.01000608e-01
5360            	8.92986220e-01	1.11761960e-02	-7.06317191e-02	1.99934666e-02	1.03751364e-01
5361            	8.93007904e-01	1.12733799e-02	-7.13363003e-02	1.94960426e-02	1.05793883e-01
5362            	8.92997905e-01	1.13369434e-02	-7.18111695e-02	1.87525951e-02	1.07078950e-01
5363            	8.92983917e-01	1.13377942e-02	-7.18705700e-02	1.78520440e-02	1.07699917e-01
5364            	8.92967356e-01	1.13470055e-02	-7.19777763e-02	1.68956580e-02	1.07511001e-01
5365            	8.92970744e-01	1.13418282e-02	-7.19894278e-02	1.60091770e-02	1.07057138e-01
5366            	8.92954529e-01	1.13089413e-02	-7.18357853e-02	1.52518807e-02	1.06973867e-01
5367            	8.92954716e-01	1.12258995e-02	-7.13663570e-02	1.46349002e-02	1.07467128e-01
5368            	8.93003672e-01	1.11145008e-02	-7.07043242e-02	1.41797724e-02	1.08711478e-01
5369            	8.93105811e-01	1.09739762e-02	-6.98382248e-02	1.38659378e-02	1.10517879e-01
5370            	8.93188052e-01	1.08209347e-02	-6.88833462e-02	1.36374974e-02	1.12674418e-01
5371            	8.93209401e-01	1.06849527e-02	-6.80006288e-02	1.34464799e-02	1.14931434e-01
5372            	8.93175870e-01	1.05683925e-02	-6.71930404e-02	1.32021030e-02	1.16843016e-01
5373            	8.93143080e-01	1.05289985e-02	-6.68411856e-02	1.29810881e-02	1.18553965e-01
5374            	8.93113460e-01	1.05789314e-02	-6.70493554e-02	1.28497565e-02	1.19855065e-01
5375            	8.93087883e-01	1.06441125e-02	-6.73552360e-02	1.28294997e-02	1.20382945e-01
5376            	8.93064167e-01	1.07175464e-02	-6.77261201e-02	1.29080970e-02	1.19764302e-01
5377            	8.93059097e-01	1.08294183e-02	-6.83568855e-02	1.30590673e-02	1.18017998e-01
5378            	8.93041601e-01	1.09547729e-02	-6.90934879e-02	1.32512332e-02	1.14845768e-01
5379            	8.93005331e-01	1.10612143e-02	-6.97132082e-02	1.34357506e-02	1.10386842e-01
5380            	8.92957290e-01	1.11253152e-02	-7.00546469e-02	1.35989304e-02	1.04796835e-01
5381            	8.92926355e-01	1.11306994e-02	-7.00358769e-02	1.37197229e-02	9.84948886e-02
5382            	8.92900243e-01	1.10802897e-02	-6.97162455e-02	1.38239570e-02	9.21732052e-02
5383            	8.92880811e-01	1.10126022e-02	-6.93190749e-02	1.39804245e-02	8.63085368e-02
5384            	8.92892190e-01	1.09453892e-02	-6.89257674e-02	1.42640256e-02	8.13598301e-02
5385            	8.92950187e-01	1.08721047e-02	-6.84857759e-02	1.46964691e-02	7.75401856e-02
5386            	8.92996880e-01	1.07710915e-02	-6.78895768e-02	1.53123274e-02	7.52963446e-02
5387            	8.93031155e-01	1.06544775e-02	-6.72151241e-02	1.60913225e-02	7.47976484e-02
5388            	8.93063518e-01	1.05872159e-02	-6.68585589e-02	1.69965814e-02	7.63062043e-02
5389            	8.93111052e-01	1.06544496e-02	-6.73725797e-02	1.79286367e-02	7.93996297e-02
5390            	8.93153747e-01	1.07971833e-02	-6.83761124e-02	1.87632210e-02	8.34657416e-02
5391            	8.93181472e-01	1.09034238e-02	-6.91212046e-02	1.93730577e-02	8.79572981e-02
5392            	8.93170858e-01	1.09609673e-02	-6.95116062e-02	1.97530379e-02	9.32121337e-02
5393            	8.93139262e-01	1.10267083e-02	-6.99144570e-02	1.98751922e-02	9.92728160e-02
5394            	8.93088880e-01	1.11035278e-02	-7.03809032e-02	1.97425482e-02	1.05712459e-01
5395            	8.93025255e-01	1.12526052e-02	-7.13296608e-02	1.93822893e-02	1.11853725e-01
5396            	8.92968774e-01	1.13701943e-02	-7.20717118e-02	1.88381007e-02	1.17076529e-01
5397            	8.92937189e-01	1.14236237e-02	-7.24049882e-02	1.81400034e-02	1.20814668e-01
5398            	8.92914116e-01	1.13944898e-02	-7.22174309e-02	1.72970694e-02	1.22736020e-01
5399            	8.92880080e-01	1.13312507e-02	-7.18051483e-02	1.63488975e-02	1.22896136e-01
5400            	8.92853443e-01	1.12600518e-02	-7.13277162e-02	1.53228122e-02	1.21725224e-01
5401            	8.92883841e-01	1.11474533e-02	-7.05990235e-02	1.42807305e-02	1.19580989e-01
5402            	8.92933457e-01	1.09518193e-02	-6.93696784e-02	1.32956647e-02	1.16541743e-01
5403            	8.92978762e-01	1.07229933e-02	-6.79454452e-02	1.24405017e-02	1.13108664e-01
5404            	8.93007804e-01	1.05345066e-02	-6.67514434e-02	1.17570096e-02	1.09977831e-01
5405            	8.93044703e-01	1.04899102e-02	-6.64710683e-02	1.12823616e-02	1.07788519e-01
5406            	8.93107998e-01	1.05361415e-02	-6.68000052e-02	1.10681608e-02	1.06473282e-01
5407            	8.93185858e-01	1.05952755e-02	-6.72228034e-02	1.11329493e-02	1.05826434e-01
5408            	8.93235933e-01	1.06298182e-02	-6.74672618e-02	1.14571073e-02	1.05541314e-01
5409            	8.93255553e-01	1.06730603e-02	-6.77218937e-02	1.19603346e-02	1.04994839e-01
5410            	8.93244767e-01	1.08123433e-02	-6.85574493e-02	1.25793103e-02	1.04066139e-01
5411            	8.93183149e-01	1.10223393e-02	-6.98060106e-02	1.32839736e-02	1.03102436e-01
5412            	8.93097247e-01	1.11312439e-02	-7.03659138e-02	1.40362880e-02	1.02317522e-01
5413            	8.93019396e-01	1.11260350e-02	-7.01953773e-02	1.47549856e-02	1.01425247e-01
5414            	8.92965234e-01	1.10693570e-02	-6.97293281e-02	1.53742060e-02	1.00370968e-01
5415            	8.92914885e-01	1.10292710e-02	-6.94031951e-02	1.58896225e-02	9.94049048e-02
5416            	8.92859181e-01	1.10347208e-02	-6.93914057e-02	1.63041429e-02	9.79478596e-02
5417            	8.92833504e-01	1.10023535e-02	-6.91581823e-02	1.66127536e-02	9.59168105e-02
5418            	8.92832358e-01	1.09075776e-02	-6.85684775e-02	1.68255163e-02	9.32461719e-02
5419            	8.92849163e-01	1.07660304e-02	-6.77222612e-02	1.69695791e-02	9.02180598e-02
5420            	8.92882818e-01	1.06471686e-02	-6.70345093e-02	1.70732409e-02	8.71179920e-02
5421            	8.92919118e-01	1.06745820e-02	-6.72895433e-02	1.72193284e-02	8.44032897e-02
5422            	8.92962655e-01	1.07956847e-02	-6.81681138e-02	1.74139069e-02	8.25027289e-02
5423            	8.93026706e-01	1.09003321e-02	-6.89557600e-02	1.76151174e-02	8.16052846e-02
5424            	8.93081968e-01	1.09049864e-02	-6.90907464e-02	1.78089025e-02	8.21000378e-02
5425            	8.93143800e-01	1.08665883e-02	-6.89565107e-02	1.79716549e-02	8.47188064e-02
5426            	8.93198447e-01	1.09406213e-02	-6.95481929e-02	1.80718832e-02	8.94686274e-02
5427            	8.93222040e-01	1.11204059e-02	-7.07961330e-02	1.80798857e-02	9.55863978e-02
5428            	8.93205075e-01	1.12574181e-02	-7.17124539e-02	1.79473123e-02	1.02138783e-01
5429            	8.93164223e-01	1.12731684e-02	-7.17738654e-02	1.77219754e-02	1.08567879e-01
5430            	8.93104690e-01	1.12166901e-02	-7.13053405e-02	1.74298595e-02	1.14579176e-01
5431            	8.93022641e-01	1.11446847e-02	-7.07044090e-02	1.70659926e-02	1.19765960e-01
5432            	8.92918550e-01	1.10996239e-02	-7.02834852e-02	1.65935089e-02	1.23844119e-01
5433            	8.92855962e-01	1.10403967e-02	-6.98194809e-02	1.60006331e-02	1.26538302e-01
5434            	8.92856113e-01	1.09311488e-02	-6.90988101e-02	1.53068743e-02	1.27631037e-01
5435            	8.92892614e-01	1.07757238e-02	-6.81074835e-02	1.45199371e-02	1.27048634e-01
5436            	8.92911897e-01	1.06734485e-02	-6.74419123e-02	1.36744126e-02	1.25036666e-01
5437            	8.92913983e-01	1.06377194e-02	-6.71840337e-02	1.27846685e-02	1.21803900e-01
5438            	8.92923521e-01	1.06867562e-02	-6.74954268e-02	1.19222495e-02	1.17800942e-01
5439            	8.92973244e-01	1.07326308e-02	-6.78178880e-02	1.12081054e-02	1.13116874e-01
5440            	8.93020877e-01	1.07193381e-02	-6.77618597e-02	1.07623460e-02	1.07995690e-01
5441            	8.93067458e-01	1.06918472e-02	-6.76133668e-02	1.06402478e-02	1.02584239e-01
5442            	8.93104108e-01	1.07942038e-02	-6.83006446e-02	1.08487983e-02	9.73664675e-02
5443            	8.93148474e-01	1.09385530e-02	-6.92569062e-02	1.13685261e-02	9.28061411e-02
5444            	8.93173508e-01	1.10255141e-02	-6.98525027e-02	1.21341585e-02	8.94139281e-02
5445            	8.93196339e-01	1.10017894e-02	-6.97116873e-02	1.30659852e-02	8.74371505e-02
5446            	8.93199962e-01	1.09271169e-02	-6.91898687e-02	1.40724496e-02	8.68852952e-02
5447            	8.93169494e-01	1.08667868e-02	-6.87050341e-02	1.50458784e-02	8.75995672e-02
5448            	8.93066941e-01	1.08264401e-02	-6.83214661e-02	1.60019244e-02	8.94606072e-02
5449            	8.92952211e-01	1.08026680e-02	-6.80639488e-02	1.68957279e-02	9.21088332e-02
5450            	8.92884489e-01	1.07189612e-02	-6.74630417e-02	1.76713081e-02	9.50474937e-02
5451            	8.92880050e-01	1.05994244e-02	-6.66787430e-02	1.83000439e-02	9.75859913e-02
5452            	8.92890239e-01	1.05676050e-02	-6.64997423e-02	1.87773256e-02	9.92379574e-02
5453            	8.92898776e-01	1.06524229e-02	-6.70775911e-02	1.90911442e-02	1.00017632e-01
5454            	8.92892763e-01	1.08328912e-02	-6.82825078e-02	1.92102327e-02	9.96954043e-02
5455            	8.92904256e-01	1.09882021e-02	-6.93360239e-02	1.91285045e-02	9.84738528e-02
5456            	8.92917089e-01	1.10339419e-02	-6.96857142e-02	1.88274049e-02	9.67332704e-02
5457            	8.92947495e-01	1.10173306e-02	-6.96652199e-02	1.83360627e-02	9.52207692e-02
5458            	8.92977506e-01	1.10995537e-02	-7.03062443e-02	1.77289871e-02	9.45056440e-02
5459            	8.93020947e-01	1.12237728e-02	-7.12082837e-02	1.71017477e-02	9.49220828e-02
5460            	8.93045740e-01	1.13123347e-02	-7.18668080e-02	1.65057319e-02	9.63153001e-02
5461            	8.93079510e-01	1.12824018e-02	-7.17219549e-02	1.59923812e-02	9.85032371e-02
5462            	8.93113432e-01	1.11636447e-02	-7.09610330e-02	1.55927564e-02	1.01133731e-01
5463            	8.93144706e-01	1.10517609e-02	-7.02193236e-02	1.53026605e-02	1.04073235e-01
5464            	8.93122466e-01	1.09481916e-02	-6.95272441e-02	1.50922088e-02	1.07280206e-01
5465            	8.93066622e-01	1.08746901e-02	-6.90444329e-02	1.48958439e-02	1.10515156e-01
5466            	8.93035565e-01	1.07749588e-02	-6.83908341e-02	1.46855827e-02	1.13628079e-01
5467            	8.93042896e-01	1.06526350e-02	-6.75555572e-02	1.44766633e-02	1.16665150e-01
5468            	8.93040676e-01	1.05933736e-02	-6.71018806e-02	1.42603576e-02	1.19594109e-01
5469            	8.93015908e-01	1.06016052e-02	-6.70576676e-02	1.40103268e-02	1.22192483e-01
5470            	8.92971521e-01	1.06633754e-02	-6.73662509e-02	1.36897198e-02	1.24031726e-01
5471            	8.92957888e-01	1.07477792e-02	-6.78554852e-02	1.33304752e-02	1.24574494e-01
5472            	8.92960769e-01	1.08145973e-02	-6.82628559e-02	1.29842485e-02	1.23341481e-01
5473            	8.92967415e-01	1.08975490e-02	-6.87946490e-02	1.26813362e-02	1.20088421e-01
5474            	8.92971636e-01	1.10025766e-02	-6.94776497e-02	1.24557888e-02	1.14775123e-01
5475            	8.92997631e-01	1.11225581e-02	-7.02643089e-02	1.23274856e-02	1.07957431e-01
5476            	8.93024404e-01	1.11927174e-02	-7.07491379e-02	1.23240949e-02	1.00449460e-01
5477            	8.93045897e-01	1.11487253e-02	-7.04721978e-02	1.25006760e-02	9.34645276e-02
5478            	8.93047960e-01	1.10189618e-02	-6.95913180e-02	1.28691445e-02	8.76041236e-02
5479            	8.93046247e-01	1.08779379e-02	-6.86240949e-02	1.34131581e-02	8.33618450e-02
5480            	8.93009154e-01	1.07447570e-02	-6.77428120e-02	1.41284474e-02	8.12793250e-02
5481            	8.92969377e-01	1.06223102e-02	-6.69937440e-02	1.49785680e-02	8.10939459e-02
5482            	8.92983629e-01	1.04871893e-02	-6.62092648e-02	1.59070041e-02	8.24605487e-02
5483            	8.93057506e-01	1.04104092e-02	-6.58025839e-02	1.68246591e-02	8.46281608e-02
5484            	8.93111606e-01	1.04094324e-02	-6.58631880e-02	1.76445781e-02	8.71575350e-02
5485            	8.93118158e-01	1.04738829e-02	-6.62923887e-02	1.83629916e-02	8.99081983e-02
5486            	8.93066252e-01	1.05777311e-02	-6.69107726e-02	1.89894244e-02	9.28957321e-02
5487            	8.93006471e-01	1.06954946e-02	-6.76013266e-02	1.95033686e-02	9.62926324e-02
5488            	8.92965559e-01	1.08098570e-02	-6.83018954e-02	1.98148113e-02	9.98467072e-02
5489            	8.92943354e-01	1.09432743e-02	-6.91689710e-02	1.98596420e-02	1.03238644e-01
5490            	8.92932604e-01	1.10823529e-02	-7.01060369e-02	1.96168640e-02	1.06536279e-01
5491            	8.92943184e-01	1.12480619e-02	-7.12274075e-02	1.91056118e-02	1.09468421e-01
5492            	8.92962001e-01	1.13591666e-02	-7.19915824e-02	1.83626401e-02	1.11601423e-01
5493            	8.92971180e-01	1.13731918e-02	-7.20869210e-02	1.74289125e-02	1.12479534e-01
5494            	8.92965886e-01	1.12982428e-02	-7.15537557e-02	1.63829750e-02	1.11959659e-01
5495            	8.92958347e-01	1.11682231e-02	-7.06541407e-02	1.53266478e-02	1.10312222e-01
5496            	8.92925126e-01	1.10048602e-02	-6.95725032e-02	1.43817819e-02	1.07958379e-01
5497            	8.92879970e-01	1.08358756e-02	-6.85007813e-02	1.36110889e-02	1.05589617e-01
5498            	8.92879302e-01	1.06973992e-02	-6.76663918e-02	1.30440643e-02	1.03891073e-01
5499            	8.92962816e-01	1.06180174e-02	-6.72356362e-02	1.27081001e-02	1.03412766e-01
5500            	8.93075063e-01	1.05633886e-02	-6.69757447e-02	1.25688522e-02	1.04118486e-01
5501            	8.93163565e-01	1.05414824e-02	-6.69043641e-02	1.25835127e-02	1.05935180e-01
5502            	8.93190038e-01	1.05537796e-02	-6.69904570e-02	1.26818292e-02	1.08393240e-01
5503            	8.93172747e-01	1.06271619e-02	-6.74203055e-02	1.27629557e-02	1.10835836e-01
5504            	8.93142708e-01	1.07505998e-02	-6.81520715e-02	1.28932432e-02	1.12938840e-01
5505            	8.93103116e-01	1.08974380e-02	-6.90208291e-02	1.31037334e-02	1.14380419e-01
5506            	8.93058891e-01	1.09921876e-02	-6.95587762e-02	1.33929357e-02	1.14788472e-01
5507            	8.93038565e-01	1.10762293e-02	-7.00532669e-02	1.37365896e-02	1.13948541e-01
5508            	8.93042890e-01	1.11663699e-02	-7.05996230e-02	1.41173045e-02	1.11994565e-01
5509            	8.93041226e-01	1.12271683e-02	-7.09389289e-02	1.45065012e-02	1.09302732e-01
5510            	8.93011752e-01	1.12116414e-02	-7.07482872e-02	1.48429721e-02	1.05948895e-01
5511            	8.92958062e-01	1.10922328e-02	-6.98744753e-02	1.51242511e-02	1.02236000e-01
5512            	8.92887277e-01	1.09295176e-02	-6.87604248e-02	1.53223439e-02	9.84053693e-02
5513            	8.92824908e-01	1.07471114e-02	-6.75900618e-02	1.54582199e-02	9.46425489e-02
5514            	8.92799866e-01	1.06180065e-02	-6.68335695e-02	1.55826294e-02	9.08746778e-02
5515            	8.92839364e-01	1.05536820e-02	-6.65251722e-02	1.57557323e-02	8.74054017e-02
5516            	8.92916271e-01	1.05117845e-02	-6.63686001e-02	1.60049147e-02	8.44388743e-02
5517            	8.92996970e-01	1.04847410e-02	-6.63036274e-02	1.63624195e-02	8.23093295e-02
5518            	8.93053427e-01	1.04596493e-02	-6.62174410e-02	1.68230481e-02	8.14840961e-02
5519            	8.93092705e-01	1.04786587e-02	-6.64055764e-02	1.73879573e-02	8.22644768e-02
5520            	8.93127751e-01	1.05990834e-02	-6.72600651e-02	1.79727973e-02	8.47120411e-02
5521            	8.93149981e-01	1.07884537e-02	-6.85463300e-02	1.84582852e-02	8.85094283e-02
5522            	8.93137723e-01	1.09275247e-02	-6.94773935e-02	1.87516828e-02	9.33287237e-02
5523            	8.93114858e-01	1.10058289e-02	-6.99740920e-02	1.88521722e-02	9.91541760e-02
5524            	8.93092807e-01	1.10728572e-02	-7.03385155e-02	1.87477568e-02	1.05466586e-01
5525            	8.93063089e-01	1.11370783e-02	-7.06415477e-02	1.84313415e-02	1.11383717e-01
5526            	8.93015362e-01	1.11543004e-02	-7.06271795e-02	1.79215000e-02	1.16209109e-01
5527            	8.92955195e-01	1.10857000e-02	-7.00638500e-02	1.72530133e-02	1.19325084e-01
5528            	8.92894315e-01	1.09759616e-02	-6.92720649e-02	1.64768995e-02	1.20552578e-01
5529            	8.92832167e-01	1.08516683e-02	-6.84253492e-02	1.56205208e-02	1.19887225e-01
5530            	8.92771707e-01	1.07877994e-02	-6.80027601e-02	1.47342307e-02	1.18035547e-01
5531            	8.92773294e-01	1.07524725e-02	-6.77967105e-02	1.38546443e-02	1.15293932e-01
5532            	8.92846030e-01	1.07252321e-02	-6.76863020e-02	1.30360067e-02	1.12184303e-01
5533            	8.92945717e-01	1.06686243e-02	-6.74042502e-02	1.23491058e-02	1.09191307e-01
5534            	8.93004361e-01	1.06130790e-02	-6.70971573e-02	1.18321874e-02	1.06512388e-01
5535            	8.93031036e-01	1.06002497e-02	-6.70357482e-02	1.14903450e-02	1.04137056e-01
5536            	8.93050951e-01	1.07217050e-02	-6.78480177e-02	1.13566373e-02	1.02261807e-01
5537            	8.93104436e-01	1.08490180e-02	-6.87258423e-02	1.14717119e-02	1.00979580e-01
5538            	8.93162438e-01	1.09079906e-02	-6.91892926e-02	1.18397251e-02	1.00302558e-01
5539            	8.93223669e-01	1.09199199e-02	-6.93428825e-02	1.24278909e-02	9.99272991e-02
5540            	8.93262742e-01	1.09704836e-02	-6.96752102e-02	1.31485587e-02	9.96668915e-02
5541            	8.93264528e-01	1.10519203e-02	-7.01196383e-02	1.39593035e-02	9.97232585e-02
5542            	8.93192903e-01	1.10629983e-02	-7.00472493e-02	1.48220899e-02	1.00390149e-01
5543            	8.93078988e-01	1.09782621e-02	-6.93336492e-02	1.56908437e-02	1.01855625e-01
5544            	8.92965609e-01	1.08273362e-02	-6.82179282e-02	1.64618891e-02	1.03637187e-01
5545            	8.92885870e-01	1.06789310e-02	-6.71821825e-02	1.70558505e-02	1.05198463e-01
5546            	8.92813532e-01	1.06406698e-02	-6.69295423e-02	1.74573300e-02	1.05894896e-01
5547            	8.92784129e-01	1.06905825e-02	-6.72987692e-02	1.76664426e-02	1.05223273e-01
5548            	8.92809668e-01	1.07402042e-02	-6.76918385e-02	1.76917177e-02	1.03051158e-01
5549            	8.92856364e-01	1.07113197e-02	-6.75725867e-02	1.75709768e-02	9.96451060e-02
5550            	8.92887166e-01	1.06373756e-02	-6.71592856e-02	1.73567149e-02	9.56351818e-02
5551            	8.92911711e-01	1.05987038e-02	-6.69692634e-02	1.71245794e-02	9.17336809e-02
5552            	8.92922507e-01	1.07262170e-02	-6.78672315e-02	1.69699133e-02	8.85408300e-02
5553            	8.92955723e-01	1.08778880e-02	-6.89278804e-02	1.68939228e-02	8.65629489e-02
5554            	8.92997345e-01	1.09380503e-02	-6.94097891e-02	1.68579508e-02	8.60589831e-02
5555            	8.93062935e-01	1.09088834e-02	-6.93152957e-02	1.68401180e-02	8.73224250e-02
5556            	8.93140390e-01	1.08946787e-02	-6.92847838e-02	1.68093180e-02	9.02020133e-02
5557            	8.93215185e-01	1.09451174e-02	-6.96241490e-02	1.67529396e-02	9.44157469e-02
5558            	8.93225946e-01	1.09695539e-02	-6.97518175e-02	1.66288917e-02	9.91295354e-02
5559            	8.93184822e-01	1.09319474e-02	-6.94389722e-02	1.63922255e-02	1.03548196e-01
5560            	8.93109664e-01	1.08140524e-02	-6.85610426e-02	1.61277884e-02	1.07646002e-01
5561            	8.93027775e-01	1.07015282e-02	-6.76910220e-02	1.58744227e-02	1.11450705e-01
5562            	8.92923762e-01	1.06727039e-02	-6.73804144e-02	1.56137525e-02	1.14854762e-01
5563            	8.92845732e-01	1.07234015e-02	-6.76380336e-02	1.53186569e-02	1.17867847e-01
5564            	8.92835649e-01	1.07652689e-02	-6.78908132e-02	1.49864326e-02	1.20236634e-01
5565            	8.92881804e-01	1.07575126e-02	-6.78487878e-02	1.45966999e-02	1.21624608e-01
5566            	8.92922006e-01	1.07373435e-02	-6.77357474e-02	1.41156919e-02	1.21547028e-01
5567            	8.92938764e-01	1.08043056e-02	-6.81675205e-02	1.35688951e-02	1.19875594e-01
5568            	8.92922743e-01	1.09494459e-02	-6.90949608e-02	1.29532710e-02	1.16742828e-01
5569            	8.92940640e-01	1.10733493e-02	-6.99272905e-02	1.23525542e-02	1.12377516e-01
5570            	8.92985819e-01	1.11051018e-02	-7.02080709e-02	1.18966675e-02	1.07355297e-01
5571            	8.93041606e-01	1.10549563e-02	-6.99553766e-02	1.17057292e-02	1.02400449e-01
5572            	8.93092010e-01	1.09957882e-02	-6.96054533e-02	1.18217915e-02	9.77574488e-02
5573            	8.93146470e-01	1.09875014e-02	-6.95576546e-02	1.22442178e-02	9.38180719e-02
5574            	8.93164972e-01	1.09745808e-02	-6.94899491e-02	1.29396504e-02	9.12610194e-02
5575            	8.93166576e-01	1.08676247e-02	-6.88215915e-02	1.38247825e-02	9.04267596e-02
5576            	8.93162324e-01	1.06742348e-02	-6.75802815e-02	1.47993242e-02	9.11843235e-02
5577            	8.93150982e-01	1.05544583e-02	-6.67901528e-02	1.57442036e-02	9.29670949e-02
5578            	8.93092679e-01	1.05401756e-02	-6.66798703e-02	1.65662989e-02	9.52704858e-02
5579            	8.93001813e-01	1.06029229e-02	-6.70593030e-02	1.72757881e-02	9.76710606e-02
5580            	8.92930601e-01	1.06374045e-02	-6.72411104e-02	1.78425464e-02	9.97723737e-02
5581            	8.92914540e-01	1.06070862e-02	-6.70054291e-02	1.82534537e-02	1.01488925e-01
5582            	8.92919157e-01	1.05638110e-02	-6.67221049e-02	1.85232504e-02	1.02875077e-01
5583            	8.92917474e-01	1.06317247e-02	-6.71777901e-02	1.86610883e-02	1.03878704e-01
5584            	8.92891274e-01	1.07688103e-02	-6.80733713e-02	1.86805491e-02	1.04223063e-01
5585            	8.92879881e-01	1.09346704e-02	-6.91751611e-02	1.85409610e-02	1.03695042e-01
5586            	8.92890208e-01	1.10314102e-02	-6.98497317e-02	1.82265964e-02	1.02530659e-01
5587            	8.92917883e-01	1.10095087e-02	-6.97370735e-02	1.77160321e-02	1.00819248e-01
5588            	8.92954499e-01	1.09642457e-02	-6.94561007e-02	1.70325990e-02	9.89812086e-02
5589            	8.92999741e-01	1.09563825e-02	-6.93968332e-02	1.62755901e-02	9.73538221e-02
5590            	8.93019071e-01	1.09542420e-02	-6.93824548e-02	1.55375206e-02	9.61007821e-02
5591            	8.93024063e-01	1.08738771e-02	-6.88706044e-02	1.48853077e-02	9.53380346e-02
5592            	8.93033849e-01	1.07295850e-02	-6.79274281e-02	1.43917398e-02	9.52804482e-02
5593            	8.93064618e-01	1.06367192e-02	-6.73196990e-02	1.41006434e-02	9.62159876e-02
5594            	8.93076129e-01	1.06117956e-02	-6.71752319e-02	1.40056176e-02	9.81228029e-02
5595            	8.93057210e-01	1.06374263e-02	-6.73672427e-02	1.40529363e-02	1.01045181e-01
5596            	8.93040087e-01	1.06754490e-02	-6.76252065e-02	1.41551616e-02	1.04588670e-01
5597            	8.93063358e-01	1.06882955e-02	-6.76953520e-02	1.42682829e-02	1.08304859e-01
5598            	8.93077456e-01	1.07048500e-02	-6.77630845e-02	1.43647578e-02	1.11935788e-01
5599            	8.93057921e-01	1.07998419e-02	-6.83121886e-02	1.44427952e-02	1.15423330e-01
5600            	8.93005929e-01	1.09229452e-02	-6.90203810e-02	1.44428496e-02	1.18058246e-01
5601            	8.92967400e-01	1.10779769e-02	-6.99758688e-02	1.43344250e-02	1.19585063e-01
5602            	8.92969087e-01	1.11963779e-02	-7.07393433e-02	1.41695644e-02	1.19882578e-01
5603            	8.92997070e-01	1.12294898e-02	-7.09468526e-02	1.40092009e-02	1.18900839e-01
5604            	8.93015258e-01	1.12136776e-02	-7.08259830e-02	1.38941356e-02	1.16403100e-01
5605            	8.93017185e-01	1.11825936e-02	-7.06001623e-02	1.38390577e-02	1.12509311e-01
5606            	8.93004934e-01	1.11369572e-02	-7.03138924e-02	1.38453492e-02	1.07657491e-01
5607            	8.92990297e-01	1.10262533e-02	-6.96379504e-02	1.39199331e-02	1.02533995e-01
5608            	8.92985831e-01	1.08697518e-02	-6.86686693e-02	1.40939152e-02	9.77189802e-02
5609            	8.92989973e-01	1.07412775e-02	-6.78635668e-02	1.43665335e-02	9.36045838e-02
5610            	8.92993114e-01	1.06723725e-02	-6.74580613e-02	1.47202631e-02	9.05163649e-02
5611            	8.92985047e-01	1.06364465e-02	-6.72870293e-02	1.51697762e-02	8.85326978e-02
5612            	8.92983068e-01	1.06026743e-02	-6.71478967e-02	1.57051461e-02	8.76285138e-02
5613            	8.93033262e-01	1.05316967e-02	-6.67831149e-02	1.62815624e-02	8.78521265e-02
5614            	8.93096073e-01	1.04921611e-02	-6.66221487e-02	1.68643471e-02	8.92224087e-02
5615            	8.93128629e-01	1.05475237e-02	-6.70431068e-02	1.73791461e-02	9.13751208e-02
5616            	8.93106082e-01	1.06321142e-02	-6.75810268e-02	1.78546603e-02	9.41467453e-02
5617            	8.93051091e-01	1.07147122e-02	-6.80560559e-02	1.82915217e-02	9.73505607e-02
5618            	8.93003770e-01	1.07671585e-02	-6.83172058e-02	1.86135697e-02	1.00714804e-01
5619            	8.92981324e-01	1.07961498e-02	-6.84173424e-02	1.87262994e-02	1.03805172e-01
5620            	8.92961575e-01	1.08133714e-02	-6.84529014e-02	1.85840761e-02	1.06447187e-01
5621            	8.92945488e-01	1.08331923e-02	-6.85237814e-02	1.81776507e-02	1.08378798e-01
5622            	8.92935358e-01	1.08747406e-02	-6.87511038e-02	1.75347243e-02	1.09306712e-01
5623            	8.92924845e-01	1.08844921e-02	-6.87791146e-02	1.67270450e-02	1.09039123e-01
5624            	8.92906639e-01	1.08584900e-02	-6.85519445e-02	1.58166829e-02	1.07747844e-01
5625            	8.92904395e-01	1.07931959e-02	-6.80737301e-02	1.48945339e-02	1.05676085e-01
5626            	8.92908384e-01	1.07502223e-02	-6.77813796e-02	1.40697955e-02	1.03301090e-01
5627            	8.92901395e-01	1.07139163e-02	-6.75688396e-02	1.34340861e-02	1.00985730e-01
5628            	8.92879128e-01	1.06971479e-02	-6.74980521e-02	1.30085238e-02	9.93095441e-02
5629            	8.92913752e-01	1.06699429e-02	-6.73774818e-02	1.27980179e-02	9.83661152e-02
5630            	8.93003375e-01	1.07104043e-02	-6.77179217e-02	1.27891180e-02	9.84856161e-02
5631            	8.93110034e-01	1.07586393e-02	-6.81240038e-02	1.29332533e-02	9.95040359e-02
5632            	8.93178735e-01	1.08222580e-02	-6.86156956e-02	1.31890367e-02	1.01493307e-01
5633            	8.93203707e-01	1.09180280e-02	-6.92681773e-02	1.34737127e-02	1.04014540e-01
5634            	8.93203975e-01	1.10399350e-02	-7.00407583e-02	1.37411362e-02	1.06676434e-01
5635            	8.93191905e-01	1.11361811e-02	-7.05870819e-02	1.40633145e-02	1.09575241e-01
5636            	8.93145539e-01	1.11341652e-02	-7.04612847e-02	1.44478468e-02	1.12531358e-01
5637            	8.93080604e-01	1.10881423e-02	-7.00679352e-02	1.48873515e-02	1.14948841e-01
5638            	8.93028245e-01	1.10440699e-02	-6.97287270e-02	1.53347551e-02	1.16265085e-01
5639            	8.93010907e-01	1.10153645e-02	-6.95353628e-02	1.57407948e-02	1.16445590e-01
5640            	8.92987776e-01	1.10162393e-02	-6.95537766e-02	1.60526541e-02	1.15408022e-01
5641            	8.92961647e-01	1.10089974e-02	-6.95136130e-02	1.62061872e-02	1.13017834e-01
5642            	8.92928431e-01	1.09996998e-02	-6.94572582e-02	1.62078089e-02	1.09440821e-01
5643            	8.92881895e-01	1.09464657e-02	-6.91165567e-02	1.60661134e-02	1.05015454e-01
5644            	8.92827506e-01	1.08706974e-02	-6.86619899e-02	1.58435976e-02	1.00196720e-01
5645            	8.92824855e-01	1.07932741e-02	-6.82385734e-02	1.56311774e-02	9.54691950e-02
5646            	8.92875699e-01	1.07870822e-02	-6.83146188e-02	1.55043532e-02	9.12358498e-02
5647            	8.92955401e-01	1.07571867e-02	-6.82421234e-02	1.55101340e-02	8.80036083e-02
5648            	8.93020496e-01	1.07040873e-02	-6.80071315e-02	1.56775124e-02	8.61736224e-02
5649            	8.93075791e-01	1.06251648e-02	-6.75719068e-02	1.60017096e-02	8.56668005e-02
5650            	8.93117486e-01	1.06069048e-02	-6.74923244e-02	1.64460127e-02	8.62987979e-02
5651            	8.93162621e-01	1.06406126e-02	-6.77174555e-02	1.68984354e-02	8.81575331e-02
5652            	8.93173346e-01	1.06290806e-02	-6.76093065e-02	1.72317884e-02	9.08846710e-02
5653            	8.93150081e-01	1.06141378e-02	-6.74655154e-02	1.73832956e-02	9.42393687e-02
5654            	8.93106940e-01	1.06195543e-02	-6.74160465e-02	1.73756184e-02	9.81307719e-02
5655            	8.93070339e-01	1.06748902e-02	-6.76475276e-02	1.72555953e-02	1.02535355e-01
5656            	8.93013708e-01	1.07555105e-02	-6.80257076e-02	1.70187279e-02	1.06836307e-01
5657            	8.92963218e-01	1.08154997e-02	-6.82794980e-02	1.66665971e-02	1.10534808e-01
5658            	8.92920644e-01	1.08348304e-02	-6.82994273e-02	1.62304863e-02	1.13316525e-01
5659            	8.92884485e-01	1.08370833e-02	-6.82427162e-02	1.57410100e-02	1.14816323e-01
5660            	8.92830847e-01	1.08368075e-02	-6.82097589e-02	1.52030677e-02	1.14687408e-01
5661            	8.92798910e-01	1.09047148e-02	-6.86560335e-02	1.46234405e-02	1.13155197e-01
5662            	8.92823183e-01	1.09815449e-02	-6.91921236e-02	1.40295516e-02	1.10488626e-01
5663            	8.92905851e-01	1.10031878e-02	-6.94093780e-02	1.34568224e-02	1.07336732e-01
5664            	8.92985700e-01	1.09817204e-02	-6.93726624e-02	1.29839735e-02	1.04434250e-01
5665            	8.93043609e-01	1.09768134e-02	-6.93952728e-02	1.26579789e-02	1.01981936e-01
5666            	8.93075390e-01	1.10287102e-02	-6.97465634e-02	1.24886285e-02	1.00384770e-01
5667            	8.93121840e-01	1.10856086e-02	-7.01321948e-02	1.25368861e-02	9.97975774e-02
5668            	8.93160762e-01	1.10737114e-02	-7.00980821e-02	1.28367829e-02	1.00465079e-01
5669            	8.93192702e-01	1.09794100e-02	-6.95599398e-02	1.33570417e-02	1.02139299e-01
5670            	8.93221216e-01	1.08630337e-02	-6.88798495e-02	1.40306618e-02	1.04150205e-01
5671            	8.93246736e-01	1.08652670e-02	-6.89321700e-02	1.47266624e-02	1.05751117e-01
5672            	8.93223544e-01	1.09472609e-02	-6.94618095e-02	1.54247949e-02	1.07098968e-01
5673            	8.93161090e-01	1.10129983e-02	-6.98350616e-02	1.60813742e-02	1.08293350e-01
5674            	8.93068414e-01	1.09882130e-02	-6.95782993e-02	1.66417528e-02	1.09443395e-01
5675            	8.92982462e-01	1.09289360e-02	-6.90958806e-02	1.70419006e-02	1.10379965e-01
5676            	8.92893984e-01	1.08799947e-02	-6.87335830e-02	1.72648388e-02	1.10809009e-01
5677            	8.92821153e-01	1.09474224e-02	-6.91853914e-02	1.73237597e-02	1.10483613e-01
5678            	8.92796292e-01	1.10245963e-02	-6.97328244e-02	1.72261211e-02	1.09067047e-01
5679            	8.92834169e-01	1.10279693e-02	-6.98334287e-02	1.70066925e-02	1.06608468e-01
5680            	8.92886536e-01	1.09423617e-02	-6.93650721e-02	1.66927225e-02	1.03138722e-01
5681            	8.92933881e-01	1.08121076e-02	-6.85679716e-02	1.63264495e-02	9.89489862e-02
5682            	8.92951179e-01	1.07070760e-02	-6.78917777e-02	1.59855985e-02	9.43057082e-02
5683            	8.92964964e-01	1.06537502e-02	-6.75385527e-02	1.57336431e-02	8.99228033e-02
5684            	8.92975465e-01	1.06115388e-02	-6.72761424e-02	1.55621670e-02	8.63801459e-02
5685            	8.92999455e-01	1.05110817e-02	-6.66594910e-02	1.54442952e-02	8.41566136e-02
5686            	8.93047999e-01	1.04254648e-02	-6.61552251e-02	1.53924727e-02	8.38241802e-02
5687            	8.93127188e-01	1.04799803e-02	-6.65413359e-02	1.54046239e-02	8.53321998e-02
5688            	8.93192830e-01	1.06321882e-02	-6.75346073e-02	1.54914310e-02	8.87159284e-02
5689            	8.93211211e-01	1.07500591e-02	-6.82556756e-02	1.55927898e-02	9.32216505e-02
5690            	8.93174201e-01	1.07862185e-02	-6.83864837e-02	1.56517866e-02	9.80788515e-02
5691            	8.93107244e-01	1.07772666e-02	-6.81871097e-02	1.57145729e-02	1.02848516e-01
5692            	8.93010604e-01	1.07902841e-02	-6.81299640e-02	1.57683366e-02	1.07110584e-01
5693            	8.92904321e-01	1.08990056e-02	-6.87225718e-02	1.57885006e-02	1.10889370e-01
5694            	8.92848263e-01	1.10093599e-02	-6.93804476e-02	1.57447632e-02	1.13914286e-01
5695            	8.92885765e-01	1.10863313e-02	-6.98973502e-02	1.56232363e-02	1.16049362e-01
5696            	8.92949839e-01	1.11087110e-02	-7.00851827e-02	1.54020793e-02	1.17340192e-01
5697            	8.92995255e-01	1.11316411e-02	-7.02415819e-02	1.50575458e-02	1.17789080e-01
5698            	8.92995079e-01	1.11986537e-02	-7.06313943e-02	1.46214391e-02	1.17027779e-01
5699            	8.92972909e-01	1.12721947e-02	-7.10630103e-02	1.41209965e-02	1.15213292e-01
5700            	8.92961998e-01	1.12803099e-02	-7.11419310e-02	1.36415794e-02	1.12777622e-01
5701            	8.92980402e-01	1.11562405e-02	-7.04170394e-02	1.32876943e-02	1.10146919e-01
5702            	8.93017168e-01	1.10172573e-02	-6.96300091e-02	1.31421361e-02	1.07318826e-01
5703            	8.93074200e-01	1.09926191e-02	-6.95810652e-02	1.32197649e-02	1.04117352e-01
5704            	8.93133606e-01	1.10410599e-02	-7.00021937e-02	1.35154799e-02	1.00954849e-01
5705            	8.93181032e-01	1.10683698e-02	-7.02733071e-02	1.39895044e-02	9.83243580e-02
5706            	8.93195851e-01	1.10147466e-02	-6.99826973e-02	1.45743484e-02	9.67675532e-02
5707            	8.93188365e-01	1.09015354e-02	-6.92751578e-02	1.52108498e-02	9.67027462e-02
5708            	8.93146359e-01	1.08608759e-02	-6.90182906e-02	1.58086264e-02	9.79637528e-02
5709            	8.93068231e-01	1.09293224e-02	-6.94555823e-02	1.63197493e-02	9.99006310e-02
5710            	8.92985477e-01	1.10029674e-02	-6.99119635e-02	1.67546818e-02	1.01877566e-01
5711            	8.92957221e-01	1.09831591e-02	-6.97648982e-02	1.71140059e-02	1.03719798e-01
5712            	8.92961404e-01	1.08543368e-02	-6.89040630e-02	1.73701218e-02	1.05310811e-01
5713            	8.92972028e-01	1.07268298e-02	-6.80412467e-02	1.74974813e-02	1.06258244e-01
5714            	8.92956585e-01	1.06475564e-02	-6.74727224e-02	1.75012547e-02	1.06017751e-01
5715            	8.92919871e-01	1.06215777e-02	-6.72434003e-02	1.73968082e-02	1.04383542e-01
5716            	8.92886325e-01	1.06006308e-02	-6.70776913e-02	1.71617033e-02	1.01631913e-01
5717            	8.92878430e-01	1.05294350e-02	-6.66004548e-02	1.67696979e-02	9.81790309e-02
5718            	8.92884968e-01	1.04798912e-02	-6.62749364e-02	1.62426905e-02	9.48015311e-02
5719            	8.92929454e-01	1.05050371e-02	-6.64527048e-02	1.56357150e-02	9.19433858e-02
5720            	8.92991231e-01	1.06446678e-02	-6.73692163e-02	1.50659554e-02	9.00981866e-02
5721            	8.93034183e-01	1.07725436e-02	-6.81879357e-02	1.46025568e-02	8.92331774e-02
5722            	8.93048216e-01	1.08036014e-02	-6.83443133e-02	1.42916175e-02	8.92811080e-02
5723            	8.93064331e-01	1.07490915e-02	-6.79361307e-02	1.41554151e-02	9.02180434e-02
5724            	8.93074487e-01	1.07610255e-02	-6.79870305e-02	1.41998268e-02	9.18879388e-02
5725            	8.93072796e-01	1.08109259e-02	-6.83227165e-02	1.43928257e-02	9.39807208e-02
5726            	8.93060567e-01	1.09038945e-02	-6.89813851e-02	1.46799591e-02	9.69323603e-02
5727            	8.93088102e-01	1.09721493e-02	-6.94749875e-02	1.49626116e-02	1.00428425e-01
5728            	8.93141449e-01	1.10070031e-02	-6.96929463e-02	1.52370514e-02	1.04723771e-01
5729            	8.93164356e-01	1.10441063e-02	-6.98524452e-02	1.54851316e-02	1.09508287e-01
5730            	8.93123732e-01	1.10742686e-02	-6.99159830e-02	1.56798412e-02	1.14452569e-01
5731            	8.93039977e-01	1.11512305e-02	-7.02931065e-02	1.57563118e-02	1.19010111e-01
5732            	8.92972151e-01	1.12156315e-02	-7.06640057e-02	1.57026178e-02	1.22548786e-01
5733            	8.92957719e-01	1.12420200e-02	-7.08589645e-02	1.55636347e-02	1.24956713e-01
5734            	8.92970499e-01	1.12567921e-02	-7.10163197e-02	1.53537781e-02	1.25628052e-01
5735            	8.93000177e-01	1.12913256e-02	-7.13265112e-02	1.51035608e-02	1.23844615e-01
5736            	8.93026536e-01	1.13592655e-02	-7.18460974e-02	1.48178767e-02	1.19449999e-01
5737            	8.93048241e-01	1.13864951e-02	-7.20951244e-02	1.45325968e-02	1.13498786e-01
5738            	8.93039354e-01	1.13323868e-02	-7.18156037e-02	1.42920644e-02	1.07269797e-01
5739            	8.93028959e-01	1.12120004e-02	-7.10937268e-02	1.41596079e-02	1.01855682e-01
5740            	8.93010080e-01	1.11814586e-02	-7.09450134e-02	1.41541889e-02	9.75161592e-02
5741            	8.92998595e-01	1.11585609e-02	-7.08528528e-02	1.42770046e-02	9.44101004e-02
5742            	8.92991321e-01	1.11186373e-02	-7.06816566e-02	1.45384050e-02	9.25729003e-02
5743            	8.93031470e-01	1.10124445e-02	-7.00964727e-02	1.49100408e-02	9.16903516e-02
5744            	8.93111490e-01	1.08601271e-02	-6.91952428e-02	1.53530039e-02	9.15506398e-02
5745            	8.93184818e-01	1.07039899e-02	-6.82254081e-02	1.58256550e-02	9.21227556e-02
5746            	8.93197508e-01	1.05635882e-02	-6.72982207e-02	1.62405121e-02	9.30505393e-02
5747            	8.93140682e-01	1.04576930e-02	-6.65443630e-02	1.66458415e-02	9.39618301e-02
5748            	8.93056428e-01	1.03910737e-02	-6.60086604e-02	1.70252734e-02	9.47652581e-02
5749            	8.92998551e-01	1.03707947e-02	-6.57623768e-02	1.73201814e-02	9.59875115e-02
5750            	8.92961797e-01	1.03884169e-02	-6.57722725e-02	1.74708996e-02	9.77600918e-02
5751            	8.92955298e-01	1.04730294e-02	-6.62544107e-02	1.74432879e-02	9.98825748e-02
5752            	8.92969989e-01	1.06251202e-02	-6.71849520e-02	1.72321728e-02	1.01905714e-01
5753            	8.92989519e-01	1.08081529e-02	-6.83035955e-02	1.68346453e-02	1.03346973e-01
5754            	8.92979008e-01	1.09157156e-02	-6.89268764e-02	1.63011199e-02	1.03642990e-01
5755            	8.92956630e-01	1.09735787e-02	-6.92098862e-02	1.56750640e-02	1.02725732e-01
5756            	8.92937734e-01	1.10010578e-02	-6.93111173e-02	1.50327562e-02	1.00865303e-01
5757            	8.92937508e-01	1.10007544e-02	-6.92858349e-02	1.44727076e-02	9.85712232e-02
5758            	8.92929907e-01	1.09856246e-02	-6.92308091e-02	1.40746006e-02	9.64389080e-02
5759            	8.92949827e-01	1.09838108e-02	-6.92855151e-02	1.38570944e-02	9.51412099e-02
5760            	8.93024165e-01	1.09657679e-02	-6.92226035e-02	1.38330495e-02	9.50082444e-02
5761            	8.93132264e-01	1.09293716e-02	-6.90304252e-02	1.39799781e-02	9.65226949e-02
5762            	8.93197240e-01	1.08961078e-02	-6.88674466e-02	1.42583023e-02	9.99236069e-02
5763            	8.93215759e-01	1.09046055e-02	-6.89569756e-02	1.46050940e-02	1.04401615e-01
5764            	8.93203696e-01	1.09653065e-02	-6.93661768e-02	1.49107512e-02	1.09217548e-01
5765            	8.93198359e-01	1.10859171e-02	-7.01571768e-02	1.51384760e-02	1.13708454e-01
5766            	8.93176542e-01	1.12030691e-02	-7.09138292e-02	1.53523725e-02	1.17918823e-01
5767            	8.93149230e-01	1.12762775e-02	-7.13840252e-02	1.55663816e-02	1.21255939e-01
5768            	8.93114344e-01	1.13080457e-02	-7.15751233e-02	1.57441917e-02	1.22882751e-01
5769            	8.93093226e-01	1.13456556e-02	-7.18106965e-02	1.58652412e-02	1.22795149e-01
5770            	8.93061265e-01	1.13806439e-02	-7.20616823e-02	1.59231794e-02	1.21553089e-01
5771            	8.93018197e-01	1.14575563e-02	-7.25934265e-02	1.59056351e-02	1.19443100e-01
5772            	8.92969271e-01	1.14789288e-02	-7.27493341e-02	1.57739027e-02	1.16626466e-01
5773            	8.92936867e-01	1.14564476e-02	-7.26240718e-02	1.55279492e-02	1.13030568e-01
5774            	8.92902002e-01	1.13598848e-02	-7.20427750e-02	1.51931236e-02	1.08486096e-01
5775            	8.92891553e-01	1.12222962e-02	-7.12103887e-02	1.48161097e-02	1.03152192e-01
5776            	8.92918023e-01	1.10592342e-02	-7.02003598e-02	1.44884699e-02	9.74508935e-02
5777            	8.92976656e-01	1.08379106e-02	-6.88106241e-02	1.42786984e-02	9.20777019e-02
5778            	8.93025750e-01	1.06082273e-02	-6.73940481e-02	1.42336584e-02	8.73173729e-02
5779            	8.93062710e-01	1.03795837e-02	-6.59838954e-02	1.43872056e-02	8.36004627e-02
5780            	8.93088696e-01	1.02017808e-02	-6.48842076e-02	1.47680057e-02	8.11466201e-02
5781            	8.93129448e-01	1.01665350e-02	-6.46895490e-02	1.53025734e-02	8.02945103e-02
5782            	8.93167376e-01	1.02387009e-02	-6.51737843e-02	1.58840403e-02	8.13603099e-02
5783            	8.93188537e-01	1.03303863e-02	-6.57400776e-02	1.63861950e-02	8.42611352e-02
5784            	8.93178751e-01	1.04341029e-02	-6.63342119e-02	1.67675492e-02	8.85919065e-02
5785            	8.93154010e-01	1.05803307e-02	-6.71395364e-02	1.70328477e-02	9.35236675e-02
5786            	8.93104947e-01	1.07699688e-02	-6.81977871e-02	1.71869852e-02	9.86399696e-02
5787            	8.93033606e-01	1.09521540e-02	-6.92030412e-02	1.72020729e-02	1.03270868e-01
5788            	8.92971042e-01	1.10439869e-02	-6.96390846e-02	1.70764959e-02	1.07083020e-01
5789            	8.92943407e-01	1.10820576e-02	-6.97900811e-02	1.68363100e-02	1.09729813e-01
5790            	8.92919787e-01	1.10860949e-02	-6.97677314e-02	1.65097322e-02	1.10883199e-01
5791            	8.92898889e-01	1.11005646e-02	-6.98353244e-02	1.61192269e-02	1.11075010e-01
5792            	8.92892669e-01	1.11158187e-02	-6.99077060e-02	1.56707803e-02	1.10359487e-01
5793            	8.92932309e-01	1.10835162e-02	-6.96963773e-02	1.51891061e-02	1.09227370e-01
5794            	8.92972419e-01	1.10018945e-02	-6.92243389e-02	1.47126746e-02	1.08199591e-01
5795            	8.93003679e-01	1.09106279e-02	-6.87186170e-02	1.42954769e-02	1.07837224e-01
5796            	8.93023933e-01	1.09254794e-02	-6.88813583e-02	1.39558006e-02	1.07603447e-01
5797            	8.93063412e-01	1.10674650e-02	-6.98762398e-02	1.37121895e-02	1.07353936e-01
5798            	8.93128369e-01	1.12211833e-02	-7.09815098e-02	1.36208491e-02	1.07488249e-01
5799            	8.93197673e-01	1.12756662e-02	-7.14539922e-02	1.37098583e-02	1.08288371e-01
5800            	8.93248634e-01	1.12450285e-02	-7.13703312e-02	1.39663070e-02	1.09178448e-01
5801            	8.93287122e-01	1.12232046e-02	-7.13224161e-02	1.43413065e-02	1.09806879e-01
5802            	8.93286564e-01	1.12901076e-02	-7.18227754e-02	1.47397905e-02	1.10332859e-01
5803            	8.93234828e-01	1.14201877e-02	-7.26855112e-02	1.51740014e-02	1.11164607e-01
5804            	8.93148927e-01	1.14737233e-02	-7.29902550e-02	1.55961225e-02	1.12281608e-01
5805            	8.93068356e-01	1.14138822e-02	-7.25314801e-02	1.59408055e-02	1.13459644e-01
5806            	8.92997758e-01	1.12905945e-02	-7.16642460e-02	1.61492879e-02	1.14271742e-01
5807            	8.92938160e-01	1.11825630e-02	-7.09129104e-02	1.62123734e-02	1.14033414e-01
5808            	8.92892170e-01	1.11028172e-02	-7.03665907e-02	1.61372983e-02	1.12245801e-01
5809            	8.92883982e-01	1.09789314e-02	-6.95605511e-02	1.59220519e-02	1.08661343e-01
5810            	8.92889360e-01	1.07587024e-02	-6.81720454e-02	1.56295994e-02	1.03827696e-01
5811            	8.92897394e-01	1.05055808e-02	-6.65780653e-02	1.52960947e-02	9.81909606e-02
5812            	8.92904219e-01	1.03099946e-02	-6.53401310e-02	1.49915969e-02	9.20528568e-02
5813            	8.92932892e-01	1.02315394e-02	-6.48552470e-02	1.48033847e-02	8.60009311e-02
5814            	8.92972416e-01	1.02584869e-02	-6.50607339e-02	1.47754972e-02	8.12864810e-02
5815            	8.93017645e-01	1.02923421e-02	-6.52973611e-02	1.48746919e-02	7.84930947e-02
5816            	8.93051052e-01	1.03155096e-02	-6.54474486e-02	1.50617622e-02	7.77587873e-02
5817            	8.93105653e-01	1.03697821e-02	-6.57936844e-02	1.53116704e-02	7.88599289e-02
5818            	8.93164221e-01	1.05792583e-02	-6.71302948e-02	1.56008211e-02	8.14382221e-02
5819            	8.93205712e-01	1.07916941e-02	-6.84674505e-02	1.59275295e-02	8.51622143e-02
5820            	8.93205061e-01	1.09180293e-02	-6.92145025e-02	1.62300252e-02	8.95744473e-02
5821            	8.93188407e-01	1.09452192e-02	-6.92817821e-02	1.64744034e-02	9.45972223e-02
5822            	8.93144960e-01	1.09376979e-02	-6.90842909e-02	1.67005110e-02	9.99660663e-02
5823            	8.93064483e-01	1.09420188e-02	-6.89413421e-02	1.68986341e-02	1.05167764e-01
5824            	8.92964785e-01	1.09680341e-02	-6.89631951e-02	1.70403610e-02	1.10276725e-01
5825            	8.92911167e-01	1.09806864e-02	-6.89665182e-02	1.70875423e-02	1.15061789e-01
5826            	8.92916876e-01	1.09519830e-02	-6.87795494e-02	1.69975629e-02	1.19514639e-01
5827            	8.92946982e-01	1.09476916e-02	-6.87974944e-02	1.67406681e-02	1.23085410e-01
5828            	8.92962260e-01	1.10486862e-02	-6.94923042e-02	1.62816360e-02	1.24926984e-01
5829            	8.92964779e-01	1.12596479e-02	-7.08911863e-02	1.56459296e-02	1.24732814e-01
5830            	8.92970220e-01	1.14740756e-02	-7.23381617e-02	1.48892616e-02	1.22590420e-01
5831            	8.93003532e-01	1.15666304e-02	-7.30297164e-02	1.41222749e-02	1.19232262e-01
5832            	8.93039650e-01	1.15232012e-02	-7.28601783e-02	1.34868679e-02	1.15544733e-01
5833            	8.93082396e-01	1.14508087e-02	-7.25196506e-02	1.30831023e-02	1.11693588e-01
5834            	8.93120838e-01	1.15103194e-02	-7.30395522e-02	1.29269547e-02	1.07627928e-01
5835            	8.93162864e-01	1.15772864e-02	-7.36035813e-02	1.30167133e-02	1.04102741e-01
5836            	8.93186689e-01	1.15646044e-02	-7.36494562e-02	1.33249985e-02	1.01664394e-01
5837            	8.93214241e-01	1.14235320e-02	-7.28208487e-02	1.37817042e-02	1.00669384e-01
5838            	8.93225789e-01	1.12667155e-02	-7.18331938e-02	1.42942724e-02	1.00686287e-01
5839            	8.93197967e-01	1.11427747e-02	-7.10037078e-02	1.47657021e-02	1.01061740e-01
5840            	8.93124583e-01	1.10292330e-02	-7.02079526e-02	1.51636985e-02	1.01438520e-01
5841            	8.93043383e-01	1.08997762e-02	-6.93081656e-02	1.55061699e-02	1.01312186e-01
5842            	8.92989682e-01	1.06941895e-02	-6.79320885e-02	1.58297571e-02	1.00902328e-01
5843            	8.92968841e-01	1.04722546e-02	-6.64609708e-02	1.61147026e-02	1.00333470e-01
5844            	8.92948459e-01	1.03315933e-02	-6.55141663e-02	1.63392561e-02	9.96633942e-02
5845            	8.92932156e-01	1.02783626e-02	-6.51330955e-02	1.65165976e-02	9.84118421e-02
5846            	8.92920935e-01	1.03104199e-02	-6.53025005e-02	1.66388886e-02	9.64807193e-02
5847            	8.92925021e-01	1.03790946e-02	-6.57164579e-02	1.66641609e-02	9.43067805e-02
5848            	8.92923657e-01	1.03958570e-02	-6.57853774e-02	1.65502132e-02	9.21040661e-02
5849            	8.92933408e-01	1.04701492e-02	-6.62311312e-02	1.62860315e-02	8.98862999e-02
5850            	8.92965717e-01	1.06337384e-02	-6.72550404e-02	1.59230056e-02	8.76598750e-02
5851            	8.93016177e-01	1.08280360e-02	-6.84817918e-02	1.55728853e-02	8.60612221e-02
5852            	8.93046506e-01	1.09260501e-02	-6.90827864e-02	1.53044702e-02	8.52629652e-02
5853            	8.93078429e-01	1.09106265e-02	-6.89180807e-02	1.51614431e-02	8.56574893e-02
5854            	8.93109872e-01	1.08382204e-02	-6.83681939e-02	1.51956477e-02	8.74838707e-02
5855            	8.93134849e-01	1.07686581e-02	-6.78541030e-02	1.54067236e-02	9.05844332e-02
5856            	8.93118041e-01	1.07298170e-02	-6.75830963e-02	1.57424567e-02	9.49131712e-02
5857            	8.93093733e-01	1.07242250e-02	-6.75680910e-02	1.61187655e-02	1.00249517e-01
5858            	8.93105950e-01	1.07078141e-02	-6.74943563e-02	1.64138111e-02	1.05970735e-01
5859            	8.93136539e-01	1.07470745e-02	-6.77572863e-02	1.66217831e-02	1.12145709e-01
5860            	8.93122502e-01	1.08667642e-02	-6.85109982e-02	1.67136304e-02	1.18467575e-01
5861            	8.93076551e-01	1.10815159e-02	-6.98419087e-02	1.66453422e-02	1.23696373e-01
5862            	8.93025070e-01	1.13361221e-02	-7.14349731e-02	1.63875190e-02	1.27294639e-01
5863            	8.93005818e-01	1.15316363e-02	-7.26964692e-02	1.59905359e-02	1.29454176e-01
5864            	8.93001250e-01	1.16185138e-02	-7.33065889e-02	1.55183716e-02	1.30400454e-01
5865            	8.93003201e-01	1.17069952e-02	-7.39659265e-02	1.50126933e-02	1.29753887e-01
5866            	8.93007075e-01	1.17874303e-02	-7.45873452e-02	1.45207497e-02	1.27047673e-01
5867            	8.93025489e-01	1.18432253e-02	-7.50588254e-02	1.40420973e-02	1.22295104e-01
5868            	8.93046077e-01	1.18084965e-02	-7.49516179e-02	1.36051470e-02	1.16276041e-01
5869            	8.93067890e-01	1.16746118e-02	-7.41673870e-02	1.32499420e-02	1.09747796e-01
5870            	8.93071566e-01	1.14718703e-02	-7.28827677e-02	1.30276624e-02	1.03700700e-01
5871            	8.93062380e-01	1.12638827e-02	-7.15373093e-02	1.29441110e-02	9.84497705e-02
5872            	8.93025333e-01	1.10604346e-02	-7.02505146e-02	1.30138431e-02	9.38188700e-02
5873            	8.93006014e-01	1.08585569e-02	-6.90256925e-02	1.32536823e-02	8.98603109e-02
5874            	8.93043815e-01	1.06447332e-02	-6.77483889e-02	1.36502230e-02	8.66955184e-02
5875            	8.93123645e-01	1.04447550e-02	-6.65547098e-02	1.41965106e-02	8.50600540e-02
5876            	8.93176968e-01	1.03208763e-02	-6.58224297e-02	1.48451506e-02	8.49022849e-02
5877            	8.93182019e-01	1.02522893e-02	-6.53709079e-02	1.55163497e-02	8.56664833e-02
5878            	8.93129807e-01	1.02167762e-02	-6.50549368e-02	1.62223592e-02	8.69781567e-02
5879            	8.93063622e-01	1.02162237e-02	-6.49254993e-02	1.68950917e-02	8.86856130e-02
5880            	8.93003667e-01	1.02898654e-02	-6.52709698e-02	1.74531547e-02	9.09428224e-02
5881            	8.92964700e-01	1.04357458e-02	-6.60914949e-02	1.78315795e-02	9.36745219e-02
5882            	8.92951734e-01	1.05991213e-02	-6.70538684e-02	1.79850625e-02	9.64190004e-02
5883            	8.92973459e-01	1.08065879e-02	-6.83207487e-02	1.79184499e-02	9.85757707e-02
5884            	8.92993825e-01	1.09892970e-02	-6.94198006e-02	1.76391184e-02	9.99092032e-02
5885            	8.92997759e-01	1.10591778e-02	-6.97475888e-02	1.72157487e-02	1.00522790e-01
5886            	8.92981731e-01	1.10270110e-02	-6.93772209e-02	1.67063346e-02	1.00665351e-01
5887            	8.92966602e-01	1.09224248e-02	-6.85748149e-02	1.61868920e-02	1.00508635e-01
5888            	8.92927591e-01	1.08010693e-02	-6.77491297e-02	1.57415692e-02	1.00148475e-01
5889            	8.92899855e-01	1.07051539e-02	-6.71684072e-02	1.54136765e-02	1.00373751e-01
5890            	8.92923918e-01	1.06656893e-02	-6.70014082e-02	1.51924479e-02	1.01116749e-01
5891            	8.93020966e-01	1.07154751e-02	-6.74324000e-02	1.50715055e-02	1.02678293e-01
5892            	8.93123652e-01	1.08174229e-02	-6.82113686e-02	1.50355507e-02	1.05231813e-01
5893            	8.93195701e-01	1.09471557e-02	-6.91470453e-02	1.50483719e-02	1.08611712e-01
5894            	8.93214578e-01	1.11258804e-02	-7.03465455e-02	1.50628373e-02	1.12196602e-01
5895            	8.93215784e-01	1.13215435e-02	-7.16401392e-02	1.50152924e-02	1.15600716e-01
5896            	8.93202880e-01	1.15313633e-02	-7.30286193e-02	1.49278533e-02	1.19007797e-01
5897            	8.93171210e-01	1.16851671e-02	-7.40354150e-02	1.48586468e-02	1.22482617e-01
5898            	8.93123863e-01	1.17481050e-02	-7.44582265e-02	1.48680828e-02	1.25314359e-01
5899            	8.93100390e-01	1.17612345e-02	-7.45682234e-02	1.49085057e-02	1.26542942e-01
5900            	8.93090828e-01	1.17278328e-02	-7.43854896e-02	1.49115622e-02	1.26059799e-01
5901            	8.93079839e-01	1.16815799e-02	-7.41101909e-02	1.48478020e-02	1.23893309e-01
5902            	8.93049065e-01	1.15891797e-02	-7.35025772e-02	1.47000543e-02	1.20434411e-01
5903            	8.93000642e-01	1.14373895e-02	-7.24951392e-02	1.44599106e-02	1.15773018e-01
5904            	8.92926409e-01	1.12304927e-02	-7.11518341e-02	1.41413485e-02	1.09959437e-01
5905            	8.92865096e-01	1.09993841e-02	-6.96842196e-02	1.37921060e-02	1.03141717e-01
5906            	8.92847648e-01	1.08158002e-02	-6.85650045e-02	1.34862168e-02	9.57770999e-02
5907            	8.92903226e-01	1.06464728e-02	-6.75725288e-02	1.33232828e-02	8.86715025e-02
5908            	8.92979012e-01	1.04764829e-02	-6.65809226e-02	1.33680457e-02	8.28212859e-02
5909            	8.93039679e-01	1.03156661e-02	-6.56232476e-02	1.36475205e-02	7.87464044e-02
5910            	8.93063677e-01	1.01559099e-02	-6.46291205e-02	1.41722193e-02	7.60281669e-02
5911            	8.93095893e-01	1.00751552e-02	-6.41247097e-02	1.49011004e-02	7.45146487e-02
5912            	8.93128326e-01	1.01500759e-02	-6.46167732e-02	1.57231320e-02	7.46909818e-02
5913            	8.93159114e-01	1.02593454e-02	-6.53012979e-02	1.65295751e-02	7.67754428e-02
5914            	8.93165439e-01	1.03843493e-02	-6.60645011e-02	1.71848766e-02	8.03383463e-02
5915            	8.93168192e-01	1.05292023e-02	-6.69097030e-02	1.76984879e-02	8.51465185e-02
5916            	8.93155598e-01	1.07148794e-02	-6.79323157e-02	1.80818358e-02	9.09059731e-02
5917            	8.93117427e-01	1.08698922e-02	-6.86887333e-02	1.83218059e-02	9.70519305e-02
5918            	8.93051818e-01	1.09083211e-02	-6.86737379e-02	1.84083557e-02	1.03063680e-01
5919            	8.92982796e-01	1.08601800e-02	-6.81535701e-02	1.83522153e-02	1.08821834e-01
5920            	8.92915257e-01	1.07739652e-02	-6.74796747e-02	1.81592155e-02	1.13653676e-01
5921            	8.92859654e-01	1.07252584e-02	-6.71299293e-02	1.78130996e-02	1.16819418e-01
5922            	8.92828231e-01	1.08011656e-02	-6.76587885e-02	1.73191036e-02	1.18332867e-01
5923            	8.92858223e-01	1.09236837e-02	-6.85202777e-02	1.66746150e-02	1.18161251e-01
5924            	8.92930071e-01	1.10346584e-02	-6.93199770e-02	1.59208408e-02	1.17100907e-01
5925            	8.92988925e-01	1.11171859e-02	-6.99391132e-02	1.51294555e-02	1.15657091e-01
5926            	8.93013931e-01	1.12089939e-02	-7.06024498e-02	1.43794167e-02	1.14144155e-01
5927            	8.93036370e-01	1.13738833e-02	-7.17330719e-02	1.37260165e-02	1.12747996e-01
5928            	8.93063423e-01	1.16289898e-02	-7.34820883e-02	1.32313847e-02	1.11794838e-01
5929            	8.93122596e-01	1.17927265e-02	-7.46690106e-02	1.29515099e-02	1.11762887e-01
5930            	8.93191952e-01	1.18052859e-02	-7.49089976e-02	1.29015745e-02	1.12540421e-01
5931            	8.93263428e-01	1.17149503e-02	-7.44760556e-02	1.30621079e-02	1.13354731e-01
5932            	8.93311399e-01	1.16407131e-02	-7.40937685e-02	1.33553161e-02	1.13411441e-01
5933            	8.93320339e-01	1.16067748e-02	-7.39090013e-02	1.36832688e-02	1.12820648e-01
5934            	8.93260281e-01	1.15255966e-02	-7.33590652e-02	1.40433073e-02	1.11994126e-01
5935            	8.93160566e-01	1.13622352e-02	-7.22391696e-02	1.43830797e-02	1.11208837e-01
5936            	8.93047794e-01	1.11610580e-02	-7.08605173e-02	1.46677720e-02	1.10253711e-01
5937            	8.92948162e-01	1.09777538e-02	-6.96115227e-02	1.48803696e-02	1.08754352e-01
5938            	8.92877996e-01	1.08741584e-02	-6.89212914e-02	1.50308864e-02	1.06645435e-01
5939            	8.92864231e-01	1.08140051e-02	-6.85552223e-02	1.51247136e-02	1.03602634e-01
5940            	8.92891687e-01	1.07083319e-02	-6.79231307e-02	1.51541079e-02	9.97547149e-02
5941            	8.92927520e-01	1.05569762e-02	-6.69992206e-02	1.51583841e-02	9.54175129e-02
5942            	8.92928978e-01	1.03777192e-02	-6.58656541e-02	1.51518810e-02	9.05426605e-02
5943            	8.92926601e-01	1.02579031e-02	-6.50983582e-02	1.51767673e-02	8.50479666e-02
5944            	8.92932531e-01	1.02475440e-02	-6.50223457e-02	1.52850596e-02	7.96067793e-02
5945            	8.92968111e-01	1.02962416e-02	-6.53379286e-02	1.54922695e-02	7.55422127e-02
5946            	8.93013560e-01	1.03107076e-02	-6.54363209e-02	1.57666557e-02	7.36175541e-02
5947            	8.93074298e-01	1.03342149e-02	-6.55753364e-02	1.60886752e-02	7.40260055e-02
5948            	8.93153817e-01	1.04263550e-02	-6.61120701e-02	1.64568434e-02	7.64699436e-02
5949            	8.93224998e-01	1.05741055e-02	-6.69658122e-02	1.68661591e-02	8.08428013e-02
5950            	8.93234291e-01	1.06480925e-02	-6.73234736e-02	1.72917800e-02	8.68085813e-02
5951            	8.93200890e-01	1.06189830e-02	-6.69914640e-02	1.76463995e-02	9.38411137e-02
5952            	8.93147158e-01	1.05347870e-02	-6.63020217e-02	1.78923080e-02	1.01299605e-01
5953            	8.93078467e-01	1.05227742e-02	-6.60915681e-02	1.80357670e-02	1.08256774e-01
5954            	8.92996005e-01	1.06165487e-02	-6.66101593e-02	1.80854689e-02	1.14612884e-01
5955            	8.92936922e-01	1.07932652e-02	-6.77097584e-02	1.79911519e-02	1.19963650e-01
5956            	8.92930348e-01	1.09570213e-02	-6.87568927e-02	1.77062299e-02	1.24045974e-01
5957            	8.92952259e-01	1.10835681e-02	-6.95886222e-02	1.72302815e-02	1.27152844e-01
5958            	8.92952897e-01	1.12181070e-02	-7.04931677e-02	1.65828389e-02	1.29430394e-01
5959            	8.92942426e-01	1.14941286e-02	-7.23116153e-02	1.57807652e-02	1.30049389e-01
5960            	8.92933913e-01	1.18254729e-02	-7.44881125e-02	1.48564867e-02	1.28814662e-01
5961            	8.92958506e-01	1.20491957e-02	-7.60181631e-02	1.38978995e-02	1.26195020e-01
5962            	8.93007293e-01	1.20555368e-02	-7.61876711e-02	1.30115212e-02	1.22824647e-01
5963            	8.93070476e-01	1.19234835e-02	-7.54725341e-02	1.23247259e-02	1.18779142e-01
5964            	8.93123086e-01	1.17893752e-02	-7.47141800e-02	1.18916300e-02	1.13730727e-01
5965            	8.93169029e-01	1.16712804e-02	-7.40497308e-02	1.17134641e-02	1.08183679e-01
5966            	8.93190329e-01	1.15438271e-02	-7.33456831e-02	1.17948951e-02	1.02871358e-01
5967            	8.93203049e-01	1.13523022e-02	-7.22341028e-02	1.21118418e-02	9.85400104e-02
5968            	8.93207301e-01	1.11107330e-02	-7.07653380e-02	1.26018346e-02	9.56856793e-02
5969            	8.93196569e-01	1.09515381e-02	-6.97863352e-02	1.31991992e-02	9.43015082e-02
5970            	8.93147022e-01	1.08840216e-02	-6.93727272e-02	1.38037881e-02	9.35890755e-02
5971            	8.93086773e-01	1.08544663e-02	-6.91795502e-02	1.44237341e-02	9.33779392e-02
5972            	8.93041623e-01	1.07757201e-02	-6.86362900e-02	1.50596473e-02	9.34240977e-02
5973            	8.93019369e-01	1.05995609e-02	-6.74470186e-02	1.56927063e-02	9.38388012e-02
5974            	8.92984418e-01	1.04507455e-02	-6.64432338e-02	1.62711333e-02	9.42517887e-02
5975            	8.92941787e-01	1.03897474e-02	-6.59992356e-02	1.67754335e-02	9.39980928e-02
5976            	8.92913379e-01	1.03717177e-02	-6.58250909e-02	1.71958541e-02	9.27106730e-02
5977            	8.92912823e-01	1.03931550e-02	-6.59228053e-02	1.74966298e-02	9.09090566e-02
5978            	8.92930495e-01	1.04255515e-02	-6.60957224e-02	1.76463152e-02	8.93110548e-02
5979            	8.92957327e-01	1.04454323e-02	-6.61482591e-02	1.76169476e-02	8.82493426e-02
5980            	8.92984229e-01	1.04804355e-02	-6.62649601e-02	1.74242416e-02	8.76302312e-02
5981            	8.93019250e-01	1.05560753e-02	-6.66269914e-02	1.71440545e-02	8.75195051e-02
5982            	8.93028412e-01	1.06257324e-02	-6.69809320e-02	1.68706427e-02	8.83460289e-02
5983            	8.93024404e-01	1.05774236e-02	-6.65859765e-02	1.66507493e-02	9.01424827e-02
5984            	8.93034471e-01	1.04882190e-02	-6.59368786e-02	1.65080287e-02	9.29780879e-02
5985            	8.93066045e-01	1.04644325e-02	-6.57461073e-02	1.64576820e-02	9.65321856e-02
5986            	8.93084643e-01	1.05165948e-02	-6.61000511e-02	1.64838721e-02	1.00287336e-01
5987            	8.93099539e-01	1.06321283e-02	-6.68996762e-02	1.65445429e-02	1.04391033e-01
5988            	8.93113483e-01	1.07472492e-02	-6.76865107e-02	1.65795441e-02	1.08611159e-01
5989            	8.93145493e-01	1.08590803e-02	-6.84324162e-02	1.65127232e-02	1.13290690e-01
5990            	8.93135255e-01	1.10488750e-02	-6.96636817e-02	1.63762008e-02	1.18715315e-01
5991            	8.93087658e-01	1.13207750e-02	-7.13835914e-02	1.61429901e-02	1.24159348e-01
5992            	8.93025911e-01	1.16286067e-02	-7.33072189e-02	1.57890138e-02	1.28627982e-01
5993            	8.92993425e-01	1.18811550e-02	-7.49147751e-02	1.53201072e-02	1.31650122e-01
5994            	8.93000597e-01	1.20043055e-02	-7.57420150e-02	1.47861629e-02	1.33276401e-01
5995            	8.93031818e-01	1.19908214e-02	-7.57024826e-02	1.42266746e-02	1.33325642e-01
5996            	8.93044147e-01	1.19178790e-02	-7.52902325e-02	1.36599118e-02	1.30972235e-01
5997            	8.93049701e-01	1.18252816e-02	-7.47605176e-02	1.31235826e-02	1.25786243e-01
5998            	8.93035298e-01	1.16870857e-02	-7.39704848e-02	1.26288625e-02	1.18457884e-01
5999            	8.93023260e-01	1.14937951e-02	-7.28490853e-02	1.22222512e-02	1.09977008e-01
6000            	8.93018002e-01	1.12871988e-02	-7.16198708e-02	1.19671607e-02	1.01865387e-01
