# Force and moment coefficients
# dragDir       : (0.00000000e+00 0.00000000e+00 -1.00000000e+00)
# sideDir       : (-0.00000000e+00 1.00000000e+00 0.00000000e+00)
# liftDir       : (1.00000000e+00 0.00000000e+00 0.00000000e+00)
# rollAxis      : (0.00000000e+00 0.00000000e+00 -1.00000000e+00)
# pitchAxis     : (-0.00000000e+00 1.00000000e+00 0.00000000e+00)
# yawAxis       : (1.00000000e+00 0.00000000e+00 0.00000000e+00)
# magUInf       : 2.88200000e+02
# lRef          : 5.78100000e-02
# Aref          : 2.62480000e-03
# CofR          : (0.00000000e+00 0.00000000e+00 3.99000000e-01)
#
# Time          	Cd              	Cl              	CmPitch         	CmRoll          	CmYaw           
3001            	-1.02213201e-02	-2.13399042e-03	2.83972082e-02	5.32678133e-03	2.24113974e-02
3002            	-1.02245405e-02	-2.10682182e-03	2.81885048e-02	5.42068528e-03	2.28038059e-02
3003            	-1.02367292e-02	-2.01657172e-03	2.76179940e-02	5.52360924e-03	2.32205352e-02
3004            	-1.02601910e-02	-1.84413240e-03	2.65808403e-02	5.58243772e-03	2.34341930e-02
3005            	-1.02934888e-02	-1.63123101e-03	2.53281561e-02	5.58518868e-03	2.33960039e-02
3006            	-1.03366719e-02	-1.49728139e-03	2.45876654e-02	5.56420025e-03	2.32549054e-02
3007            	-1.03789442e-02	-1.42484960e-03	2.42271246e-02	5.52852254e-03	2.30685262e-02
3008            	-1.04102172e-02	-1.36564194e-03	2.39211269e-02	5.47127721e-03	2.28177344e-02
3009            	-1.04318477e-02	-1.43620874e-03	2.43928965e-02	5.45342516e-03	2.27439826e-02
3010            	-1.04575420e-02	-1.71204200e-03	2.61314734e-02	5.49861509e-03	2.29275677e-02
3011            	-1.04964538e-02	-2.09477753e-03	2.85509089e-02	5.58925431e-03	2.32915523e-02
3012            	-1.05437423e-02	-2.42983998e-03	3.06953118e-02	5.68234733e-03	2.36624139e-02
3013            	-1.05856830e-02	-2.60151559e-03	3.18310460e-02	5.73364057e-03	2.38690547e-02
3014            	-1.06116829e-02	-2.63927640e-03	3.21231854e-02	5.74965840e-03	2.39484824e-02
3015            	-1.06206720e-02	-2.61969395e-03	3.20378028e-02	5.75732478e-03	2.40087772e-02
3016            	-1.06169250e-02	-2.57864816e-03	3.18002711e-02	5.76041570e-03	2.40542392e-02
3017            	-1.06082548e-02	-2.49106402e-03	3.12663884e-02	5.73524868e-03	2.39807616e-02
3018            	-1.05908115e-02	-2.36370658e-03	3.04741234e-02	5.65413327e-03	2.36733908e-02
3019            	-1.05517690e-02	-2.26094300e-03	2.97915634e-02	5.54078211e-03	2.32323377e-02
3020            	-1.04850753e-02	-2.21763421e-03	2.94206441e-02	5.43153592e-03	2.28079044e-02
3021            	-1.04070359e-02	-2.21235657e-03	2.92519924e-02	5.34398998e-03	2.24665911e-02
3022            	-1.03416551e-02	-2.20847346e-03	2.90950981e-02	5.28581174e-03	2.22345863e-02
3023            	-1.03014071e-02	-2.19850455e-03	2.89262154e-02	5.30096578e-03	2.23012156e-02
3024            	-1.02880889e-02	-2.16133305e-03	2.86268788e-02	5.37877813e-03	2.26269485e-02
3025            	-1.02930975e-02	-2.05484152e-03	2.79397870e-02	5.47564008e-03	2.30201706e-02
3026            	-1.03145409e-02	-1.85759590e-03	2.67407078e-02	5.54071062e-03	2.32634878e-02
3027            	-1.03458652e-02	-1.61310213e-03	2.52846478e-02	5.55989300e-03	2.32986010e-02
3028            	-1.03838500e-02	-1.44005367e-03	2.42897860e-02	5.55829329e-03	2.32439933e-02
3029            	-1.04202042e-02	-1.34698251e-03	2.37884841e-02	5.54966750e-03	2.31746086e-02
3030            	-1.04471749e-02	-1.28463212e-03	2.34534555e-02	5.51878032e-03	2.30353721e-02
3031            	-1.04660887e-02	-1.34201399e-03	2.38386337e-02	5.51370342e-03	2.30146804e-02
3032            	-1.04878083e-02	-1.59472138e-03	2.54291834e-02	5.54950463e-03	2.31574314e-02
3033            	-1.05165461e-02	-1.96075992e-03	2.77305576e-02	5.61796496e-03	2.34260767e-02
3034            	-1.05458608e-02	-2.30331061e-03	2.98947666e-02	5.68636217e-03	2.36901206e-02
3035            	-1.05673149e-02	-2.50092505e-03	3.11619200e-02	5.71254360e-03	2.37878770e-02
3036            	-1.05746318e-02	-2.55936532e-03	3.15563913e-02	5.69948072e-03	2.37409373e-02
3037            	-1.05693542e-02	-2.54085968e-03	3.14570966e-02	5.67673140e-03	2.36701320e-02
3038            	-1.05537234e-02	-2.48683232e-03	3.11204410e-02	5.65688423e-03	2.36170038e-02
3039            	-1.05299130e-02	-2.37807847e-03	3.04300632e-02	5.62056751e-03	2.34958099e-02
3040            	-1.04944293e-02	-2.22940527e-03	2.94763042e-02	5.53389073e-03	2.31651116e-02
3041            	-1.04427263e-02	-2.10849581e-03	2.86608760e-02	5.41656066e-03	2.27079609e-02
3042            	-1.03731931e-02	-2.05032496e-03	2.81921884e-02	5.30558739e-03	2.22778755e-02
3043            	-1.02996012e-02	-2.03929332e-03	2.79946028e-02	5.23563854e-03	2.20128769e-02
3044            	-1.02415402e-02	-2.04051247e-03	2.78815766e-02	5.20468486e-03	2.18971306e-02
3045            	-1.02111347e-02	-2.03798987e-03	2.77748115e-02	5.23475588e-03	2.20268233e-02
3046            	-1.02092249e-02	-2.01453064e-03	2.75793134e-02	5.32471446e-03	2.24034384e-02
3047            	-1.02254043e-02	-1.92822487e-03	2.70364181e-02	5.43302027e-03	2.28451292e-02
3048            	-1.02550078e-02	-1.75706296e-03	2.60145559e-02	5.50418303e-03	2.31141373e-02
3049            	-1.02882295e-02	-1.54056496e-03	2.47391149e-02	5.51987007e-03	2.31334113e-02
3050            	-1.03248837e-02	-1.39655804e-03	2.39272204e-02	5.50355370e-03	2.30150087e-02
3051            	-1.03570145e-02	-1.33424967e-03	2.36150737e-02	5.47348591e-03	2.28526737e-02
3052            	-1.03784015e-02	-1.30239997e-03	2.34646445e-02	5.41839139e-03	2.26088715e-02
3053            	-1.03896098e-02	-1.36988022e-03	2.39032128e-02	5.38868662e-03	2.24829932e-02
3054            	-1.04032670e-02	-1.61983034e-03	2.54661733e-02	5.40993368e-03	2.25643299e-02
3055            	-1.04285939e-02	-1.98838514e-03	2.77790978e-02	5.47936201e-03	2.28373832e-02
3056            	-1.04618856e-02	-2.33968518e-03	3.00038580e-02	5.56237649e-03	2.31634310e-02
3057            	-1.04928925e-02	-2.54521457e-03	3.13339050e-02	5.61574984e-03	2.33768024e-02
3058            	-1.05141996e-02	-2.59989051e-03	3.17241536e-02	5.63860866e-03	2.34827341e-02
3059            	-1.05252084e-02	-2.57430593e-03	3.16037819e-02	5.65575717e-03	2.35818755e-02
3060            	-1.05242523e-02	-2.51340033e-03	3.12454442e-02	5.67635527e-03	2.37012317e-02
3061            	-1.05119088e-02	-2.40621793e-03	3.05822341e-02	5.67358837e-03	2.37227681e-02
3062            	-1.04882579e-02	-2.27116468e-03	2.97324710e-02	5.60996745e-03	2.34897665e-02
3063            	-1.04505563e-02	-2.17391992e-03	2.90883737e-02	5.52113089e-03	2.31511915e-02
3064            	-1.03967240e-02	-2.14258330e-03	2.88134608e-02	5.43087616e-03	2.28055921e-02
3065            	-1.03395870e-02	-2.15017532e-03	2.87592235e-02	5.36283694e-03	2.25461650e-02
3066            	-1.02936320e-02	-2.16361710e-03	2.87425596e-02	5.32226862e-03	2.23885337e-02
3067            	-1.02698305e-02	-2.17153726e-03	2.87126963e-02	5.34360730e-03	2.24809992e-02
3068            	-1.02671882e-02	-2.16039297e-03	2.85934655e-02	5.42040600e-03	2.28015863e-02
3069            	-1.02792783e-02	-2.08141719e-03	2.80891410e-02	5.50957015e-03	2.31616803e-02
3070            	-1.03058853e-02	-1.91095527e-03	2.70655008e-02	5.56295999e-03	2.33551088e-02
3071            	-1.03419315e-02	-1.68589217e-03	2.57392592e-02	5.56757309e-03	2.33273423e-02
3072            	-1.03863092e-02	-1.51886124e-03	2.47944771e-02	5.54495820e-03	2.31825690e-02
3073            	-1.04289246e-02	-1.44479397e-03	2.44234512e-02	5.51947001e-03	2.30397477e-02
3074            	-1.04621989e-02	-1.40863928e-03	2.42623312e-02	5.48033603e-03	2.28638763e-02
3075            	-1.04883288e-02	-1.45551335e-03	2.45944792e-02	5.46649315e-03	2.28069697e-02
3076            	-1.05174804e-02	-1.67631825e-03	2.59985983e-02	5.49900216e-03	2.29382756e-02
3077            	-1.05559581e-02	-2.02398840e-03	2.81989502e-02	5.57972377e-03	2.32604661e-02
3078            	-1.05974370e-02	-2.37264881e-03	3.04165466e-02	5.67405761e-03	2.36346667e-02
3079            	-1.06273219e-02	-2.58802332e-03	3.18043006e-02	5.73100262e-03	2.38619796e-02
3080            	-1.06398422e-02	-2.65629464e-03	3.22660240e-02	5.74424881e-03	2.39252125e-02
3081            	-1.06394545e-02	-2.64034615e-03	3.21900022e-02	5.73859033e-03	2.39259716e-02
3082            	-1.06325054e-02	-2.58898078e-03	3.18836327e-02	5.73032569e-03	2.39214652e-02
3083            	-1.06230928e-02	-2.49209349e-03	3.12896016e-02	5.70524109e-03	2.38470837e-02
3084            	-1.06010218e-02	-2.36146657e-03	3.04693503e-02	5.62715992e-03	2.35513977e-02
3085            	-1.05519091e-02	-2.24927270e-03	2.97134268e-02	5.51402694e-03	2.31111411e-02
3086            	-1.04709433e-02	-2.19107948e-03	2.92287443e-02	5.39577528e-03	2.26496843e-02
3087            	-1.03772784e-02	-2.16616457e-03	2.89147708e-02	5.30382534e-03	2.22928531e-02
3088            	-1.02961235e-02	-2.14550517e-03	2.86300577e-02	5.24966404e-03	2.20813095e-02
3089            	-1.02463189e-02	-2.11770957e-03	2.83358055e-02	5.26523095e-03	2.21520297e-02
3090            	-1.02329130e-02	-2.07996187e-03	2.80312078e-02	5.34637637e-03	2.24932945e-02
3091            	-1.02424443e-02	-1.97746968e-03	2.73720082e-02	5.44925540e-03	2.29144191e-02
3092            	-1.02668363e-02	-1.78712162e-03	2.62161401e-02	5.52494873e-03	2.32051372e-02
3093            	-1.02947880e-02	-1.54197735e-03	2.47483766e-02	5.55584901e-03	2.32911772e-02
3094            	-1.03285034e-02	-1.34866398e-03	2.36217683e-02	5.55040637e-03	2.32213918e-02
3095            	-1.03591561e-02	-1.26041030e-03	2.31442655e-02	5.53267423e-03	2.31115997e-02
3096            	-1.03802716e-02	-1.23072586e-03	2.30057750e-02	5.49244481e-03	2.29291257e-02
3097            	-1.03930315e-02	-1.27164547e-03	2.32831044e-02	5.46197457e-03	2.28006231e-02
3098            	-1.04079655e-02	-1.48426084e-03	2.46179924e-02	5.46515034e-03	2.28076782e-02
3099            	-1.04315776e-02	-1.83752424e-03	2.68335984e-02	5.51293181e-03	2.29900282e-02
3100            	-1.04600941e-02	-2.20436257e-03	2.91476309e-02	5.57460353e-03	2.32251969e-02
3101            	-1.04848270e-02	-2.44432785e-03	3.06828313e-02	5.60717876e-03	2.33480402e-02
3102            	-1.04996247e-02	-2.52979262e-03	3.12561300e-02	5.60570641e-03	2.33479261e-02
3103            	-1.05041464e-02	-2.51817338e-03	3.12143344e-02	5.59576155e-03	2.33303243e-02
3104            	-1.04953505e-02	-2.46065761e-03	3.08657013e-02	5.59199194e-03	2.33448311e-02
3105            	-1.04749862e-02	-2.35564010e-03	3.02032101e-02	5.57645713e-03	2.33108730e-02
3106            	-1.04421261e-02	-2.22271421e-03	2.93524613e-02	5.51166633e-03	2.30710054e-02
3107            	-1.03949866e-02	-2.11662348e-03	2.86398008e-02	5.41657808e-03	2.27059679e-02
3108            	-1.03322698e-02	-2.07488712e-03	2.82880189e-02	5.32403057e-03	2.23515517e-02
3109            	-1.02689486e-02	-2.07508375e-03	2.81792174e-02	5.26390201e-03	2.21274750e-02
3110            	-1.02222120e-02	-2.08072464e-03	2.81135431e-02	5.23639680e-03	2.20275083e-02
3111            	-1.01994775e-02	-2.08195924e-03	2.80446693e-02	5.26802996e-03	2.21648831e-02
3112            	-1.02012621e-02	-2.08110374e-03	2.79970338e-02	5.35625013e-03	2.25342800e-02
3113            	-1.02166700e-02	-2.01968698e-03	2.76066984e-02	5.45937081e-03	2.29548510e-02
3114            	-1.02419318e-02	-1.87170708e-03	2.67197185e-02	5.52995142e-03	2.32224011e-02
3115            	-1.02718484e-02	-1.65863091e-03	2.54573378e-02	5.55258144e-03	2.32713823e-02
3116            	-1.03117259e-02	-1.47923247e-03	2.44287876e-02	5.53533638e-03	2.31485087e-02
3117            	-1.03527653e-02	-1.38909985e-03	2.39574174e-02	5.50702225e-03	2.29903298e-02
3118            	-1.03851855e-02	-1.37770824e-03	2.39505917e-02	5.46344536e-03	2.27912883e-02
3119            	-1.04064061e-02	-1.43011638e-03	2.43122037e-02	5.44121998e-03	2.26970158e-02
3120            	-1.04268208e-02	-1.64130371e-03	2.56461220e-02	5.46276836e-03	2.27820879e-02
3121            	-1.04592261e-02	-1.98470745e-03	2.78126235e-02	5.53670119e-03	2.30760350e-02
3122            	-1.05013802e-02	-2.32743643e-03	2.99943852e-02	5.62706712e-03	2.34345000e-02
3123            	-1.05416640e-02	-2.54212114e-03	3.13912724e-02	5.68659442e-03	2.36733079e-02
3124            	-1.05692436e-02	-2.61047616e-03	3.18732516e-02	5.71125270e-03	2.37850448e-02
3125            	-1.05821397e-02	-2.59664383e-03	3.18286160e-02	5.72536005e-03	2.38705014e-02
3126            	-1.05827136e-02	-2.54580955e-03	3.15359242e-02	5.74045526e-03	2.39660948e-02
3127            	-1.05766144e-02	-2.45030767e-03	3.09550374e-02	5.73575237e-03	2.39786884e-02
3128            	-1.05630356e-02	-2.32704945e-03	3.01946506e-02	5.67517697e-03	2.37569793e-02
3129            	-1.05331117e-02	-2.22669736e-03	2.95450996e-02	5.57592827e-03	2.33742195e-02
3130            	-1.04793784e-02	-2.18982738e-03	2.92382702e-02	5.47107963e-03	2.29675800e-02
3131            	-1.04130006e-02	-2.19132096e-03	2.91336470e-02	5.38535346e-03	2.26351476e-02
3132            	-1.03546208e-02	-2.19677745e-03	2.90492924e-02	5.32567570e-03	2.24001933e-02
3133            	-1.03167884e-02	-2.19330981e-03	2.89278739e-02	5.32771162e-03	2.24138905e-02
3134            	-1.03031745e-02	-2.18859255e-03	2.88312204e-02	5.39567705e-03	2.26988769e-02
3135            	-1.03070373e-02	-2.12218247e-03	2.83894592e-02	5.48930780e-03	2.30804226e-02
3136            	-1.03267315e-02	-1.96670084e-03	2.74436094e-02	5.55900959e-03	2.33457655e-02
3137            	-1.03547092e-02	-1.73860450e-03	2.60811870e-02	5.58224158e-03	2.33992806e-02
3138            	-1.03911714e-02	-1.52969896e-03	2.48605379e-02	5.56782258e-03	2.32902280e-02
3139            	-1.04267711e-02	-1.39765970e-03	2.41180205e-02	5.54375850e-03	2.31519691e-02
3140            	-1.04536089e-02	-1.36843979e-03	2.39895574e-02	5.50844655e-03	2.29899062e-02
3141            	-1.04722430e-02	-1.41577630e-03	2.43139633e-02	5.49380334e-03	2.29293218e-02
3142            	-1.04937490e-02	-1.61494144e-03	2.55743384e-02	5.51743399e-03	2.30232036e-02
3143            	-1.05266114e-02	-1.94409234e-03	2.76521192e-02	5.58701796e-03	2.32969357e-02
3144            	-1.05654251e-02	-2.27532985e-03	2.97567030e-02	5.66381027e-03	2.35955985e-02
3145            	-1.05989487e-02	-2.49729510e-03	3.11892942e-02	5.70396691e-03	2.37499513e-02
3146            	-1.06191425e-02	-2.58549177e-03	3.17853578e-02	5.70314905e-03	2.37511031e-02
3147            	-1.06256433e-02	-2.58853345e-03	3.18381366e-02	5.69137485e-03	2.37243632e-02
3148            	-1.06213434e-02	-2.54421003e-03	3.15793731e-02	5.68466194e-03	2.37254300e-02
3149            	-1.06080614e-02	-2.44433928e-03	3.09595659e-02	5.66345915e-03	2.36670351e-02
3150            	-1.05805743e-02	-2.30303991e-03	3.00636950e-02	5.58826627e-03	2.33838545e-02
3151            	-1.05319424e-02	-2.17814809e-03	2.92313682e-02	5.47488692e-03	2.29425116e-02
3152            	-1.04590475e-02	-2.11579210e-03	2.87355072e-02	5.36040930e-03	2.24967281e-02
3153            	-1.03733734e-02	-2.09600673e-03	2.84679162e-02	5.27924694e-03	2.21849282e-02
3154            	-1.02987266e-02	-2.08180342e-03	2.82347989e-02	5.23258198e-03	2.20066724e-02
3155            	-1.02527247e-02	-2.06150728e-03	2.79949229e-02	5.24289013e-03	2.20571035e-02
3156            	-1.02389941e-02	-2.04101488e-03	2.77984271e-02	5.31627547e-03	2.23666775e-02
3157            	-1.02462551e-02	-1.96425287e-03	2.72961864e-02	5.41798849e-03	2.27842650e-02
3158            	-1.02685524e-02	-1.80803332e-03	2.63488853e-02	5.49733619e-03	2.30919166e-02
3159            	-1.02975370e-02	-1.58971747e-03	2.50492643e-02	5.52634602e-03	2.31705582e-02
3160            	-1.03330962e-02	-1.39216634e-03	2.39000016e-02	5.50991467e-03	2.30525470e-02
3161            	-1.03668258e-02	-1.26270136e-03	2.31740541e-02	5.47593553e-03	2.28711065e-02
3162            	-1.03903577e-02	-1.25579043e-03	2.31828140e-02	5.42754820e-03	2.26523556e-02
3163            	-1.04031987e-02	-1.32473390e-03	2.36359661e-02	5.39625758e-03	2.25210004e-02
3164            	-1.04139613e-02	-1.53131654e-03	2.49284423e-02	5.40670773e-03	2.25591110e-02
3165            	-1.04352281e-02	-1.87277635e-03	2.70674602e-02	5.46829725e-03	2.27989019e-02
3166            	-1.04645277e-02	-2.21178713e-03	2.92067763e-02	5.54185656e-03	2.30841603e-02
3167            	-1.04919879e-02	-2.44627886e-03	3.07082657e-02	5.58745485e-03	2.32618662e-02
3168            	-1.05096980e-02	-2.54521556e-03	3.13673239e-02	5.60248008e-03	2.33304654e-02
3169            	-1.05159750e-02	-2.55172844e-03	3.14413455e-02	5.61499959e-03	2.34071087e-02
3170            	-1.05111785e-02	-2.50393646e-03	3.11599552e-02	5.63473553e-03	2.35210026e-02
3171            	-1.04959218e-02	-2.40256323e-03	3.05274352e-02	5.64023502e-03	2.35755286e-02
3172            	-1.04703471e-02	-2.27284332e-03	2.97074574e-02	5.59012543e-03	2.33971175e-02
3173            	-1.04332424e-02	-2.16724271e-03	2.90154462e-02	5.50066617e-03	2.30548728e-02
3174            	-1.03811126e-02	-2.12441656e-03	2.86759212e-02	5.40848390e-03	2.27014890e-02
3175            	-1.03230613e-02	-2.12761647e-03	2.85968083e-02	5.34553157e-03	2.24645652e-02
3176            	-1.02742133e-02	-2.13918904e-03	2.85667365e-02	5.30942212e-03	2.23296606e-02
3177            	-1.02451306e-02	-2.14917837e-03	2.85445663e-02	5.32413788e-03	2.23976485e-02
3178            	-1.02386750e-02	-2.15760642e-03	2.85423253e-02	5.39499878e-03	2.26952220e-02
3179            	-1.02494543e-02	-2.10303521e-03	2.81854642e-02	5.48870170e-03	2.30776305e-02
3180            	-1.02754994e-02	-1.96413287e-03	2.73519202e-02	5.56073060e-03	2.33525660e-02
3181            	-1.03107281e-02	-1.75993251e-03	2.61497343e-02	5.58681383e-03	2.34169395e-02
3182            	-1.03555690e-02	-1.56649337e-03	2.50399572e-02	5.57267066e-03	2.33067379e-02
3183            	-1.04009108e-02	-1.42336533e-03	2.42469853e-02	5.54180619e-03	2.31367915e-02
3184            	-1.04372301e-02	-1.41254776e-03	2.42500428e-02	5.49990136e-03	2.29450572e-02
3185            	-1.04636829e-02	-1.47690889e-03	2.46945435e-02	5.47629942e-03	2.28470307e-02
3186            	-1.04916644e-02	-1.66424558e-03	2.58920696e-02	5.49776226e-03	2.29328783e-02
3187            	-1.05324800e-02	-1.97968154e-03	2.78955376e-02	5.57285949e-03	2.32311532e-02
3188            	-1.05819227e-02	-2.29865239e-03	2.99364733e-02	5.65776962e-03	2.35657472e-02
3189            	-1.06233408e-02	-2.52343682e-03	3.13949134e-02	5.70808099e-03	2.37641902e-02
3190            	-1.06452444e-02	-2.62103027e-03	3.20494599e-02	5.72168403e-03	2.38268528e-02
3191            	-1.06485100e-02	-2.63140385e-03	3.21422477e-02	5.72745108e-03	2.38746397e-02
3192            	-1.06411955e-02	-2.58727983e-03	3.18799307e-02	5.73833483e-03	2.39507838e-02
3193            	-1.06298515e-02	-2.49358423e-03	3.13014993e-02	5.73183437e-03	2.39540438e-02
3194            	-1.06130215e-02	-2.36837411e-03	3.05223932e-02	5.66629800e-03	2.37103076e-02
3195            	-1.05730688e-02	-2.25511842e-03	2.97775832e-02	5.55472861e-03	2.32752994e-02
3196            	-1.04993681e-02	-2.19374805e-03	2.92893228e-02	5.43569150e-03	2.28100521e-02
3197            	-1.04060917e-02	-2.16930794e-03	2.89835818e-02	5.34046493e-03	2.24389566e-02
3198            	-1.03206263e-02	-2.15348985e-03	2.87257502e-02	5.27495745e-03	2.21821385e-02
3199            	-1.02618436e-02	-2.13671887e-03	2.84893979e-02	5.26588720e-03	2.21516287e-02
3200            	-1.02369540e-02	-2.11510292e-03	2.82688570e-02	5.32563517e-03	2.24042926e-02
3201            	-1.02383710e-02	-2.03350348e-03	2.77253231e-02	5.42534958e-03	2.28146530e-02
3202            	-1.02583899e-02	-1.87176441e-03	2.67350924e-02	5.51524138e-03	2.31680155e-02
3203            	-1.02861513e-02	-1.64748098e-03	2.53918735e-02	5.56212653e-03	2.33233471e-02
3204            	-1.03210592e-02	-1.43525858e-03	2.41469556e-02	5.56497052e-03	2.32873561e-02
3205            	-1.03545984e-02	-1.26723531e-03	2.31804553e-02	5.54331686e-03	2.31570305e-02
3206            	-1.03795402e-02	-1.23415480e-03	2.30285070e-02	5.50115787e-03	2.29648929e-02
3207            	-1.03923053e-02	-1.28410943e-03	2.33635880e-02	5.47008015e-03	2.28359957e-02
3208            	-1.04051160e-02	-1.46634900e-03	2.45073822e-02	5.48044755e-03	2.28752173e-02
3209            	-1.04287145e-02	-1.79633275e-03	2.65769432e-02	5.53967726e-03	2.31057191e-02
3210            	-1.04598888e-02	-2.13611879e-03	2.87226146e-02	5.60463954e-03	2.33543146e-02
3211            	-1.04884265e-02	-2.37949813e-03	3.02803046e-02	5.63761263e-03	2.34779559e-02
3212            	-1.05059321e-02	-2.49284193e-03	3.10288541e-02	5.63473323e-03	2.34691463e-02
3213            	-1.05100744e-02	-2.50945894e-03	3.11631026e-02	5.62722385e-03	2.34596859e-02
3214            	-1.05030486e-02	-2.46401918e-03	3.08924951e-02	5.62770001e-03	2.34912161e-02
3215            	-1.04857977e-02	-2.36288354e-03	3.02574249e-02	5.61449335e-03	2.34660025e-02
3216            	-1.04585757e-02	-2.22889810e-03	2.94071291e-02	5.54589739e-03	2.32089674e-02
3217            	-1.04181005e-02	-2.11208343e-03	2.86403415e-02	5.43687942e-03	2.27837250e-02
3218            	-1.03595062e-02	-2.05292831e-03	2.81906314e-02	5.33016664e-03	2.23693789e-02
3219            	-1.02919664e-02	-2.03945645e-03	2.79943725e-02	5.25759263e-03	2.20929207e-02
3220            	-1.02357388e-02	-2.04596291e-03	2.79220251e-02	5.22054292e-03	2.19557482e-02
3221            	-1.02020235e-02	-2.05631428e-03	2.78951691e-02	5.23436082e-03	2.20208778e-02
3222            	-1.01947648e-02	-2.06715186e-03	2.79059833e-02	5.30887925e-03	2.23347857e-02
3223            	-1.02064973e-02	-2.01767898e-03	2.75815153e-02	5.41507926e-03	2.27715882e-02
3224            	-1.02314493e-02	-1.89047741e-03	2.68164142e-02	5.50623010e-03	2.31294999e-02
3225            	-1.02617140e-02	-1.69767060e-03	2.56759954e-02	5.54977316e-03	2.32691534e-02
3226            	-1.02978582e-02	-1.51086925e-03	2.45939407e-02	5.54374211e-03	2.31934094e-02
3227            	-1.03339842e-02	-1.35976878e-03	2.37394947e-02	5.51021951e-03	2.30093253e-02
3228            	-1.03625768e-02	-1.33069319e-03	2.36209703e-02	5.45878410e-03	2.27751180e-02
3229            	-1.03791704e-02	-1.39300232e-03	2.40394037e-02	5.42471291e-03	2.26324765e-02
3230            	-1.03923696e-02	-1.58912775e-03	2.52701938e-02	5.44237195e-03	2.27022184e-02
3231            	-1.04189087e-02	-1.92833065e-03	2.74014680e-02	5.51682079e-03	2.29972444e-02
3232            	-1.04577214e-02	-2.26005194e-03	2.95075723e-02	5.60045588e-03	2.33252276e-02
3233            	-1.04962116e-02	-2.48052577e-03	3.09355042e-02	5.65127131e-03	2.35250208e-02
3234            	-1.05239290e-02	-2.57650371e-03	3.15881103e-02	5.66461065e-03	2.35856849e-02
3235            	-1.05371336e-02	-2.58254033e-03	3.16667474e-02	5.67524633e-03	2.36541819e-02
3236            	-1.05378970e-02	-2.53892229e-03	3.14174152e-02	5.69440668e-03	2.37663261e-02
3237            	-1.05284875e-02	-2.44257776e-03	3.08235998e-02	5.70007973e-03	2.38217797e-02
3238            	-1.05095400e-02	-2.30910475e-03	2.99893924e-02	5.64952129e-03	2.36415319e-02
3239            	-1.04788004e-02	-2.19144173e-03	2.92332660e-02	5.55370356e-03	2.32727997e-02
3240            	-1.04292494e-02	-2.13345079e-03	2.88059866e-02	5.45078126e-03	2.28748294e-02
3241            	-1.03660998e-02	-2.12215444e-03	2.86309997e-02	5.37095012e-03	2.25682845e-02
3242            	-1.03087469e-02	-2.13265180e-03	2.85828242e-02	5.31753331e-03	2.23622512e-02
3243            	-1.02719010e-02	-2.14931897e-03	2.85913708e-02	5.31111134e-03	2.23419278e-02
3244            	-1.02610899e-02	-2.16169984e-03	2.86062212e-02	5.36735817e-03	2.25791916e-02
3245            	-1.02709758e-02	-2.10885181e-03	2.82567712e-02	5.45792301e-03	2.29505308e-02
3246            	-1.02951088e-02	-1.97724565e-03	2.74608538e-02	5.54286777e-03	2.32834264e-02
3247            	-1.03295692e-02	-1.78126663e-03	2.63053509e-02	5.58524922e-03	2.34195714e-02
3248            	-1.03722304e-02	-1.59032643e-03	2.52059655e-02	5.58070294e-03	2.33510047e-02
3249            	-1.04175555e-02	-1.42918981e-03	2.43017723e-02	5.55187926e-03	2.31866791e-02
3250            	-1.04545217e-02	-1.37131489e-03	2.40162918e-02	5.50658935e-03	2.29786589e-02
3251            	-1.04781506e-02	-1.42264291e-03	2.43755591e-02	5.47845900e-03	2.28618384e-02
3252            	-1.04984716e-02	-1.61506297e-03	2.55923293e-02	5.50488356e-03	2.29688616e-02
3253            	-1.05303510e-02	-1.94719964e-03	2.76855081e-02	5.58696161e-03	2.32958954e-02
3254            	-1.05706502e-02	-2.26744844e-03	2.97207980e-02	5.67206880e-03	2.36285876e-02
3255            	-1.06061320e-02	-2.48245294e-03	3.11095145e-02	5.71914565e-03	2.38101465e-02
3256            	-1.06266262e-02	-2.59584731e-03	3.18608658e-02	5.72460164e-03	2.38344203e-02
3257            	-1.06316288e-02	-2.63057539e-03	3.21082687e-02	5.72284248e-03	2.38476629e-02
3258            	-1.06279102e-02	-2.61538066e-03	3.20312798e-02	5.73034939e-03	2.39085869e-02
3259            	-1.06192968e-02	-2.53365319e-03	3.15308245e-02	5.72402062e-03	2.39125440e-02
3260            	-1.06011440e-02	-2.39539746e-03	3.06674393e-02	5.66131911e-03	2.36809977e-02
3261            	-1.05603451e-02	-2.25735585e-03	2.97677879e-02	5.54723948e-03	2.32359853e-02
3262            	-1.04872994e-02	-2.17588804e-03	2.91577900e-02	5.42405878e-03	2.27541836e-02
3263            	-1.03919245e-02	-2.14075837e-03	2.87844054e-02	5.32922420e-03	2.23871948e-02
3264            	-1.03009328e-02	-2.12610411e-03	2.85271122e-02	5.26960047e-03	2.21578120e-02
3265            	-1.02379730e-02	-2.11397894e-03	2.83142104e-02	5.25707266e-03	2.21142404e-02
3266            	-1.02129671e-02	-2.09428675e-03	2.81039250e-02	5.30862474e-03	2.23343454e-02
3267            	-1.02162861e-02	-2.00824332e-03	2.75336009e-02	5.40061008e-03	2.27151499e-02
3268            	-1.02352522e-02	-1.84956099e-03	2.65569255e-02	5.49287166e-03	2.30816976e-02
3269            	-1.02606291e-02	-1.63213226e-03	2.52509533e-02	5.54476044e-03	2.32594294e-02
3270            	-1.02928503e-02	-1.42488310e-03	2.40329001e-02	5.54674323e-03	2.32182731e-02
3271            	-1.03287240e-02	-1.25277453e-03	2.30460688e-02	5.51744712e-03	2.30514886e-02
3272            	-1.03589748e-02	-1.18023259e-03	2.26612664e-02	5.46306611e-03	2.28047298e-02
3273            	-1.03759379e-02	-1.23493133e-03	2.30336538e-02	5.41560420e-03	2.26066521e-02
3274            	-1.03868440e-02	-1.44378922e-03	2.43409225e-02	5.41813681e-03	2.26134701e-02
3275            	-1.04066063e-02	-1.79977248e-03	2.65675724e-02	5.47984925e-03	2.28549116e-02
3276            	-1.04364635e-02	-2.14016794e-03	2.87154311e-02	5.55077137e-03	2.31275602e-02
3277            	-1.04658712e-02	-2.36843753e-03	3.01791674e-02	5.59041829e-03	2.32766715e-02
3278            	-1.04869970e-02	-2.48803575e-03	3.09697619e-02	5.59567744e-03	2.32990626e-02
3279            	-1.04938628e-02	-2.52685920e-03	3.12445760e-02	5.59993754e-03	2.33372465e-02
3280            	-1.04878822e-02	-2.51727343e-03	3.11981821e-02	5.61631132e-03	2.34354713e-02
3281            	-1.04702132e-02	-2.43889877e-03	3.07049633e-02	5.62332442e-03	2.34951979e-02
3282            	-1.04422234e-02	-2.30032283e-03	2.98250698e-02	5.57701752e-03	2.33322267e-02
3283            	-1.04016681e-02	-2.16591179e-03	2.89503806e-02	5.48452969e-03	2.29766912e-02
3284            	-1.03450969e-02	-2.09312376e-03	2.84223514e-02	5.38623099e-03	2.25980545e-02
3285            	-1.02807345e-02	-2.07787269e-03	2.82226289e-02	5.31594662e-03	2.23331883e-02
3286            	-1.02269419e-02	-2.09459235e-03	2.82210554e-02	5.28073021e-03	2.22051253e-02
3287            	-1.01959091e-02	-2.11848814e-03	2.82849636e-02	5.28176798e-03	2.22163445e-02
3288            	-1.01886333e-02	-2.12640880e-03	2.82776193e-02	5.34044875e-03	2.24636487e-02
3289            	-1.01963491e-02	-2.06944748e-03	2.78986336e-02	5.43628645e-03	2.28588702e-02
3290            	-1.02140002e-02	-1.94418915e-03	2.71304249e-02	5.53117084e-03	2.32351884e-02
3291            	-1.02401498e-02	-1.75369796e-03	2.59947556e-02	5.58343218e-03	2.34138538e-02
3292            	-1.02779972e-02	-1.56806266e-03	2.49213999e-02	5.58201833e-03	2.33567930e-02
3293            	-1.03229737e-02	-1.40571971e-03	2.40114269e-02	5.54903923e-03	2.31712857e-02
3294            	-1.03622610e-02	-1.32666220e-03	2.36027674e-02	5.49242981e-03	2.29120624e-02
3295            	-1.03862398e-02	-1.37019355e-03	2.39168972e-02	5.44696310e-03	2.27211135e-02
3296            	-1.04026234e-02	-1.57372412e-03	2.51978785e-02	5.45661656e-03	2.27588931e-02
3297            	-1.04312922e-02	-1.91569536e-03	2.73485850e-02	5.53377238e-03	2.30680446e-02
3298            	-1.04763517e-02	-2.25378371e-03	2.95017206e-02	5.62037605e-03	2.34089737e-02
3299            	-1.05241230e-02	-2.47554423e-03	3.09489040e-02	5.67667067e-03	2.36294448e-02
3300            	-1.05617636e-02	-2.58687198e-03	3.17100683e-02	5.69769221e-03	2.37188763e-02
3301            	-1.05821535e-02	-2.62860083e-03	3.20218581e-02	5.70766902e-03	2.37820163e-02
3302            	-1.05895042e-02	-2.62879571e-03	3.20559791e-02	5.72436777e-03	2.38825038e-02
3303            	-1.05875619e-02	-2.56619719e-03	3.16854877e-02	5.72917229e-03	2.39336961e-02
3304            	-1.05792158e-02	-2.43430973e-03	3.08771035e-02	5.67994633e-03	2.37597973e-02
3305            	-1.05562127e-02	-2.29533484e-03	3.00009259e-02	5.58149879e-03	2.33805348e-02
3306            	-1.05069407e-02	-2.21800695e-03	2.94565848e-02	5.47666036e-03	2.29749536e-02
3307            	-1.04346645e-02	-2.20107151e-03	2.92351903e-02	5.39717188e-03	2.26721627e-02
3308            	-1.03619436e-02	-2.21175766e-03	2.91679733e-02	5.34713032e-03	2.24829425e-02
3309            	-1.03104185e-02	-2.22422046e-03	2.91288442e-02	5.32701043e-03	2.24067025e-02
3310            	-1.02861237e-02	-2.21386671e-03	2.89790920e-02	5.36931989e-03	2.25872360e-02
3311            	-1.02832528e-02	-2.13973166e-03	2.84728817e-02	5.45649752e-03	2.29487749e-02
3312            	-1.02947950e-02	-1.99266781e-03	2.75551452e-02	5.55273356e-03	2.33332826e-02
3313            	-1.03181612e-02	-1.78072294e-03	2.62774313e-02	5.61309363e-03	2.35486081e-02
3314            	-1.03510050e-02	-1.57732025e-03	2.50820705e-02	5.62637756e-03	2.35534927e-02
3315            	-1.03881521e-02	-1.39334571e-03	2.40220917e-02	5.61049614e-03	2.34384617e-02
3316            	-1.04215112e-02	-1.27271063e-03	2.33446392e-02	5.56279237e-03	2.32158384e-02
3317            	-1.04426898e-02	-1.27541204e-03	2.34005255e-02	5.51792560e-03	2.30278439e-02
3318            	-1.04585996e-02	-1.46274018e-03	2.45800390e-02	5.52631012e-03	2.30621153e-02
3319            	-1.04837328e-02	-1.81012857e-03	2.67593748e-02	5.59291978e-03	2.33270639e-02
3320            	-1.05173680e-02	-2.17645487e-03	2.90714708e-02	5.66156749e-03	2.35906618e-02
3321            	-1.05490926e-02	-2.41986958e-03	3.06296439e-02	5.69679823e-03	2.37193088e-02
3322            	-1.05698019e-02	-2.52806252e-03	3.13457840e-02	5.69144105e-03	2.36937066e-02
3323            	-1.05724587e-02	-2.56440704e-03	3.15972575e-02	5.67206597e-03	2.36301756e-02
3324            	-1.05626823e-02	-2.56412862e-03	3.16027532e-02	5.66492056e-03	2.36282388e-02
3325            	-1.05457599e-02	-2.50456922e-03	3.12286239e-02	5.65328744e-03	2.36093441e-02
3326            	-1.05216403e-02	-2.36621545e-03	3.03552952e-02	5.59553700e-03	2.33996176e-02
3327            	-1.04838298e-02	-2.20337935e-03	2.93075840e-02	5.48880716e-03	2.29870254e-02
3328            	-1.04260758e-02	-2.09694893e-03	2.85687125e-02	5.37358632e-03	2.25398504e-02
3329            	-1.03506153e-02	-2.05517710e-03	2.81872698e-02	5.28329054e-03	2.21938089e-02
3330            	-1.02776036e-02	-2.05225396e-03	2.80348292e-02	5.22883232e-03	2.19875717e-02
3331            	-1.02270784e-02	-2.05733733e-03	2.79515470e-02	5.20674898e-03	2.19037141e-02
3332            	-1.02057837e-02	-2.04732449e-03	2.78085349e-02	5.25162369e-03	2.20952845e-02
3333            	-1.02086360e-02	-1.97931215e-03	2.73477869e-02	5.34640359e-03	2.24898399e-02
3334            	-1.02272893e-02	-1.84420629e-03	2.65144321e-02	5.45080381e-03	2.29089834e-02
3335            	-1.02564555e-02	-1.65087789e-03	2.53621545e-02	5.51532393e-03	2.31425535e-02
3336            	-1.02905651e-02	-1.47254655e-03	2.43275609e-02	5.52920625e-03	2.31505232e-02
3337            	-1.03272856e-02	-1.32416923e-03	2.34912068e-02	5.51224948e-03	2.30300122e-02
3338            	-1.03590803e-02	-1.21930180e-03	2.29131057e-02	5.45800227e-03	2.27771300e-02
3339            	-1.03776921e-02	-1.21790462e-03	2.29425162e-02	5.40256225e-03	2.25422239e-02
3340            	-1.03863357e-02	-1.39971695e-03	2.40789091e-02	5.40619077e-03	2.25559506e-02
3341            	-1.04015299e-02	-1.75371956e-03	2.62856689e-02	5.47765680e-03	2.28415090e-02
3342            	-1.04282004e-02	-2.13267572e-03	2.86666525e-02	5.56215173e-03	2.31726573e-02
3343            	-1.04583658e-02	-2.39469237e-03	3.03383575e-02	5.62257253e-03	2.34075081e-02
3344            	-1.04828758e-02	-2.51567129e-03	3.11398801e-02	5.65001342e-03	2.35201342e-02
3345            	-1.04950738e-02	-2.55950259e-03	3.14521080e-02	5.66287193e-03	2.35923201e-02
3346            	-1.04969722e-02	-2.56432929e-03	3.15068456e-02	5.68375693e-03	2.37086824e-02
3347            	-1.04880337e-02	-2.51108801e-03	3.11840093e-02	5.69499690e-03	2.37864868e-02
3348            	-1.04695344e-02	-2.38544130e-03	3.03990753e-02	5.65557185e-03	2.36536460e-02
3349            	-1.04387700e-02	-2.23541618e-03	2.94445778e-02	5.55878809e-03	2.32827182e-02
3350            	-1.03930096e-02	-2.14514824e-03	2.88279368e-02	5.45215662e-03	2.28709019e-02
3351            	-1.03333864e-02	-2.12683514e-03	2.86201540e-02	5.37184362e-03	2.25656840e-02
3352            	-1.02761356e-02	-2.14785573e-03	2.86441197e-02	5.32697869e-03	2.23985745e-02
3353            	-1.02372809e-02	-2.17680649e-03	2.87295561e-02	5.30814350e-03	2.23276488e-02
3354            	-1.02235267e-02	-2.18592046e-03	2.87184963e-02	5.34647954e-03	2.24914499e-02
3355            	-1.02292777e-02	-2.13182866e-03	2.83482245e-02	5.42624563e-03	2.28235084e-02
3356            	-1.02487276e-02	-2.00484080e-03	2.75650872e-02	5.51530434e-03	2.31793171e-02
3357            	-1.02809996e-02	-1.81320204e-03	2.64268066e-02	5.56996106e-03	2.33725102e-02
3358            	-1.03223542e-02	-1.62795639e-03	2.53590742e-02	5.57776172e-03	2.33545309e-02
3359            	-1.03700480e-02	-1.47516870e-03	2.45097711e-02	5.56024375e-03	2.32301579e-02
3360            	-1.04159260e-02	-1.35084904e-03	2.38306440e-02	5.50943697e-03	2.29899071e-02
3361            	-1.04495714e-02	-1.32383044e-03	2.37223884e-02	5.45790093e-03	2.27714973e-02
3362            	-1.04758692e-02	-1.49006075e-03	2.47880476e-02	5.47111125e-03	2.28273452e-02
3363            	-1.05077702e-02	-1.84141809e-03	2.70022192e-02	5.55300159e-03	2.31583358e-02
3364            	-1.05493033e-02	-2.21420206e-03	2.93650930e-02	5.64779778e-03	2.35331246e-02
3365            	-1.05902142e-02	-2.46768071e-03	3.09962979e-02	5.71421006e-03	2.37917857e-02
3366            	-1.06165421e-02	-2.58087158e-03	3.17491221e-02	5.73836986e-03	2.38884463e-02
3367            	-1.06246831e-02	-2.62190920e-03	3.20370732e-02	5.74108405e-03	2.39159443e-02
3368            	-1.06213538e-02	-2.63544404e-03	3.21391609e-02	5.74924484e-03	2.39773637e-02
3369            	-1.06124464e-02	-2.60169154e-03	3.19391771e-02	5.75052814e-03	2.40120589e-02
3370            	-1.05994829e-02	-2.48853672e-03	3.12404296e-02	5.70921788e-03	2.38703106e-02
3371            	-1.05686650e-02	-2.32868678e-03	3.02236221e-02	5.61077920e-03	2.34926341e-02
3372            	-1.05072067e-02	-2.21164756e-03	2.94148978e-02	5.49473273e-03	2.30430630e-02
3373            	-1.04174299e-02	-2.16034675e-03	2.89543227e-02	5.39084763e-03	2.26415857e-02
3374            	-1.03243156e-02	-2.14950761e-03	2.87240688e-02	5.31897107e-03	2.23633509e-02
3375            	-1.02517390e-02	-2.14803572e-03	2.85672187e-02	5.28289263e-03	2.22220289e-02
3376            	-1.02135051e-02	-2.12276945e-03	2.83022721e-02	5.31386127e-03	2.23560735e-02
3377            	-1.02067842e-02	-2.04335262e-03	2.77503440e-02	5.39730458e-03	2.27059805e-02
3378            	-1.02182913e-02	-1.89694373e-03	2.68286474e-02	5.49407416e-03	2.30969722e-02
3379            	-1.02404221e-02	-1.68356431e-03	2.55347523e-02	5.55584668e-03	2.33231390e-02
3380            	-1.02680749e-02	-1.47261568e-03	2.42840705e-02	5.56880718e-03	2.33290479e-02
3381            	-1.03005780e-02	-1.31921708e-03	2.34060060e-02	5.55774988e-03	2.32319700e-02
3382            	-1.03325291e-02	-1.19057537e-03	2.26798972e-02	5.51039557e-03	2.30045801e-02
3383            	-1.03533684e-02	-1.13491042e-03	2.23772262e-02	5.44525524e-03	2.27281808e-02
3384            	-1.03650660e-02	-1.27022304e-03	2.32321285e-02	5.43326029e-03	2.26796389e-02
3385            	-1.03819601e-02	-1.62377931e-03	2.54401621e-02	5.48072039e-03	2.28675277e-02
3386            	-1.04085996e-02	-2.02897270e-03	2.79848773e-02	5.54798943e-03	2.31271941e-02
3387            	-1.04395040e-02	-2.32634222e-03	2.98760761e-02	5.59746645e-03	2.33130791e-02
3388            	-1.04647191e-02	-2.46412537e-03	3.07816259e-02	5.61186085e-03	2.33663499e-02
3389            	-1.04774959e-02	-2.51174497e-03	3.11189525e-02	5.60849335e-03	2.33663715e-02
3390            	-1.04790267e-02	-2.51919699e-03	3.11910830e-02	5.61188547e-03	2.34074355e-02
3391            	-1.04685453e-02	-2.48051295e-03	3.09573253e-02	5.61229037e-03	2.34394345e-02
3392            	-1.04478875e-02	-2.36575930e-03	3.02357595e-02	5.57667363e-03	2.33222186e-02
3393            	-1.04133289e-02	-2.20763041e-03	2.92243474e-02	5.48898360e-03	2.29888660e-02
3394            	-1.03624409e-02	-2.09987418e-03	2.84913968e-02	5.39220712e-03	2.26178832e-02
3395            	-1.02976010e-02	-2.06835088e-03	2.81943704e-02	5.31604897e-03	2.23309019e-02
3396            	-1.02373619e-02	-2.07855420e-03	2.81476251e-02	5.26571759e-03	2.21421047e-02
3397            	-1.01963832e-02	-2.09546723e-03	2.81564131e-02	5.24788540e-03	2.20773013e-02
3398            	-1.01799826e-02	-2.09815752e-03	2.81025844e-02	5.29427077e-03	2.22753178e-02
3399            	-1.01849733e-02	-2.05639867e-03	2.78060311e-02	5.38574270e-03	2.26573585e-02
3400            	-1.02025957e-02	-1.94688014e-03	2.71256920e-02	5.48663561e-03	2.30639189e-02
3401            	-1.02292255e-02	-1.76309533e-03	2.60252578e-02	5.55134410e-03	2.33008144e-02
3402            	-1.02613127e-02	-1.56203278e-03	2.48450889e-02	5.56691112e-03	2.33166749e-02
3403            	-1.02985792e-02	-1.43335664e-03	2.41289592e-02	5.56181263e-03	2.32430724e-02
3404            	-1.03349533e-02	-1.33704588e-03	2.36116386e-02	5.52566036e-03	2.30582620e-02
3405            	-1.03617904e-02	-1.27863879e-03	2.33029039e-02	5.46454932e-03	2.27946469e-02
3406            	-1.03782419e-02	-1.38952056e-03	2.40150387e-02	5.45154526e-03	2.27409401e-02
3407            	-1.03983717e-02	-1.71625367e-03	2.60608890e-02	5.50212540e-03	2.29438055e-02
3408            	-1.04297376e-02	-2.11108890e-03	2.85457910e-02	5.58534483e-03	2.32734803e-02
3409            	-1.04669834e-02	-2.41546365e-03	3.04867484e-02	5.65803297e-03	2.35585747e-02
3410            	-1.04987610e-02	-2.55770499e-03	3.14266171e-02	5.69018777e-03	2.36868198e-02
3411            	-1.05177662e-02	-2.59268846e-03	3.16923960e-02	5.69611954e-03	2.37263812e-02
3412            	-1.05241265e-02	-2.58339276e-03	3.16665004e-02	5.70240203e-03	2.37807182e-02
3413            	-1.05204061e-02	-2.54127738e-03	3.14212279e-02	5.70494530e-03	2.38232901e-02
3414            	-1.05088548e-02	-2.43686306e-03	3.07777682e-02	5.67477231e-03	2.37297218e-02
3415            	-1.04872187e-02	-2.28733085e-03	2.98400335e-02	5.59032662e-03	2.34108775e-02
3416            	-1.04497373e-02	-2.17945159e-03	2.91273907e-02	5.48591405e-03	2.30087817e-02
3417            	-1.03927217e-02	-2.14742072e-03	2.88406036e-02	5.39272329e-03	2.26514908e-02
3418            	-1.03314847e-02	-2.16041793e-03	2.88111813e-02	5.33045830e-03	2.24139189e-02
3419            	-1.02848315e-02	-2.17669803e-03	2.88081152e-02	5.29598512e-03	2.22800368e-02
3420            	-1.02621115e-02	-2.17588676e-03	2.87223538e-02	5.32529155e-03	2.24061869e-02
3421            	-1.02620664e-02	-2.13731904e-03	2.84362248e-02	5.41245321e-03	2.27709411e-02
3422            	-1.02760932e-02	-2.03086366e-03	2.77669514e-02	5.51827167e-03	2.32000319e-02
3423            	-1.03031752e-02	-1.84593046e-03	2.66574347e-02	5.58793097e-03	2.34599476e-02
3424            	-1.03388507e-02	-1.63285356e-03	2.54064328e-02	5.60393508e-03	2.34790487e-02
3425            	-1.03799812e-02	-1.49452443e-03	2.46339010e-02	5.59721444e-03	2.33994669e-02
3426            	-1.04195900e-02	-1.39487146e-03	2.40979701e-02	5.56743598e-03	2.32410191e-02
3427            	-1.04489048e-02	-1.31490131e-03	2.36569064e-02	5.51337755e-03	2.30061910e-02
3428            	-1.04705651e-02	-1.39990250e-03	2.42153168e-02	5.50520192e-03	2.29726341e-02
3429            	-1.04980919e-02	-1.70192026e-03	2.61180996e-02	5.55908074e-03	2.31896708e-02
3430            	-1.05339755e-02	-2.09281202e-03	2.85846883e-02	5.64615193e-03	2.35345672e-02
3431            	-1.05710317e-02	-2.41468876e-03	3.06341110e-02	5.72243738e-03	2.38318900e-02
3432            	-1.05986797e-02	-2.57695506e-03	3.16928846e-02	5.75207278e-03	2.39458589e-02
3433            	-1.06118233e-02	-2.61948244e-03	3.19979359e-02	5.74637714e-03	2.39325162e-02
3434            	-1.06125488e-02	-2.61311236e-03	3.19833307e-02	5.73794822e-03	2.39225418e-02
3435            	-1.06038948e-02	-2.57687555e-03	3.17687015e-02	5.72797039e-03	2.39114640e-02
3436            	-1.05880733e-02	-2.47700882e-03	3.11473809e-02	5.68867886e-03	2.37794811e-02
3437            	-1.05560125e-02	-2.32314619e-03	3.01662554e-02	5.59116074e-03	2.34064991e-02
3438            	-1.04978632e-02	-2.19860921e-03	2.93173197e-02	5.47619864e-03	2.29612900e-02
3439            	-1.04135860e-02	-2.14270255e-03	2.88391398e-02	5.37365621e-03	2.25663038e-02
3440            	-1.03227970e-02	-2.12861678e-03	2.85943591e-02	5.30092631e-03	2.22872568e-02
3441            	-1.02508465e-02	-2.11638207e-03	2.83730096e-02	5.25297968e-03	2.20989850e-02
3442            	-1.02125104e-02	-2.09041656e-03	2.81041831e-02	5.26835809e-03	2.21680503e-02
3443            	-1.02059392e-02	-2.02867152e-03	2.76601999e-02	5.34155558e-03	2.24753839e-02
3444            	-1.02164330e-02	-1.90040794e-03	2.68461212e-02	5.43400496e-03	2.28495840e-02
3445            	-1.02385409e-02	-1.70055078e-03	2.56335965e-02	5.49532046e-03	2.30759831e-02
3446            	-1.02669578e-02	-1.47485604e-03	2.42926527e-02	5.50597134e-03	2.30742305e-02
3447            	-1.03022482e-02	-1.33676094e-03	2.35132849e-02	5.49299552e-03	2.29706617e-02
3448            	-1.03375265e-02	-1.24437161e-03	2.30171378e-02	5.45960625e-03	2.27974742e-02
3449            	-1.03627262e-02	-1.17362588e-03	2.26293258e-02	5.40080959e-03	2.25417973e-02
3450            	-1.03770260e-02	-1.26262997e-03	2.32042420e-02	5.38415686e-03	2.24722277e-02
3451            	-1.03918912e-02	-1.56647836e-03	2.51022101e-02	5.42568821e-03	2.26378554e-02
3452            	-1.04153970e-02	-1.96758151e-03	2.76153526e-02	5.50690775e-03	2.29592843e-02
3453            	-1.04437531e-02	-2.30798153e-03	2.97677802e-02	5.58666140e-03	2.32717255e-02
3454            	-1.04677696e-02	-2.48835309e-03	3.09345000e-02	5.62808035e-03	2.34351352e-02
3455            	-1.04807218e-02	-2.53997318e-03	3.12967603e-02	5.63916894e-03	2.34918484e-02
3456            	-1.04829917e-02	-2.53319921e-03	3.12825841e-02	5.64927043e-03	2.35604208e-02
3457            	-1.04733513e-02	-2.49319084e-03	3.10423858e-02	5.66070320e-03	2.36394520e-02
3458            	-1.04543729e-02	-2.39647780e-03	3.04352526e-02	5.64916632e-03	2.36225524e-02
3459            	-1.04235842e-02	-2.25776137e-03	2.95517708e-02	5.58084164e-03	2.33687121e-02
3460            	-1.03785190e-02	-2.15059413e-03	2.88333539e-02	5.48161589e-03	2.29867191e-02
3461            	-1.03197871e-02	-2.11379002e-03	2.85159040e-02	5.38878733e-03	2.26306706e-02
3462            	-1.02621892e-02	-2.12432512e-03	2.84781593e-02	5.32561126e-03	2.23906212e-02
3463            	-1.02197026e-02	-2.14160691e-03	2.84892341e-02	5.29166783e-03	2.22593111e-02
3464            	-1.01975471e-02	-2.15258943e-03	2.84799387e-02	5.32829425e-03	2.24157794e-02
3465            	-1.01950203e-02	-2.12921768e-03	2.82851554e-02	5.41532055e-03	2.27799269e-02
3466            	-1.02047781e-02	-2.03400343e-03	2.76783552e-02	5.50957684e-03	2.31613629e-02
3467            	-1.02279433e-02	-1.85410713e-03	2.65930303e-02	5.56388482e-03	2.33577106e-02
3468            	-1.02603720e-02	-1.63577159e-03	2.53049643e-02	5.56844596e-03	2.33290741e-02
3469            	-1.03026247e-02	-1.49813838e-03	2.45404253e-02	5.55209882e-03	2.32096768e-02
3470            	-1.03458048e-02	-1.42364016e-03	2.41688876e-02	5.52379734e-03	2.30554645e-02
3471            	-1.03800701e-02	-1.36404404e-03	2.38650431e-02	5.47162100e-03	2.28263755e-02
3472            	-1.04059746e-02	-1.43248193e-03	2.43302618e-02	5.45388365e-03	2.27529425e-02
3473            	-1.04360553e-02	-1.70730979e-03	2.60702579e-02	5.49208952e-03	2.29065526e-02
3474            	-1.04791380e-02	-2.09073984e-03	2.85005730e-02	5.57467568e-03	2.32356427e-02
3475            	-1.05298253e-02	-2.43013537e-03	3.06765359e-02	5.66002719e-03	2.35721501e-02
3476            	-1.05735114e-02	-2.61642448e-03	3.19060911e-02	5.70755127e-03	2.37613263e-02
3477            	-1.06006250e-02	-2.66160101e-03	3.22464662e-02	5.72014734e-03	2.38245800e-02
3478            	-1.06106499e-02	-2.64186018e-03	3.21614440e-02	5.72674514e-03	2.38783348e-02
3479            	-1.06072627e-02	-2.59705431e-03	3.19004123e-02	5.73425580e-03	2.39412038e-02
3480            	-1.05982084e-02	-2.50355465e-03	3.13282291e-02	5.71463068e-03	2.38913851e-02
3481            	-1.05783260e-02	-2.37678402e-03	3.05355923e-02	5.64565303e-03	2.36352721e-02
3482            	-1.05372911e-02	-2.27600436e-03	2.98627513e-02	5.54918644e-03	2.32653203e-02
3483            	-1.04691678e-02	-2.23122948e-03	2.94805199e-02	5.45138817e-03	2.28894646e-02
3484            	-1.03905038e-02	-2.22032582e-03	2.92758748e-02	5.37605491e-03	2.26007603e-02
3485            	-1.03247802e-02	-2.21566750e-03	2.91138069e-02	5.33243299e-03	2.24316000e-02
3486            	-1.02848741e-02	-2.19950463e-03	2.89067765e-02	5.35078734e-03	2.25124426e-02
3487            	-1.02729100e-02	-2.15592428e-03	2.85692908e-02	5.42757814e-03	2.28339601e-02
3488            	-1.02784429e-02	-2.04584264e-03	2.78596055e-02	5.52293284e-03	2.32204002e-02
3489            	-1.02986433e-02	-1.84946208e-03	2.66631584e-02	5.59134797e-03	2.34778923e-02
3490            	-1.03261179e-02	-1.60681827e-03	2.52125266e-02	5.61444692e-03	2.35300185e-02
3491            	-1.03594492e-02	-1.43110658e-03	2.41944602e-02	5.60833231e-03	2.34565387e-02
3492            	-1.03901614e-02	-1.34498155e-03	2.37282674e-02	5.58703840e-03	2.33328308e-02
3493            	-1.04114824e-02	-1.29083623e-03	2.34363647e-02	5.53926992e-03	2.31207836e-02
3494            	-1.04243809e-02	-1.33802948e-03	2.37503648e-02	5.51140081e-03	2.30034872e-02
3495            	-1.04399660e-02	-1.57181637e-03	2.52153383e-02	5.52514585e-03	2.30543543e-02
3496            	-1.04638931e-02	-1.92505810e-03	2.74300739e-02	5.57848801e-03	2.32603892e-02
3497            	-1.04904981e-02	-2.27157304e-03	2.96142209e-02	5.64213619e-03	2.35050635e-02
3498            	-1.05103549e-02	-2.47371713e-03	3.09052227e-02	5.67092344e-03	2.36137413e-02
3499            	-1.05176715e-02	-2.54072483e-03	3.13521864e-02	5.66520417e-03	2.35977851e-02
3500            	-1.05138559e-02	-2.52730881e-03	3.12876312e-02	5.64758933e-03	2.35494825e-02
3501            	-1.05012181e-02	-2.47032645e-03	3.09376090e-02	5.62877641e-03	2.35021899e-02
3502            	-1.04809783e-02	-2.35581178e-03	3.02161667e-02	5.59452190e-03	2.33910390e-02
3503            	-1.04492970e-02	-2.20612142e-03	2.92611857e-02	5.50872312e-03	2.30647774e-02
3504            	-1.04018530e-02	-2.09075550e-03	2.84871010e-02	5.39941921e-03	2.26404759e-02
3505            	-1.03366399e-02	-2.04207287e-03	2.80850217e-02	5.29741441e-03	2.22460870e-02
3506            	-1.02682536e-02	-2.03566344e-03	2.79248890e-02	5.22757920e-03	2.19803550e-02
3507            	-1.02148006e-02	-2.03413773e-03	2.78022565e-02	5.19186898e-03	2.18442468e-02
3508            	-1.01863523e-02	-2.02776450e-03	2.76753265e-02	5.22282916e-03	2.19776164e-02
3509            	-1.01850612e-02	-2.00673458e-03	2.74962619e-02	5.31406251e-03	2.23584838e-02
3510            	-1.02001994e-02	-1.93104093e-03	2.70178416e-02	5.42595267e-03	2.28145252e-02
3511            	-1.02295085e-02	-1.76873647e-03	2.60508248e-02	5.50212710e-03	2.31043937e-02
3512            	-1.02652975e-02	-1.55447195e-03	2.47928506e-02	5.52468765e-03	2.31526653e-02
3513            	-1.03062508e-02	-1.39591708e-03	2.38966598e-02	5.51264835e-03	2.30515907e-02
3514            	-1.03411836e-02	-1.33534429e-03	2.35988968e-02	5.49042043e-03	2.29212290e-02
3515            	-1.03643835e-02	-1.31439462e-03	2.35188550e-02	5.44873160e-03	2.27327170e-02
3516            	-1.03758807e-02	-1.37284060e-03	2.39028054e-02	5.42978545e-03	2.26524735e-02
3517            	-1.03885342e-02	-1.60621361e-03	2.53620919e-02	5.45801229e-03	2.27647894e-02
3518            	-1.04117725e-02	-1.96892945e-03	2.76355207e-02	5.53378693e-03	2.30663055e-02
3519            	-1.04421024e-02	-2.32198352e-03	2.98655418e-02	5.62082029e-03	2.34101282e-02
3520            	-1.04690297e-02	-2.53074340e-03	3.12078760e-02	5.67218502e-03	2.36148050e-02
3521            	-1.04855279e-02	-2.58722521e-03	3.16010730e-02	5.68474032e-03	2.36765372e-02
3522            	-1.04909990e-02	-2.55856426e-03	3.14532175e-02	5.68475123e-03	2.37034363e-02
3523            	-1.04852200e-02	-2.49003726e-03	3.10400455e-02	5.68435211e-03	2.37348490e-02
3524            	-1.04687269e-02	-2.37531981e-03	3.03230969e-02	5.66495337e-03	2.36868356e-02
3525            	-1.04406250e-02	-2.23654142e-03	2.94430609e-02	5.59176173e-03	2.34129119e-02
3526            	-1.03991478e-02	-2.13300926e-03	2.87534607e-02	5.48371548e-03	2.29933651e-02
3527            	-1.03425900e-02	-2.09711869e-03	2.84463756e-02	5.38505015e-03	2.26124852e-02
3528            	-1.02838321e-02	-2.10443111e-03	2.83885270e-02	5.31985952e-03	2.23657083e-02
3529            	-1.02384079e-02	-2.11963979e-03	2.83842043e-02	5.27833835e-03	2.22047898e-02
3530            	-1.02160242e-02	-2.12867894e-03	2.83636099e-02	5.29300870e-03	2.22696946e-02
3531            	-1.02181743e-02	-2.11866555e-03	2.82580659e-02	5.36266395e-03	2.25598091e-02
3532            	-1.02350350e-02	-2.04058091e-03	2.77659153e-02	5.45466971e-03	2.29319501e-02
3533            	-1.02646665e-02	-1.87228788e-03	2.67599170e-02	5.51868600e-03	2.31704603e-02
3534            	-1.03021437e-02	-1.65375268e-03	2.54768316e-02	5.54016904e-03	2.32148969e-02
3535            	-1.03488070e-02	-1.49320100e-03	2.45767673e-02	5.53111877e-03	2.31288349e-02
3536            	-1.03941265e-02	-1.42622993e-03	2.42546737e-02	5.51540296e-03	2.30276543e-02
3537            	-1.04304901e-02	-1.40369443e-03	2.41831549e-02	5.48453078e-03	2.28855105e-02
3538            	-1.04589424e-02	-1.45460185e-03	2.45443622e-02	5.47655328e-03	2.28517001e-02
3539            	-1.04898836e-02	-1.67663413e-03	2.59596648e-02	5.51365965e-03	2.30012455e-02
3540            	-1.05314646e-02	-2.02350126e-03	2.81601858e-02	5.59754487e-03	2.33359426e-02
3541            	-1.05780899e-02	-2.37157873e-03	3.03819206e-02	5.69335208e-03	2.37156431e-02
3542            	-1.06139986e-02	-2.58193956e-03	3.17464151e-02	5.75194829e-03	2.39494025e-02
3543            	-1.06318244e-02	-2.65082032e-03	3.22193131e-02	5.77090810e-03	2.40362320e-02
3544            	-1.06352666e-02	-2.64476087e-03	3.22116047e-02	5.77370377e-03	2.40727032e-02
3545            	-1.06299988e-02	-2.60134792e-03	3.19582592e-02	5.77426424e-03	2.41058769e-02
3546            	-1.06209667e-02	-2.50676729e-03	3.13793976e-02	5.75564635e-03	2.40593303e-02
3547            	-1.06002966e-02	-2.37514571e-03	3.05551810e-02	5.68210891e-03	2.37835013e-02
3548            	-1.05527133e-02	-2.26496181e-03	2.98147896e-02	5.57287383e-03	2.33596526e-02
3549            	-1.04732458e-02	-2.21243329e-03	2.93682374e-02	5.45819007e-03	2.29130082e-02
3550            	-1.03811590e-02	-2.19296059e-03	2.90908770e-02	5.36432777e-03	2.25480612e-02
3551            	-1.03013964e-02	-2.17585897e-03	2.88303740e-02	5.30001645e-03	2.22940291e-02
3552            	-1.02488406e-02	-2.15055426e-03	2.85474266e-02	5.30962059e-03	2.23404783e-02
3553            	-1.02298160e-02	-2.11595401e-03	2.82535342e-02	5.38615722e-03	2.26628606e-02
3554            	-1.02333665e-02	-2.01353888e-03	2.75853716e-02	5.48091447e-03	2.30497819e-02
3555            	-1.02535222e-02	-1.82390301e-03	2.64271874e-02	5.54430479e-03	2.32886407e-02
3556            	-1.02789166e-02	-1.57631605e-03	2.49404326e-02	5.56016112e-03	2.33107371e-02
3557            	-1.03110949e-02	-1.37539235e-03	2.37639120e-02	5.53910112e-03	2.31743099e-02
3558            	-1.03407484e-02	-1.27573459e-03	2.32134729e-02	5.50985952e-03	2.30157074e-02
3559            	-1.03615834e-02	-1.24396670e-03	2.30611616e-02	5.46393500e-03	2.28095108e-02
3560            	-1.03742437e-02	-1.28333131e-03	2.33279581e-02	5.43055651e-03	2.26693451e-02
3561            	-1.03895485e-02	-1.50091009e-03	2.46945304e-02	5.43499026e-03	2.26821363e-02
3562            	-1.04150320e-02	-1.85776886e-03	2.69356143e-02	5.48823151e-03	2.28877513e-02
3563            	-1.04459980e-02	-2.21862486e-03	2.92153630e-02	5.55782192e-03	2.31566435e-02
3564            	-1.04724495e-02	-2.44902143e-03	3.06924909e-02	5.60136028e-03	2.33259498e-02
3565            	-1.04875766e-02	-2.52938635e-03	3.12338773e-02	5.61130928e-03	2.33740973e-02
3566            	-1.04903734e-02	-2.52013025e-03	3.12047855e-02	5.61214968e-03	2.34026862e-02
3567            	-1.04818921e-02	-2.46723260e-03	3.08858573e-02	5.61542124e-03	2.34474111e-02
3568            	-1.04636145e-02	-2.36227436e-03	3.02264775e-02	5.60469587e-03	2.34336902e-02
3569            	-1.04347197e-02	-2.22740828e-03	2.93688425e-02	5.54234397e-03	2.32032793e-02
3570            	-1.03923290e-02	-2.11668105e-03	2.86337520e-02	5.44267981e-03	2.28178969e-02
3571            	-1.03316021e-02	-2.07341862e-03	2.82754939e-02	5.35873092e-03	2.24986822e-02
3572            	-1.02669554e-02	-2.07461271e-03	2.81707046e-02	5.30312303e-03	2.22929488e-02
3573            	-1.02179560e-02	-2.08190201e-03	2.81115050e-02	5.27306931e-03	2.21816812e-02
3574            	-1.01938009e-02	-2.08105341e-03	2.80273395e-02	5.29619839e-03	2.22826587e-02
3575            	-1.01951382e-02	-2.07464868e-03	2.79444170e-02	5.37529698e-03	2.26129591e-02
3576            	-1.02107189e-02	-2.00834477e-03	2.75236508e-02	5.47254803e-03	2.30082767e-02
3577            	-1.02380750e-02	-1.85495902e-03	2.66051139e-02	5.54052666e-03	2.32641675e-02
3578            	-1.02694123e-02	-1.63856458e-03	2.53232041e-02	5.56352004e-03	2.33151902e-02
3579            	-1.03074629e-02	-1.45813946e-03	2.42855412e-02	5.54725488e-03	2.31979142e-02
3580            	-1.03417035e-02	-1.36369113e-03	2.37780497e-02	5.51686403e-03	2.30327379e-02
3581            	-1.03666426e-02	-1.35650271e-03	2.37874228e-02	5.47089391e-03	2.28246865e-02
3582            	-1.03807198e-02	-1.41629687e-03	2.41851400e-02	5.44504443e-03	2.27157312e-02
3583            	-1.03954668e-02	-1.62622644e-03	2.55029552e-02	5.45805820e-03	2.27650435e-02
3584            	-1.04221620e-02	-1.96156935e-03	2.76102660e-02	5.52192542e-03	2.30168464e-02
3585            	-1.04572707e-02	-2.29633676e-03	2.97314493e-02	5.59840656e-03	2.33167969e-02
3586            	-1.04900571e-02	-2.51270885e-03	3.11279314e-02	5.64295442e-03	2.34921057e-02
3587            	-1.05126185e-02	-2.58466639e-03	3.16251266e-02	5.65251384e-03	2.35398770e-02
3588            	-1.05226894e-02	-2.56813347e-03	3.15589117e-02	5.65216840e-03	2.35644486e-02
3589            	-1.05211738e-02	-2.50766983e-03	3.12015758e-02	5.65447310e-03	2.36063573e-02
3590            	-1.05094776e-02	-2.39639725e-03	3.05116050e-02	5.64060666e-03	2.35808715e-02
3591            	-1.04872507e-02	-2.25863557e-03	2.96458793e-02	5.57459215e-03	2.33363782e-02
3592            	-1.04518882e-02	-2.14751232e-03	2.89202243e-02	5.47128869e-03	2.29363111e-02
3593            	-1.03972767e-02	-2.10447628e-03	2.85736716e-02	5.37147668e-03	2.25506153e-02
3594            	-1.03332394e-02	-2.10711757e-03	2.84801475e-02	5.30213931e-03	2.22868154e-02
3595            	-1.02782881e-02	-2.11328130e-03	2.84063171e-02	5.26382715e-03	2.21416366e-02
3596            	-1.02465486e-02	-2.11161228e-03	2.83067822e-02	5.28499842e-03	2.22359739e-02
3597            	-1.02419985e-02	-2.11201719e-03	2.82571464e-02	5.36794836e-03	2.25840989e-02
3598            	-1.02567531e-02	-2.05475053e-03	2.78899946e-02	5.47490046e-03	2.30217566e-02
3599            	-1.02854891e-02	-1.91012264e-03	2.70267765e-02	5.55861959e-03	2.33454073e-02
3600            	-1.03232302e-02	-1.70200845e-03	2.58055350e-02	5.59662286e-03	2.34601811e-02
3601            	-1.03693908e-02	-1.51592758e-03	2.47442759e-02	5.59477969e-03	2.34025894e-02
3602            	-1.04148881e-02	-1.40127525e-03	2.41279398e-02	5.57782328e-03	2.32923067e-02
3603            	-1.04506278e-02	-1.39709187e-03	2.41711107e-02	5.54609649e-03	2.31435860e-02
3604            	-1.04776878e-02	-1.46106103e-03	2.46136240e-02	5.53354855e-03	2.30906128e-02
3605            	-1.05074223e-02	-1.65827903e-03	2.58741943e-02	5.55815334e-03	2.31878118e-02
3606            	-1.05472023e-02	-1.98924742e-03	2.79734726e-02	5.63175811e-03	2.34786117e-02
3607            	-1.05912211e-02	-2.32522938e-03	3.01154643e-02	5.71215364e-03	2.37930991e-02
3608            	-1.06251481e-02	-2.55023969e-03	3.15673501e-02	5.75318127e-03	2.39516480e-02
3609            	-1.06409530e-02	-2.63360886e-03	3.21256416e-02	5.75442643e-03	2.39620628e-02
3610            	-1.06419703e-02	-2.62999274e-03	3.21273728e-02	5.74630402e-03	2.39515308e-02
3611            	-1.06339440e-02	-2.58265096e-03	3.18434630e-02	5.74295372e-03	2.39682462e-02
3612            	-1.06221337e-02	-2.48762917e-03	3.12563665e-02	5.72165756e-03	2.39108873e-02
3613            	-1.05997018e-02	-2.35581227e-03	3.04282268e-02	5.64626301e-03	2.36277437e-02
3614            	-1.05540378e-02	-2.23637703e-03	2.96350121e-02	5.52644928e-03	2.31601691e-02
3615            	-1.04769416e-02	-2.17628974e-03	2.91472659e-02	5.41192825e-03	2.27150738e-02
3616            	-1.03839688e-02	-2.15581020e-03	2.88641668e-02	5.32646737e-03	2.23861247e-02
3617            	-1.03015689e-02	-2.13801530e-03	2.85965331e-02	5.26670216e-03	2.21532726e-02
3618            	-1.02479361e-02	-2.10912585e-03	2.82906496e-02	5.25990393e-03	2.21320372e-02
3619            	-1.02292741e-02	-2.08080363e-03	2.80363312e-02	5.31994589e-03	2.23855288e-02
3620            	-1.02343106e-02	-1.99323803e-03	2.74613423e-02	5.41284283e-03	2.27658154e-02
3621            	-1.02548951e-02	-1.82529530e-03	2.64365655e-02	5.48908409e-03	2.30597906e-02
3622            	-1.02793644e-02	-1.59334603e-03	2.50432530e-02	5.51894263e-03	2.31413241e-02
3623            	-1.03100429e-02	-1.37990664e-03	2.37855634e-02	5.50648555e-03	2.30405536e-02
3624            	-1.03405164e-02	-1.23617491e-03	2.29640620e-02	5.47778203e-03	2.28825539e-02
3625            	-1.03626697e-02	-1.22559486e-03	2.29461546e-02	5.43410744e-03	2.26850576e-02
3626            	-1.03757821e-02	-1.29544676e-03	2.34047576e-02	5.40774095e-03	2.25748510e-02
3627            	-1.03899221e-02	-1.49846832e-03	2.46803159e-02	5.42350291e-03	2.26350506e-02
3628            	-1.04149172e-02	-1.83251412e-03	2.67787069e-02	5.49110223e-03	2.29000198e-02
3629            	-1.04470926e-02	-2.17690220e-03	2.89571678e-02	5.57139600e-03	2.32139072e-02
3630            	-1.04770411e-02	-2.41320452e-03	3.04748947e-02	5.62110824e-03	2.34088489e-02
3631            	-1.04961694e-02	-2.50743292e-03	3.11066194e-02	5.63779219e-03	2.34837395e-02
3632            	-1.05028358e-02	-2.51178763e-03	3.11677710e-02	5.65131582e-03	2.35642735e-02
3633            	-1.04970711e-02	-2.46504449e-03	3.08915862e-02	5.66789263e-03	2.36646955e-02
3634            	-1.04804462e-02	-2.36545291e-03	3.02682891e-02	5.66573211e-03	2.36868725e-02
3635            	-1.04519539e-02	-2.23296951e-03	2.94266807e-02	5.60516231e-03	2.34637903e-02
3636            	-1.04092258e-02	-2.12064712e-03	2.86837691e-02	5.49868493e-03	2.30493214e-02
3637            	-1.03486083e-02	-2.07147106e-03	2.82909971e-02	5.39396073e-03	2.26428031e-02
3638            	-1.02821651e-02	-2.06948638e-03	2.81660206e-02	5.32087340e-03	2.23632282e-02
3639            	-1.02296732e-02	-2.08020970e-03	2.81244163e-02	5.27741828e-03	2.21970829e-02
3640            	-1.02003734e-02	-2.08634234e-03	2.80771623e-02	5.28352133e-03	2.22280547e-02
3641            	-1.01968929e-02	-2.09015128e-03	2.80497536e-02	5.34513238e-03	2.24852831e-02
3642            	-1.02091615e-02	-2.03669131e-03	2.77022421e-02	5.43845240e-03	2.28660850e-02
3643            	-1.02329022e-02	-1.90209481e-03	2.68928419e-02	5.51150283e-03	2.31462842e-02
3644            	-1.02620817e-02	-1.69543570e-03	2.56665839e-02	5.53353087e-03	2.31940064e-02
3645            	-1.02999633e-02	-1.49739524e-03	2.45180277e-02	5.51379841e-03	2.30609993e-02
3646            	-1.03404581e-02	-1.35974235e-03	2.37527406e-02	5.47931004e-03	2.28764711e-02
3647            	-1.03731393e-02	-1.36326397e-03	2.38408447e-02	5.43368760e-03	2.26698368e-02
3648            	-1.03929085e-02	-1.44221942e-03	2.43670015e-02	5.40856388e-03	2.25655083e-02
3649            	-1.04094395e-02	-1.63850489e-03	2.56041428e-02	5.43034797e-03	2.26521572e-02
3650            	-1.04385209e-02	-1.96084890e-03	2.76344938e-02	5.50750937e-03	2.29585629e-02
3651            	-1.04796385e-02	-2.28896033e-03	2.97217554e-02	5.59385282e-03	2.32988514e-02
3652            	-1.05199884e-02	-2.52488332e-03	3.12501068e-02	5.64965857e-03	2.35208112e-02
3653            	-1.05489728e-02	-2.61884661e-03	3.18929591e-02	5.66797563e-03	2.36032846e-02
3654            	-1.05631824e-02	-2.61264324e-03	3.18974149e-02	5.68016828e-03	2.36784710e-02
3655            	-1.05651573e-02	-2.55498337e-03	3.15631182e-02	5.69982457e-03	2.37922381e-02
3656            	-1.05598369e-02	-2.45598079e-03	3.09599934e-02	5.70659236e-03	2.38521609e-02
3657            	-1.05471384e-02	-2.33496335e-03	3.02138741e-02	5.65725412e-03	2.36767931e-02
3658            	-1.05202937e-02	-2.23557724e-03	2.95768770e-02	5.56649450e-03	2.33290303e-02
3659            	-1.04715880e-02	-2.19211995e-03	2.92392493e-02	5.47046958e-03	2.29599215e-02
3660            	-1.04065199e-02	-2.18894125e-03	2.91102222e-02	5.41577404e-03	2.27589959e-02
3661            	-1.03484350e-02	-2.19681234e-03	2.90432534e-02	5.38687095e-03	2.26559274e-02
3662            	-1.03126827e-02	-2.20027928e-03	2.89695768e-02	5.39540657e-03	2.26986899e-02
3663            	-1.03022429e-02	-2.19900058e-03	2.88994327e-02	5.45708336e-03	2.29583436e-02
3664            	-1.03099724e-02	-2.14163698e-03	2.85192121e-02	5.55156655e-03	2.33463782e-02
3665            	-1.03314544e-02	-1.99990423e-03	2.76581455e-02	5.63037056e-03	2.36520175e-02
3666            	-1.03609944e-02	-1.78437897e-03	2.63731335e-02	5.66031546e-03	2.37338685e-02
3667            	-1.03986240e-02	-1.57453079e-03	2.51469563e-02	5.64611582e-03	2.36238609e-02
3668            	-1.04370058e-02	-1.40630601e-03	2.41863233e-02	5.60992231e-03	2.34304953e-02
3669            	-1.04665266e-02	-1.37257361e-03	2.40370049e-02	5.55550497e-03	2.31855004e-02
3670            	-1.04840685e-02	-1.42457958e-03	2.43917798e-02	5.51637246e-03	2.30219893e-02
3671            	-1.05019695e-02	-1.60370032e-03	2.55232134e-02	5.52152234e-03	2.30387676e-02
3672            	-1.05323965e-02	-1.92179088e-03	2.75276245e-02	5.57835003e-03	2.32589339e-02
3673            	-1.05707491e-02	-2.24832511e-03	2.95997297e-02	5.64014144e-03	2.34940744e-02
3674            	-1.06042389e-02	-2.48332654e-03	3.11111888e-02	5.66779374e-03	2.35952160e-02
3675            	-1.06246464e-02	-2.58726705e-03	3.18042197e-02	5.65776027e-03	2.35560835e-02
3676            	-1.06306561e-02	-2.59464518e-03	3.18823376e-02	5.64439700e-03	2.35220325e-02
3677            	-1.06262705e-02	-2.54534130e-03	3.15910609e-02	5.64352854e-03	2.35492008e-02
3678            	-1.06130439e-02	-2.44680298e-03	3.09781925e-02	5.63233209e-03	2.35341647e-02
3679            	-1.05873438e-02	-2.31290240e-03	3.01302107e-02	5.57034176e-03	2.33069396e-02
3680            	-1.05405464e-02	-2.19034038e-03	2.93171051e-02	5.46702594e-03	2.29076631e-02
3681            	-1.04682353e-02	-2.12134694e-03	2.87843093e-02	5.36229012e-03	2.25029361e-02
3682            	-1.03807831e-02	-2.09127857e-03	2.84529538e-02	5.28641098e-03	2.22138002e-02
3683            	-1.03030057e-02	-2.07240316e-03	2.81879298e-02	5.24043706e-03	2.20401914e-02
3684            	-1.02533359e-02	-2.05746507e-03	2.79774743e-02	5.24211649e-03	2.20556127e-02
3685            	-1.02363173e-02	-2.04417197e-03	2.78210968e-02	5.30555073e-03	2.23241413e-02
3686            	-1.02414612e-02	-1.97474782e-03	2.73600899e-02	5.40448440e-03	2.27312557e-02
3687            	-1.02605482e-02	-1.83279701e-03	2.64917568e-02	5.49406465e-03	2.30827478e-02
3688            	-1.02878714e-02	-1.62682857e-03	2.52626842e-02	5.53887992e-03	2.32278466e-02
3689            	-1.03230822e-02	-1.43008440e-03	2.41155832e-02	5.53663396e-03	2.31682155e-02
3690            	-1.03605233e-02	-1.27213867e-03	2.32198044e-02	5.50847087e-03	2.30069536e-02
3691            	-1.03887899e-02	-1.24359705e-03	2.31046073e-02	5.45778881e-03	2.27763861e-02
3692            	-1.04038753e-02	-1.31443519e-03	2.35754866e-02	5.42205768e-03	2.26270078e-02
3693            	-1.04144511e-02	-1.51214789e-03	2.48132080e-02	5.43537755e-03	2.26785212e-02
3694            	-1.04353173e-02	-1.84839004e-03	2.69176352e-02	5.50408861e-03	2.29497386e-02
3695            	-1.04653868e-02	-2.18243836e-03	2.90258579e-02	5.58374501e-03	2.32615128e-02
3696            	-1.04943246e-02	-2.40928346e-03	3.04807285e-02	5.63016357e-03	2.34422125e-02
3697            	-1.05134731e-02	-2.51233187e-03	3.11660783e-02	5.63895602e-03	2.34819868e-02
3698            	-1.05198911e-02	-2.52967363e-03	3.13066212e-02	5.64590915e-03	2.35330667e-02
3699            	-1.05153573e-02	-2.49734365e-03	3.11207396e-02	5.66177632e-03	2.36303618e-02
3700            	-1.05003516e-02	-2.40851025e-03	3.05657636e-02	5.66008339e-03	2.36549023e-02
3701            	-1.04756062e-02	-2.27633995e-03	2.97311741e-02	5.59771512e-03	2.34251289e-02
3702            	-1.04385565e-02	-2.15972626e-03	2.89726882e-02	5.49122502e-03	2.30110437e-02
3703            	-1.03850512e-02	-2.10552497e-03	2.85639963e-02	5.38417077e-03	2.25948175e-02
3704            	-1.03230551e-02	-2.10053287e-03	2.84309817e-02	5.30927996e-03	2.23082103e-02
3705            	-1.02695852e-02	-2.11830959e-03	2.84346167e-02	5.26647855e-03	2.21466773e-02
3706            	-1.02352666e-02	-2.13681721e-03	2.84588966e-02	5.26608449e-03	2.21520104e-02
3707            	-1.02241641e-02	-2.14899735e-03	2.84720964e-02	5.32338339e-03	2.23937787e-02
3708            	-1.02314709e-02	-2.09900697e-03	2.81368865e-02	5.41819930e-03	2.27832936e-02
3709            	-1.02527852e-02	-1.97301326e-03	2.73721981e-02	5.50997426e-03	2.31446733e-02
3710            	-1.02862151e-02	-1.78186943e-03	2.62457959e-02	5.55990837e-03	2.33120022e-02
3711            	-1.03304631e-02	-1.59556381e-03	2.51778506e-02	5.56108613e-03	2.32672422e-02
3712            	-1.03773362e-02	-1.44038923e-03	2.43133737e-02	5.53683781e-03	2.31220322e-02
3713            	-1.04170105e-02	-1.38724594e-03	2.40626637e-02	5.49206156e-03	2.29156823e-02
3714            	-1.04451543e-02	-1.45026491e-03	2.45030259e-02	5.46382107e-03	2.27975416e-02
3715            	-1.04714339e-02	-1.65347812e-03	2.57970089e-02	5.49318998e-03	2.29162764e-02
3716            	-1.05114499e-02	-1.99115876e-03	2.79374181e-02	5.58185097e-03	2.32708295e-02
3717            	-1.05630624e-02	-2.31118448e-03	2.99884681e-02	5.67781865e-03	2.36498503e-02
3718            	-1.06109138e-02	-2.51975228e-03	3.13556118e-02	5.73550017e-03	2.38766233e-02
3719            	-1.06419663e-02	-2.62256154e-03	3.20556210e-02	5.74929068e-03	2.39362892e-02
3720            	-1.06529940e-02	-2.64219537e-03	3.22156807e-02	5.75380978e-03	2.39765157e-02
3721            	-1.06497161e-02	-2.61816946e-03	3.20825014e-02	5.76635367e-03	2.40600612e-02
3722            	-1.06390081e-02	-2.53582100e-03	3.15742263e-02	5.76397367e-03	2.40818199e-02
3723            	-1.06230101e-02	-2.40320101e-03	3.07498074e-02	5.70525818e-03	2.38676701e-02
3724            	-1.05903606e-02	-2.27586768e-03	2.99306056e-02	5.59816099e-03	2.34521957e-02
3725            	-1.05273456e-02	-2.20389793e-03	2.93961413e-02	5.48271570e-03	2.30025894e-02
3726            	-1.04418670e-02	-2.17796554e-03	2.90955958e-02	5.39279248e-03	2.26560348e-02
3727            	-1.03595758e-02	-2.17377504e-03	2.89170862e-02	5.33178432e-03	2.24207036e-02
3728            	-1.03009270e-02	-2.16849075e-03	2.87542432e-02	5.30937560e-03	2.23350473e-02
3729            	-1.02739836e-02	-2.15532002e-03	2.85823870e-02	5.34851266e-03	2.25020829e-02
3730            	-1.02722897e-02	-2.07742983e-03	2.80556764e-02	5.42915385e-03	2.28341197e-02
3731            	-1.02866274e-02	-1.92464553e-03	2.71083810e-02	5.51259210e-03	2.31626165e-02
3732            	-1.03099163e-02	-1.70782807e-03	2.58021229e-02	5.55878389e-03	2.33168127e-02
3733            	-1.03407473e-02	-1.49489952e-03	2.45453049e-02	5.55665248e-03	2.32593207e-02
3734            	-1.03735876e-02	-1.31455121e-03	2.35010901e-02	5.52434156e-03	2.30800466e-02
3735            	-1.04010155e-02	-1.22984263e-03	2.30357419e-02	5.46785654e-03	2.28238743e-02
3736            	-1.04141745e-02	-1.27891660e-03	2.33668584e-02	5.42116248e-03	2.26284272e-02
3737            	-1.04226817e-02	-1.47959327e-03	2.46185593e-02	5.42733990e-03	2.26507296e-02
3738            	-1.04408365e-02	-1.82401440e-03	2.67696009e-02	5.49084486e-03	2.29001678e-02
3739            	-1.04686090e-02	-2.15634639e-03	2.88633457e-02	5.56408627e-03	2.31833331e-02
3740            	-1.04970250e-02	-2.37579746e-03	3.02705163e-02	5.60594051e-03	2.33420444e-02
3741            	-1.05167217e-02	-2.49245955e-03	3.10408485e-02	5.61193579e-03	2.33671907e-02
3742            	-1.05219448e-02	-2.52592187e-03	3.12795518e-02	5.61333631e-03	2.33934854e-02
3743            	-1.05153842e-02	-2.51086291e-03	3.11972200e-02	5.62782947e-03	2.34841437e-02
3744            	-1.04991379e-02	-2.42634237e-03	3.06668017e-02	5.63357467e-03	2.35390210e-02
3745            	-1.04752449e-02	-2.28013191e-03	2.97445510e-02	5.58443566e-03	2.33647838e-02
3746            	-1.04394444e-02	-2.13916556e-03	2.88356812e-02	5.49074598e-03	2.30044798e-02
3747            	-1.03860649e-02	-2.06183514e-03	2.82839156e-02	5.38801248e-03	2.26069369e-02
3748            	-1.03191198e-02	-2.04349568e-03	2.80607711e-02	5.31152088e-03	2.23157711e-02
3749            	-1.02593981e-02	-2.05558459e-03	2.80209021e-02	5.26994060e-03	2.21608304e-02
3750            	-1.02211392e-02	-2.07479854e-03	2.80444785e-02	5.26810000e-03	2.21602927e-02
3751            	-1.02099036e-02	-2.08223963e-03	2.80277031e-02	5.32156943e-03	2.23857235e-02
3752            	-1.02194769e-02	-2.02885019e-03	2.76733426e-02	5.41212050e-03	2.27589849e-02
3753            	-1.02420205e-02	-1.90679612e-03	2.69320539e-02	5.50261669e-03	2.31169740e-02
3754            	-1.02721095e-02	-1.71921736e-03	2.58205768e-02	5.55180196e-03	2.32827223e-02
3755            	-1.03097064e-02	-1.53654771e-03	2.47655187e-02	5.55087797e-03	2.32273566e-02
3756            	-1.03499670e-02	-1.37381042e-03	2.38459218e-02	5.52046247e-03	2.30523284e-02
3757            	-1.03838505e-02	-1.28785261e-03	2.33869368e-02	5.46239901e-03	2.27868462e-02
3758            	-1.04023931e-02	-1.32977155e-03	2.36836302e-02	5.41202692e-03	2.25755526e-02
3759            	-1.04118074e-02	-1.53758532e-03	2.49815601e-02	5.41452127e-03	2.25840229e-02
3760            	-1.04312283e-02	-1.88804576e-03	2.71722752e-02	5.48347989e-03	2.28592279e-02
3761            	-1.04647166e-02	-2.23271601e-03	2.93497347e-02	5.56170604e-03	2.31648441e-02
3762            	-1.05006208e-02	-2.45264076e-03	3.07677170e-02	5.61110836e-03	2.33555024e-02
3763            	-1.05279674e-02	-2.55604887e-03	3.14634602e-02	5.62732834e-03	2.34238101e-02
3764            	-1.05406510e-02	-2.58718881e-03	3.16964162e-02	5.63391917e-03	2.34723829e-02
3765            	-1.05414775e-02	-2.57900666e-03	3.16671919e-02	5.65053142e-03	2.35724852e-02
3766            	-1.05319465e-02	-2.50728465e-03	3.12269158e-02	5.65730197e-03	2.36322658e-02
3767            	-1.05128773e-02	-2.36704569e-03	3.03491728e-02	5.61329021e-03	2.34803365e-02
3768            	-1.04821344e-02	-2.22149727e-03	2.94205714e-02	5.52006609e-03	2.31228804e-02
3769            	-1.04340217e-02	-2.14020572e-03	2.88541658e-02	5.42043140e-03	2.27388880e-02
3770            	-1.03705133e-02	-2.12290394e-03	2.86448017e-02	5.34387614e-03	2.24481850e-02
3771            	-1.03101267e-02	-2.13965708e-03	2.86356296e-02	5.30176473e-03	2.22918206e-02
3772            	-1.02697885e-02	-2.16250348e-03	2.86801196e-02	5.29485617e-03	2.22708845e-02
3773            	-1.02564864e-02	-2.16947990e-03	2.86572151e-02	5.35269777e-03	2.25168155e-02
3774            	-1.02658394e-02	-2.11476905e-03	2.82922561e-02	5.45302261e-03	2.29339049e-02
3775            	-1.02889231e-02	-1.98647819e-03	2.75102155e-02	5.55981616e-03	2.33627982e-02
3776            	-1.03241230e-02	-1.79526602e-03	2.63812662e-02	5.62486804e-03	2.35978346e-02
3777            	-1.03677400e-02	-1.61407753e-03	2.53426748e-02	5.63928171e-03	2.36067678e-02
3778            	-1.04161143e-02	-1.45546414e-03	2.44589381e-02	5.62375653e-03	2.34912060e-02
3779            	-1.04596032e-02	-1.34726500e-03	2.38757377e-02	5.57238325e-03	2.32505286e-02
3780            	-1.04893191e-02	-1.34869027e-03	2.39378905e-02	5.52122890e-03	2.30344713e-02
3781            	-1.05122079e-02	-1.52979425e-03	2.50901077e-02	5.52679388e-03	2.30570042e-02
3782            	-1.05428031e-02	-1.87146217e-03	2.72415833e-02	5.59564900e-03	2.33320837e-02
3783            	-1.05824860e-02	-2.23461561e-03	2.95415563e-02	5.67199245e-03	2.36285280e-02
3784            	-1.06201281e-02	-2.47742855e-03	3.11029993e-02	5.71828620e-03	2.38033501e-02
3785            	-1.06450735e-02	-2.58762869e-03	3.18367965e-02	5.72460808e-03	2.38265516e-02
3786            	-1.06533312e-02	-2.62722018e-03	3.21162958e-02	5.71295348e-03	2.37951588e-02
3787            	-1.06510462e-02	-2.63214701e-03	3.21656264e-02	5.70964826e-03	2.38094583e-02
3788            	-1.06425086e-02	-2.57979051e-03	3.18492617e-02	5.69939523e-03	2.37969955e-02
3789            	-1.06262487e-02	-2.45024535e-03	3.10427500e-02	5.64402221e-03	2.35979363e-02
3790            	-1.05907045e-02	-2.28973880e-03	3.00131924e-02	5.53508922e-03	2.31775285e-02
3791            	-1.05238045e-02	-2.18299631e-03	2.92591175e-02	5.41785430e-03	2.27230218e-02
3792            	-1.04302693e-02	-2.14047015e-03	2.88462026e-02	5.32592402e-03	2.23710487e-02
3793            	-1.03365085e-02	-2.13070792e-03	2.86198025e-02	5.26709475e-03	2.21471072e-02
3794            	-1.02671448e-02	-2.12306004e-03	2.84277473e-02	5.23871902e-03	2.20377195e-02
3795            	-1.02338798e-02	-2.09404727e-03	2.81464584e-02	5.27390285e-03	2.21897922e-02
3796            	-1.02305453e-02	-2.00541419e-03	2.75446986e-02	5.35722619e-03	2.25377127e-02
3797            	-1.02419349e-02	-1.85228490e-03	2.65846326e-02	5.45541198e-03	2.29323728e-02
3798            	-1.02624089e-02	-1.64270715e-03	2.53150170e-02	5.51892354e-03	2.31631972e-02
3799            	-1.02898447e-02	-1.44760321e-03	2.41634822e-02	5.53247011e-03	2.31699505e-02
3800            	-1.03236126e-02	-1.29009792e-03	2.32631638e-02	5.51849342e-03	2.30611729e-02
3801            	-1.03561392e-02	-1.16729821e-03	2.25733609e-02	5.46835835e-03	2.28245435e-02
3802            	-1.03769764e-02	-1.14246148e-03	2.24605910e-02	5.41249621e-03	2.25880228e-02
3803            	-1.03894527e-02	-1.31185045e-03	2.35267529e-02	5.41407434e-03	2.25946413e-02
3804            	-1.04070950e-02	-1.67178075e-03	2.57754277e-02	5.48006459e-03	2.28583803e-02
3805            	-1.04348237e-02	-2.06454954e-03	2.82451237e-02	5.55939151e-03	2.31681344e-02
3806            	-1.04651938e-02	-2.33220274e-03	2.99513603e-02	5.61592665e-03	2.33857689e-02
3807            	-1.04894321e-02	-2.45430506e-03	3.07586904e-02	5.63833682e-03	2.34759975e-02
3808            	-1.05004750e-02	-2.50346666e-03	3.11033042e-02	5.64333262e-03	2.35137980e-02
3809            	-1.04995915e-02	-2.51566810e-03	3.12012452e-02	5.65425191e-03	2.35877222e-02
3810            	-1.04861979e-02	-2.47146465e-03	3.09288362e-02	5.65800155e-03	2.36335149e-02
3811            	-1.04641724e-02	-2.35186067e-03	3.01758699e-02	5.61916812e-03	2.35018449e-02
3812            	-1.04299071e-02	-2.19710749e-03	2.91859326e-02	5.52471526e-03	2.31394074e-02
3813            	-1.03802028e-02	-2.09616555e-03	2.84965085e-02	5.41215074e-03	2.27022931e-02
3814            	-1.03177235e-02	-2.06963608e-03	2.82333793e-02	5.32000490e-03	2.23477699e-02
3815            	-1.02600486e-02	-2.08842809e-03	2.82436722e-02	5.26612035e-03	2.21427743e-02
3816            	-1.02229695e-02	-2.11987390e-03	2.83483666e-02	5.24598760e-03	2.20661677e-02
3817            	-1.02108646e-02	-2.12728218e-03	2.83298071e-02	5.28349060e-03	2.22254382e-02
3818            	-1.02165603e-02	-2.07681704e-03	2.79816624e-02	5.36391917e-03	2.25599724e-02
3819            	-1.02313979e-02	-1.95727010e-03	2.72371420e-02	5.45518611e-03	2.29254971e-02
3820            	-1.02551799e-02	-1.77164181e-03	2.61230064e-02	5.51455697e-03	2.31395115e-02
3821            	-1.02883782e-02	-1.58896152e-03	2.50594416e-02	5.52973932e-03	2.31536497e-02
3822            	-1.03301432e-02	-1.45025843e-03	2.42891531e-02	5.52239272e-03	2.30714704e-02
3823            	-1.03700082e-02	-1.33326615e-03	2.36483489e-02	5.48016299e-03	2.28652773e-02
3824            	-1.03967473e-02	-1.29337711e-03	2.34517355e-02	5.42756488e-03	2.26412245e-02
3825            	-1.04136358e-02	-1.44203554e-03	2.43954945e-02	5.43527236e-03	2.26746649e-02
3826            	-1.04373198e-02	-1.79151828e-03	2.65863380e-02	5.51027808e-03	2.29779198e-02
3827            	-1.04758284e-02	-2.18351556e-03	2.90655737e-02	5.60520963e-03	2.33545201e-02
3828            	-1.05217054e-02	-2.46232975e-03	3.08629881e-02	5.67745319e-03	2.36377212e-02
3829            	-1.05620973e-02	-2.58344459e-03	3.16862612e-02	5.71008619e-03	2.37694604e-02
3830            	-1.05874978e-02	-2.61710770e-03	3.19532891e-02	5.72295566e-03	2.38393795e-02
3831            	-1.05979378e-02	-2.62415524e-03	3.20352563e-02	5.74071705e-03	2.39417608e-02
3832            	-1.05966370e-02	-2.59520154e-03	3.18765896e-02	5.75256339e-03	2.40216968e-02
3833            	-1.05889006e-02	-2.49378662e-03	3.12593824e-02	5.72415922e-03	2.39342957e-02
3834            	-1.05694645e-02	-2.34539864e-03	3.03324944e-02	5.63914771e-03	2.36126344e-02
3835            	-1.05285786e-02	-2.24121139e-03	2.96367554e-02	5.53597410e-03	2.32164825e-02
3836            	-1.04638052e-02	-2.20651415e-03	2.93194995e-02	5.44533040e-03	2.28703146e-02
3837            	-1.03930880e-02	-2.21487744e-03	2.92446085e-02	5.38329283e-03	2.26334380e-02
3838            	-1.03387666e-02	-2.23069022e-03	2.92249184e-02	5.34799574e-03	2.24954028e-02
3839            	-1.03098049e-02	-2.22170386e-03	2.90772678e-02	5.37509332e-03	2.26127205e-02
3840            	-1.03048018e-02	-2.16150813e-03	2.86484794e-02	5.45256401e-03	2.29369469e-02
3841            	-1.03143943e-02	-2.03106028e-03	2.78235442e-02	5.54523102e-03	2.33104900e-02
3842            	-1.03373326e-02	-1.82617165e-03	2.65833602e-02	5.60583610e-03	2.35319049e-02
3843            	-1.03690628e-02	-1.60860608e-03	2.52968583e-02	5.61645409e-03	2.35282131e-02
3844            	-1.04054019e-02	-1.46005516e-03	2.44528484e-02	5.60179075e-03	2.34159337e-02
3845            	-1.04400728e-02	-1.33081657e-03	2.37254424e-02	5.55286645e-03	2.31801550e-02
3846            	-1.04645803e-02	-1.25147444e-03	2.32801292e-02	5.48272940e-03	2.28810433e-02
3847            	-1.04819207e-02	-1.35438143e-03	2.39414372e-02	5.46524565e-03	2.28090873e-02
3848            	-1.05051035e-02	-1.68097804e-03	2.59894315e-02	5.51058319e-03	2.29885981e-02
3849            	-1.05362978e-02	-2.07824876e-03	2.84891664e-02	5.58306962e-03	2.32706485e-02
3850            	-1.05681914e-02	-2.38229863e-03	3.04210755e-02	5.63920809e-03	2.34836805e-02
3851            	-1.05902134e-02	-2.52231862e-03	3.13338653e-02	5.65509036e-03	2.35417562e-02
3852            	-1.05958453e-02	-2.56109245e-03	3.16044053e-02	5.64705300e-03	2.35210352e-02
3853            	-1.05871054e-02	-2.56017736e-03	3.16091300e-02	5.64540457e-03	2.35404539e-02
3854            	-1.05699958e-02	-2.52194990e-03	3.13686780e-02	5.64346113e-03	2.35626420e-02
3855            	-1.05475887e-02	-2.41112565e-03	3.06685587e-02	5.60937343e-03	2.34519047e-02
3856            	-1.05123621e-02	-2.24745558e-03	2.96207884e-02	5.51994517e-03	2.31120033e-02
3857            	-1.04584624e-02	-2.12168116e-03	2.87698666e-02	5.41063601e-03	2.26899478e-02
3858            	-1.03851365e-02	-2.06888460e-03	2.83268799e-02	5.31622417e-03	2.23277925e-02
3859            	-1.03090534e-02	-2.06299137e-03	2.81555803e-02	5.25852195e-03	2.21094301e-02
3860            	-1.02507284e-02	-2.06628170e-03	2.80529109e-02	5.23208844e-03	2.20092695e-02
3861            	-1.02200203e-02	-2.05527255e-03	2.78913120e-02	5.26908316e-03	2.21680307e-02
3862            	-1.02167728e-02	-2.00774090e-03	2.75446662e-02	5.35687289e-03	2.25356432e-02
3863            	-1.02309420e-02	-1.89949571e-03	2.68651868e-02	5.45862958e-03	2.29476462e-02
3864            	-1.02575699e-02	-1.71913646e-03	2.57843330e-02	5.52275556e-03	2.31841248e-02
3865            	-1.02898698e-02	-1.51608780e-03	2.45919959e-02	5.53369614e-03	2.31820972e-02
3866            	-1.03273306e-02	-1.38933239e-03	2.38881056e-02	5.52163110e-03	2.30804339e-02
3867            	-1.03625130e-02	-1.29438833e-03	2.33775104e-02	5.48404748e-03	2.28892869e-02
3868            	-1.03867743e-02	-1.22183584e-03	2.29776200e-02	5.42136128e-03	2.26185430e-02
3869            	-1.04000987e-02	-1.31496836e-03	2.35757046e-02	5.40473652e-03	2.25504292e-02
3870            	-1.04163720e-02	-1.63192712e-03	2.55557984e-02	5.45194972e-03	2.27406230e-02
3871            	-1.04425130e-02	-2.03691605e-03	2.80966745e-02	5.53524830e-03	2.30713044e-02
3872            	-1.04752053e-02	-2.36426295e-03	3.01741219e-02	5.61050448e-03	2.33660234e-02
3873            	-1.05037383e-02	-2.52414734e-03	3.12193275e-02	5.64483780e-03	2.35015025e-02
3874            	-1.05210457e-02	-2.56247720e-03	3.15036933e-02	5.64865473e-03	2.35298690e-02
3875            	-1.05274419e-02	-2.55200012e-03	3.14707303e-02	5.65300861e-03	2.35743184e-02
3876            	-1.05219343e-02	-2.51482820e-03	3.12539502e-02	5.65690452e-03	2.36207506e-02
3877            	-1.05061694e-02	-2.42104236e-03	3.06706076e-02	5.63145247e-03	2.35451413e-02
3878            	-1.04783021e-02	-2.28218443e-03	2.97908901e-02	5.55077649e-03	2.32401768e-02
3879            	-1.04353685e-02	-2.17660179e-03	2.90852394e-02	5.44820821e-03	2.28446920e-02
3880            	-1.03761631e-02	-2.14151888e-03	2.87770284e-02	5.35914248e-03	2.25043612e-02
3881            	-1.03149968e-02	-2.15521208e-03	2.87530258e-02	5.30378211e-03	2.22964223e-02
3882            	-1.02676879e-02	-2.17284316e-03	2.87585498e-02	5.27559782e-03	2.21893108e-02
3883            	-1.02440987e-02	-2.17842739e-03	2.87130611e-02	5.30947368e-03	2.23343698e-02
3884            	-1.02427835e-02	-2.14590205e-03	2.84635552e-02	5.39521425e-03	2.26931998e-02
3885            	-1.02570425e-02	-2.04555288e-03	2.78323432e-02	5.49772500e-03	2.31092682e-02
3886            	-1.02856123e-02	-1.86766717e-03	2.67681189e-02	5.56910009e-03	2.33773555e-02
3887            	-1.03237450e-02	-1.65425150e-03	2.55188164e-02	5.59227430e-03	2.34272761e-02
3888            	-1.03682179e-02	-1.52150148e-03	2.47868206e-02	5.59360592e-03	2.33825283e-02
3889            	-1.04112064e-02	-1.43695523e-03	2.43506901e-02	5.57487582e-03	2.32699802e-02
3890            	-1.04448141e-02	-1.35723321e-03	2.39189645e-02	5.52592901e-03	2.30555008e-02
3891            	-1.04718063e-02	-1.42126622e-03	2.43567216e-02	5.51260506e-03	2.30006501e-02
3892            	-1.05031421e-02	-1.70328980e-03	2.61415219e-02	5.55641908e-03	2.31768682e-02
3893            	-1.05432444e-02	-2.08997422e-03	2.85866643e-02	5.63940722e-03	2.35064117e-02
3894            	-1.05853277e-02	-2.42083016e-03	3.06966773e-02	5.71679181e-03	2.38088562e-02
3895            	-1.06160303e-02	-2.59172971e-03	3.18114121e-02	5.74755512e-03	2.39270531e-02
3896            	-1.06300859e-02	-2.63487906e-03	3.21207342e-02	5.74307895e-03	2.39181464e-02
3897            	-1.06313880e-02	-2.62550532e-03	3.20885183e-02	5.73600352e-03	2.39135557e-02
3898            	-1.06245695e-02	-2.59047054e-03	3.18843209e-02	5.73012651e-03	2.39195777e-02
3899            	-1.06145555e-02	-2.49858933e-03	3.13212877e-02	5.69819027e-03	2.38180008e-02
3900            	-1.05905362e-02	-2.35394154e-03	3.04098910e-02	5.60916938e-03	2.34796732e-02
3901            	-1.05388004e-02	-2.22968603e-03	2.95725391e-02	5.49115869e-03	2.30217652e-02
3902            	-1.04565889e-02	-2.16867298e-03	2.90663390e-02	5.37445955e-03	2.25678764e-02
3903            	-1.03655313e-02	-2.15025957e-03	2.87951512e-02	5.28660852e-03	2.22259414e-02
3904            	-1.02891680e-02	-2.13582220e-03	2.85547597e-02	5.23566501e-03	2.20251748e-02
3905            	-1.02435131e-02	-2.11406536e-03	2.83026263e-02	5.25765904e-03	2.21218212e-02
3906            	-1.02320980e-02	-2.05906978e-03	2.78935962e-02	5.33912047e-03	2.24642866e-02
3907            	-1.02406657e-02	-1.93565210e-03	2.71051534e-02	5.43787864e-03	2.28662645e-02
3908            	-1.02611897e-02	-1.73184114e-03	2.58633453e-02	5.50524038e-03	2.31190457e-02
3909            	-1.02855624e-02	-1.49547774e-03	2.44482974e-02	5.52523440e-03	2.31565222e-02
3910            	-1.03153516e-02	-1.34026840e-03	2.35536736e-02	5.51948747e-03	2.30828856e-02
3911            	-1.03442963e-02	-1.24882308e-03	2.30531538e-02	5.49651114e-03	2.29523775e-02
3912            	-1.03649637e-02	-1.17718117e-03	2.26524086e-02	5.44435979e-03	2.27238542e-02
3913            	-1.03777760e-02	-1.23975038e-03	2.30613229e-02	5.42173141e-03	2.26296778e-02
3914            	-1.03934548e-02	-1.51585091e-03	2.47885845e-02	5.45191601e-03	2.27489378e-02
3915            	-1.04176839e-02	-1.90893225e-03	2.72525249e-02	5.52520403e-03	2.30379913e-02
3916            	-1.04464891e-02	-2.26862989e-03	2.95252056e-02	5.60473084e-03	2.33492989e-02
3917            	-1.04708445e-02	-2.47321614e-03	3.08426873e-02	5.64772463e-03	2.35188299e-02
3918            	-1.04846048e-02	-2.53244830e-03	3.12530365e-02	5.65669638e-03	2.35660779e-02
3919            	-1.04880484e-02	-2.51996454e-03	3.12048094e-02	5.65909162e-03	2.36015970e-02
3920            	-1.04797141e-02	-2.47393289e-03	3.09291208e-02	5.66203632e-03	2.36446066e-02
3921            	-1.04612457e-02	-2.37576045e-03	3.03137772e-02	5.64145723e-03	2.35896114e-02
3922            	-1.04300050e-02	-2.23837192e-03	2.94380676e-02	5.56418614e-03	2.32977444e-02
3923            	-1.03833319e-02	-2.13127309e-03	2.87177654e-02	5.45726873e-03	2.28830320e-02
3924            	-1.03212972e-02	-2.08875244e-03	2.83595205e-02	5.35670540e-03	2.24948471e-02
3925            	-1.02588497e-02	-2.09208413e-03	2.82695127e-02	5.28889470e-03	2.22365485e-02
3926            	-1.02131439e-02	-2.10468507e-03	2.82467161e-02	5.25251615e-03	2.20960076e-02
3927            	-1.01921527e-02	-2.11184320e-03	2.82152112e-02	5.27736913e-03	2.22025295e-02
3928            	-1.01950300e-02	-2.08995030e-03	2.80376358e-02	5.35515853e-03	2.25265230e-02
3929            	-1.02107793e-02	-2.00023276e-03	2.74734914e-02	5.44827934e-03	2.29026459e-02
3930            	-1.02367390e-02	-1.82422114e-03	2.64160189e-02	5.50903990e-03	2.31267204e-02
3931            	-1.02681018e-02	-1.60430792e-03	2.51160016e-02	5.52356877e-03	2.31414279e-02
3932            	-1.03077350e-02	-1.45803165e-03	2.42934929e-02	5.51233125e-03	2.30450473e-02
3933            	-1.03478620e-02	-1.38347793e-03	2.39164745e-02	5.48820392e-03	2.29088198e-02
3934            	-1.03787066e-02	-1.32997853e-03	2.36449472e-02	5.44074042e-03	2.26989554e-02
3935            	-1.03995160e-02	-1.38766463e-03	2.40356721e-02	5.42434090e-03	2.26308170e-02
3936            	-1.04205088e-02	-1.64395056e-03	2.56471272e-02	5.46172223e-03	2.27810002e-02
3937            	-1.04512180e-02	-2.01969908e-03	2.80113446e-02	5.54603670e-03	2.31174536e-02
3938            	-1.04891880e-02	-2.36709072e-03	3.02177703e-02	5.63724294e-03	2.34785140e-02
3939            	-1.05235949e-02	-2.56387577e-03	3.14980243e-02	5.68909060e-03	2.36855105e-02
3940            	-1.05456741e-02	-2.61903835e-03	3.18931077e-02	5.70457397e-03	2.37600905e-02
3941            	-1.05549862e-02	-2.60573142e-03	3.18481772e-02	5.71215892e-03	2.38173088e-02
3942            	-1.05533297e-02	-2.56239664e-03	3.15999953e-02	5.72050996e-03	2.38829774e-02
3943            	-1.05454984e-02	-2.46863305e-03	3.10283894e-02	5.70736666e-03	2.38593169e-02
3944            	-1.05283985e-02	-2.33856763e-03	3.02198100e-02	5.64142359e-03	2.36156403e-02
3945            	-1.04943584e-02	-2.23821894e-03	2.95612113e-02	5.54653872e-03	2.32525129e-02
3946            	-1.04385472e-02	-2.20096901e-03	2.92461507e-02	5.45080863e-03	2.28853482e-02
3947            	-1.03735197e-02	-2.20526933e-03	2.91592132e-02	5.38025220e-03	2.26166186e-02
3948            	-1.03182961e-02	-2.21437694e-03	2.91008759e-02	5.34075408e-03	2.24643705e-02
3949            	-1.02854124e-02	-2.21100541e-03	2.89855639e-02	5.36553235e-03	2.25723023e-02
3950            	-1.02778984e-02	-2.18510107e-03	2.87657603e-02	5.44845099e-03	2.29200098e-02
3951            	-1.02871090e-02	-2.09468568e-03	2.81846862e-02	5.54775915e-03	2.33246847e-02
3952            	-1.03106638e-02	-1.91409252e-03	2.70923328e-02	5.61247556e-03	2.35680272e-02
3953            	-1.03431760e-02	-1.67961678e-03	2.57006426e-02	5.62594869e-03	2.35796177e-02
3954            	-1.03825922e-02	-1.50422303e-03	2.46943565e-02	5.60718477e-03	2.34519673e-02
3955            	-1.04196824e-02	-1.41535790e-03	2.42210628e-02	5.57807187e-03	2.32936177e-02
3956            	-1.04469279e-02	-1.35488241e-03	2.38983131e-02	5.52723772e-03	2.30673731e-02
3957            	-1.04677337e-02	-1.38810084e-03	2.41366429e-02	5.49819647e-03	2.29448688e-02
3958            	-1.04933181e-02	-1.60917884e-03	2.55366298e-02	5.51329489e-03	2.30013634e-02
3959            	-1.05281624e-02	-1.96894916e-03	2.78077850e-02	5.57383322e-03	2.32372967e-02
3960            	-1.05663596e-02	-2.32846271e-03	3.00895879e-02	5.64462017e-03	2.35109890e-02
3961            	-1.05973366e-02	-2.54611692e-03	3.14941769e-02	5.67939257e-03	2.36439873e-02
3962            	-1.06152227e-02	-2.61439213e-03	3.19645472e-02	5.67588135e-03	2.36363885e-02
3963            	-1.06200785e-02	-2.59665101e-03	3.18852493e-02	5.66190951e-03	2.36024606e-02
3964            	-1.06127895e-02	-2.54383820e-03	3.15690219e-02	5.65428987e-03	2.36012376e-02
3965            	-1.05953750e-02	-2.44257137e-03	3.09352069e-02	5.63474118e-03	2.35508423e-02
3966            	-1.05620584e-02	-2.30431018e-03	3.00496009e-02	5.56593689e-03	2.32953698e-02
3967            	-1.05067447e-02	-2.18738075e-03	2.92538865e-02	5.46418656e-03	2.29038613e-02
3968            	-1.04281189e-02	-2.12753198e-03	2.87617222e-02	5.36237273e-03	2.25120715e-02
3969            	-1.03411146e-02	-2.10285245e-03	2.84586115e-02	5.28690422e-03	2.22244668e-02
3970            	-1.02686890e-02	-2.08425877e-03	2.81996612e-02	5.24284205e-03	2.20546608e-02
3971            	-1.02258097e-02	-2.06119376e-03	2.79454819e-02	5.26209789e-03	2.21399845e-02
3972            	-1.02132870e-02	-2.02260619e-03	2.76379297e-02	5.34144717e-03	2.24724073e-02
3973            	-1.02181182e-02	-1.92710000e-03	2.70173689e-02	5.44302016e-03	2.28866084e-02
3974            	-1.02370634e-02	-1.74890927e-03	2.59323731e-02	5.51532445e-03	2.31618089e-02
3975            	-1.02644871e-02	-1.52080598e-03	2.45731032e-02	5.53929886e-03	2.32171833e-02
3976            	-1.03009630e-02	-1.34965360e-03	2.35906538e-02	5.52596013e-03	2.31124026e-02
3977            	-1.03352464e-02	-1.27586232e-03	2.32095567e-02	5.50026141e-03	2.29684154e-02
3978            	-1.03586730e-02	-1.24993622e-03	2.30989441e-02	5.45375167e-03	2.27600817e-02
3979            	-1.03720194e-02	-1.30113623e-03	2.34414927e-02	5.42509166e-03	2.26398329e-02
3980            	-1.03863155e-02	-1.52755515e-03	2.48612488e-02	5.43913084e-03	2.26932131e-02
3981            	-1.04104188e-02	-1.88849757e-03	2.71255038e-02	5.50319800e-03	2.29453327e-02
3982            	-1.04403719e-02	-2.24598887e-03	2.93822552e-02	5.58333817e-03	2.32595225e-02
3983            	-1.04658259e-02	-2.46968164e-03	3.08156580e-02	5.63262625e-03	2.34544631e-02
3984            	-1.04807373e-02	-2.54841388e-03	3.13468966e-02	5.64586929e-03	2.35177389e-02
3985            	-1.04858730e-02	-2.54211887e-03	3.13402243e-02	5.64717262e-03	2.35481137e-02
3986            	-1.04807896e-02	-2.49178455e-03	3.10433770e-02	5.64900334e-03	2.35864869e-02
3987            	-1.04665463e-02	-2.38889617e-03	3.04043557e-02	5.63233604e-03	2.35480845e-02
3988            	-1.04411798e-02	-2.25763537e-03	2.95758349e-02	5.56179536e-03	2.32839448e-02
3989            	-1.04025586e-02	-2.15648427e-03	2.89065295e-02	5.45447328e-03	2.28668776e-02
3990            	-1.03477343e-02	-2.12246944e-03	2.86147177e-02	5.34915801e-03	2.24578559e-02
3991            	-1.02894776e-02	-2.12916668e-03	2.85541256e-02	5.27691935e-03	2.21815539e-02
3992            	-1.02430092e-02	-2.13655715e-03	2.84994118e-02	5.23541210e-03	2.20208507e-02
3993            	-1.02157848e-02	-2.13843044e-03	2.84272136e-02	5.26397385e-03	2.21446737e-02
3994            	-1.02100710e-02	-2.12964719e-03	2.83178173e-02	5.35091925e-03	2.25086319e-02
3995            	-1.02193846e-02	-2.05918384e-03	2.78615416e-02	5.45634660e-03	2.29392167e-02
3996            	-1.02435539e-02	-1.90223076e-03	2.69174444e-02	5.53178838e-03	2.32280484e-02
3997            	-1.02770716e-02	-1.68457913e-03	2.56326851e-02	5.56022789e-03	2.33021797e-02
3998            	-1.03212457e-02	-1.50811660e-03	2.46288136e-02	5.55150450e-03	2.32161183e-02
3999            	-1.03633970e-02	-1.42425062e-03	2.41965002e-02	5.53593517e-03	2.31132110e-02
4000            	-1.03954884e-02	-1.39880635e-03	2.41007698e-02	5.50706936e-03	2.29773899e-02
