# Force and moment coefficients
# dragDir       : (0.00000000e+00 0.00000000e+00 -1.00000000e+00)
# sideDir       : (-0.00000000e+00 1.00000000e+00 0.00000000e+00)
# liftDir       : (1.00000000e+00 0.00000000e+00 0.00000000e+00)
# rollAxis      : (0.00000000e+00 0.00000000e+00 -1.00000000e+00)
# pitchAxis     : (-0.00000000e+00 1.00000000e+00 0.00000000e+00)
# yawAxis       : (1.00000000e+00 0.00000000e+00 0.00000000e+00)
# magUInf       : 1.01700000e+02
# lRef          : 5.78100000e-02
# Aref          : 2.62480000e-03
# CofR          : (0.00000000e+00 0.00000000e+00 3.99000000e-01)
#
# Time          	Cd              	Cl              	CmPitch         	CmRoll          	CmYaw           
2001            	9.15109761e-01	5.78436069e-03	-4.68329638e-02	1.10648016e-01	7.79645717e-01
2002            	9.15140947e-01	5.74123806e-03	-4.65925154e-02	1.10292332e-01	7.67189664e-01
2003            	9.15118401e-01	5.76551845e-03	-4.66663066e-02	1.09892201e-01	7.53519416e-01
2004            	9.15101216e-01	5.83512268e-03	-4.70637115e-02	1.09447978e-01	7.39066408e-01
2005            	9.15071759e-01	5.86792417e-03	-4.71235399e-02	1.08991158e-01	7.25195804e-01
2006            	9.15110318e-01	5.76602476e-03	-4.63512337e-02	1.08557538e-01	7.12340031e-01
2007            	9.15128960e-01	5.58033833e-03	-4.49474651e-02	1.08158951e-01	7.02209665e-01
2008            	9.15152985e-01	5.37724720e-03	-4.35649091e-02	1.07790608e-01	6.94565120e-01
2009            	9.15126411e-01	5.22195338e-03	-4.25240612e-02	1.07455661e-01	6.90098654e-01
2010            	9.15130117e-01	5.16079085e-03	-4.22012781e-02	1.07193240e-01	6.88235585e-01
2011            	9.15118330e-01	5.17412606e-03	-4.22359525e-02	1.07058200e-01	6.89821430e-01
2012            	9.15130450e-01	5.10156290e-03	-4.17272899e-02	1.07091563e-01	6.94144279e-01
2013            	9.15118217e-01	4.88826417e-03	-4.02804443e-02	1.07278784e-01	7.01564325e-01
2014            	9.15166823e-01	4.56511734e-03	-3.83025290e-02	1.07573031e-01	7.11475309e-01
2015            	9.15236643e-01	4.27928007e-03	-3.65753196e-02	1.07926948e-01	7.23815434e-01
2016            	9.15334119e-01	4.11315434e-03	-3.56819469e-02	1.08309837e-01	7.36957394e-01
2017            	9.15348715e-01	4.14125688e-03	-3.59255531e-02	1.08719079e-01	7.50586854e-01
2018            	9.15334795e-01	4.26466592e-03	-3.68269340e-02	1.09151293e-01	7.64072317e-01
2019            	9.15286556e-01	4.32279181e-03	-3.72233891e-02	1.09575262e-01	7.77281901e-01
2020            	9.15298590e-01	4.34483655e-03	-3.74655056e-02	1.09961236e-01	7.88889694e-01
2021            	9.15287360e-01	4.38844125e-03	-3.77582588e-02	1.10303259e-01	7.98653808e-01
2022            	9.15278387e-01	4.51549809e-03	-3.86492518e-02	1.10612836e-01	8.05235251e-01
2023            	9.15205597e-01	4.74655520e-03	-4.01623269e-02	1.10890667e-01	8.09065819e-01
2024            	9.15159427e-01	5.08832722e-03	-4.24846355e-02	1.11106571e-01	8.09283670e-01
2025            	9.15102996e-01	5.47001261e-03	-4.49348002e-02	1.11208343e-01	8.06900330e-01
2026            	9.15083037e-01	5.74890009e-03	-4.66968123e-02	1.11160048e-01	8.01359698e-01
2027            	9.15053109e-01	5.81278294e-03	-4.69946727e-02	1.10973543e-01	7.93389294e-01
2028            	9.15082349e-01	5.71962725e-03	-4.64184518e-02	1.10700311e-01	7.83079614e-01
2029            	9.15108382e-01	5.65619700e-03	-4.59989778e-02	1.10375027e-01	7.71664967e-01
2030            	9.15144586e-01	5.65555213e-03	-4.60226714e-02	1.10006505e-01	7.58586855e-01
2031            	9.15108335e-01	5.72835164e-03	-4.63925824e-02	1.09591692e-01	7.44462246e-01
2032            	9.15087137e-01	5.81737013e-03	-4.69064955e-02	1.09157127e-01	7.30432091e-01
2033            	9.15070601e-01	5.80079850e-03	-4.66288065e-02	1.08736210e-01	7.17634418e-01
2034            	9.15117937e-01	5.64468691e-03	-4.54842029e-02	1.08355663e-01	7.06410681e-01
2035            	9.15139322e-01	5.42848048e-03	-4.39146982e-02	1.08004613e-01	6.98021723e-01
2036            	9.15167594e-01	5.27611137e-03	-4.29351023e-02	1.07676166e-01	6.92178095e-01
2037            	9.15146279e-01	5.23310306e-03	-4.26661954e-02	1.07392150e-01	6.89591394e-01
2038            	9.15148609e-01	5.26889097e-03	-4.29403884e-02	1.07200649e-01	6.89647183e-01
2039            	9.15121203e-01	5.26165392e-03	-4.27872916e-02	1.07155984e-01	6.93160138e-01
2040            	9.15122867e-01	5.10381531e-03	-4.17495789e-02	1.07275944e-01	6.99201687e-01
2041            	9.15124666e-01	4.79959443e-03	-3.97857484e-02	1.07525139e-01	7.08258978e-01
2042            	9.15203605e-01	4.44771119e-03	-3.76804955e-02	1.07851850e-01	7.19221134e-01
2043            	9.15276578e-01	4.21401650e-03	-3.62876259e-02	1.08219414e-01	7.32063326e-01
2044            	9.15339387e-01	4.15934567e-03	-3.60837856e-02	1.08606634e-01	7.45418213e-01
2045            	9.15322701e-01	4.23881096e-03	-3.66277463e-02	1.09010517e-01	7.58917728e-01
2046            	9.15306128e-01	4.30597844e-03	-3.71432607e-02	1.09414982e-01	7.71789166e-01
2047            	9.15273878e-01	4.32834695e-03	-3.72946207e-02	1.09790660e-01	7.83884287e-01
2048            	9.15288621e-01	4.33484578e-03	-3.74074315e-02	1.10119014e-01	7.93946317e-01
2049            	9.15263281e-01	4.40080363e-03	-3.78196145e-02	1.10411757e-01	8.01865034e-01
2050            	9.15238159e-01	4.56015476e-03	-3.89234669e-02	1.10683280e-01	8.06564338e-01
2051            	9.15171934e-01	4.85148434e-03	-4.08463782e-02	1.10920013e-01	8.08350649e-01
2052            	9.15140476e-01	5.24696126e-03	-4.34979430e-02	1.11076842e-01	8.06760604e-01
2053            	9.15078470e-01	5.59324076e-03	-4.56677016e-02	1.11099847e-01	8.02560160e-01
2054            	9.15051077e-01	5.71796297e-03	-4.64169712e-02	1.10977126e-01	7.95342564e-01
2055            	9.15028612e-01	5.67253739e-03	-4.60471915e-02	1.10740792e-01	7.86296208e-01
2056            	9.15076972e-01	5.56964094e-03	-4.54479624e-02	1.10440299e-01	7.75351546e-01
2057            	9.15110044e-01	5.54715818e-03	-4.53021315e-02	1.10096709e-01	7.63252207e-01
2058            	9.15134597e-01	5.61734570e-03	-4.57676105e-02	1.09718417e-01	7.49510014e-01
2059            	9.15092440e-01	5.73205123e-03	-4.63849910e-02	1.09314017e-01	7.35901170e-01
2060            	9.15080655e-01	5.78729978e-03	-4.66538933e-02	1.08910756e-01	7.22617954e-01
2061            	9.15080679e-01	5.67700291e-03	-4.57445885e-02	1.08540067e-01	7.11078921e-01
2062            	9.15139809e-01	5.47525774e-03	-4.43256693e-02	1.08204358e-01	7.01487718e-01
2063            	9.15167458e-01	5.31559731e-03	-4.31902198e-02	1.07891719e-01	6.94864394e-01
2064            	9.15195795e-01	5.27400696e-03	-4.29825714e-02	1.07602731e-01	6.90959813e-01
2065            	9.15165619e-01	5.31451293e-03	-4.32333783e-02	1.07374876e-01	6.90311055e-01
2066            	9.15154516e-01	5.34805178e-03	-4.34412273e-02	1.07263029e-01	6.92393925e-01
2067            	9.15116568e-01	5.25327515e-03	-4.27238599e-02	1.07307144e-01	6.97581152e-01
2068            	9.15129940e-01	4.99224928e-03	-4.10752462e-02	1.07500326e-01	7.05117659e-01
2069            	9.15156994e-01	4.62376715e-03	-3.87556638e-02	1.07795393e-01	7.15500769e-01
2070            	9.15249747e-01	4.32556431e-03	-3.70165244e-02	1.08139653e-01	7.27333175e-01
2071            	9.15301536e-01	4.19919780e-03	-3.62882194e-02	1.08504623e-01	7.40586197e-01
2072            	9.15333643e-01	4.20917651e-03	-3.64647055e-02	1.08884296e-01	7.53775295e-01
2073            	9.15297833e-01	4.27689401e-03	-3.69154179e-02	1.09271346e-01	7.67001139e-01
2074            	9.15284547e-01	4.28658877e-03	-3.70490170e-02	1.09635009e-01	7.78958756e-01
2075            	9.15261093e-01	4.29092109e-03	-3.70590088e-02	1.09949582e-01	7.89644187e-01
2076            	9.15268470e-01	4.30510428e-03	-3.71916955e-02	1.10220827e-01	7.98087560e-01
2077            	9.15234063e-01	4.41106888e-03	-3.78623481e-02	1.10473216e-01	8.04206732e-01
2078            	9.15212411e-01	4.64319771e-03	-3.94674065e-02	1.10713901e-01	8.07069569e-01
2079            	9.15154522e-01	5.00982501e-03	-4.18870459e-02	1.10909636e-01	8.06808261e-01
2080            	9.15119137e-01	5.40019376e-03	-4.44637405e-02	1.11000378e-01	8.03352179e-01
2081            	9.15044917e-01	5.62046841e-03	-4.57740190e-02	1.10946507e-01	7.97513349e-01
2082            	9.15018653e-01	5.63849292e-03	-4.58622216e-02	1.10758388e-01	7.88905618e-01
2083            	9.15021732e-01	5.51972871e-03	-4.50587919e-02	1.10490842e-01	7.79004932e-01
2084            	9.15096390e-01	5.46177010e-03	-4.47749492e-02	1.10174937e-01	7.67507073e-01
2085            	9.15124543e-01	5.51169663e-03	-4.50877761e-02	1.09824884e-01	7.54881068e-01
2086            	9.15128998e-01	5.61705854e-03	-4.57523949e-02	1.09444523e-01	7.40775186e-01
2087            	9.15079209e-01	5.73525276e-03	-4.63655788e-02	1.09060317e-01	7.27814757e-01
2088            	9.15080063e-01	5.71612661e-03	-4.61221704e-02	1.08703714e-01	7.15828123e-01
2089            	9.15099829e-01	5.55368731e-03	-4.48801712e-02	1.08386895e-01	7.05864920e-01
2090            	9.15173528e-01	5.35091105e-03	-4.35025009e-02	1.08094175e-01	6.98039585e-01
2091            	9.15203402e-01	5.30293079e-03	-4.31472153e-02	1.07816248e-01	6.93333209e-01
2092            	9.15218052e-01	5.36289106e-03	-4.36003649e-02	1.07571318e-01	6.91365524e-01
2093            	9.15166684e-01	5.42943738e-03	-4.39764686e-02	1.07407216e-01	6.92614432e-01
2094            	9.15145986e-01	5.37717164e-03	-4.36172039e-02	1.07376628e-01	6.96533540e-01
2095            	9.15113668e-01	5.17766308e-03	-4.22663587e-02	1.07501622e-01	7.03365329e-01
2096            	9.15147450e-01	4.83159720e-03	-4.01194516e-02	1.07753979e-01	7.12389011e-01
2097            	9.15191748e-01	4.47075077e-03	-3.78796914e-02	1.08074379e-01	7.23608338e-01
2098            	9.15274300e-01	4.27816404e-03	-3.68161793e-02	1.08423386e-01	7.36089633e-01
2099            	9.15296221e-01	4.21576867e-03	-3.64650693e-02	1.08780637e-01	7.49536532e-01
2100            	9.15311560e-01	4.23010084e-03	-3.66381005e-02	1.09141811e-01	7.62232495e-01
2101            	9.15277228e-01	4.24294240e-03	-3.67129988e-02	1.09488678e-01	7.74437860e-01
2102            	9.15269806e-01	4.25078805e-03	-3.68136171e-02	1.09795373e-01	7.84988993e-01
2103            	9.15239498e-01	4.26837366e-03	-3.68822607e-02	1.10050681e-01	7.94134978e-01
2104            	9.15242898e-01	4.30521416e-03	-3.71549849e-02	1.10283038e-01	8.00954299e-01
2105            	9.15210511e-01	4.46642641e-03	-3.82097161e-02	1.10512255e-01	8.05251170e-01
2106            	9.15197950e-01	4.78854182e-03	-4.04196268e-02	1.10724217e-01	8.06020206e-01
2107            	9.15138367e-01	5.19103191e-03	-4.30395711e-02	1.10867364e-01	8.03826126e-01
2108            	9.15082112e-01	5.46876118e-03	-4.48324406e-02	1.10883995e-01	7.98609159e-01
2109            	9.14995144e-01	5.57616205e-03	-4.54246348e-02	1.10757872e-01	7.91258666e-01
2110            	9.14995782e-01	5.50963974e-03	-4.50097816e-02	1.10527777e-01	7.81945813e-01
2111            	9.15033391e-01	5.39499340e-03	-4.42697760e-02	1.10236741e-01	7.71376588e-01
2112            	9.15117166e-01	5.40730555e-03	-4.44464950e-02	1.09910497e-01	7.59173112e-01
2113            	9.15127539e-01	5.51234759e-03	-4.50903749e-02	1.09557924e-01	7.45989404e-01
2114            	9.15116148e-01	5.64379561e-03	-4.58928968e-02	1.09200495e-01	7.32711481e-01
2115            	9.15066607e-01	5.69946913e-03	-4.60636179e-02	1.08862946e-01	7.20817810e-01
2116            	9.15089264e-01	5.58725860e-03	-4.52103135e-02	1.08559451e-01	7.10172998e-01
2117            	9.15135527e-01	5.39590344e-03	-4.38194163e-02	1.08285342e-01	7.01825900e-01
2118            	9.15221734e-01	5.31232007e-03	-4.32826631e-02	1.08023457e-01	6.95790918e-01
2119            	9.15235832e-01	5.38671295e-03	-4.37400482e-02	1.07774714e-01	6.93070310e-01
2120            	9.15218045e-01	5.47729997e-03	-4.43523581e-02	1.07578716e-01	6.93091521e-01
2121            	9.15157435e-01	5.47509240e-03	-4.42633910e-02	1.07485572e-01	6.96158358e-01
2122            	9.15138757e-01	5.32993707e-03	-4.33304911e-02	1.07536583e-01	7.01652428e-01
2123            	9.15121631e-01	5.03035651e-03	-4.13734437e-02	1.07733058e-01	7.09880278e-01
2124            	9.15173958e-01	4.65456413e-03	-3.90710080e-02	1.08021254e-01	7.19982623e-01
2125            	9.15215089e-01	4.39717552e-03	-3.75154857e-02	1.08350417e-01	7.32034431e-01
2126            	9.15280482e-01	4.26372246e-03	-3.68015008e-02	1.08689153e-01	7.44821394e-01
2127            	9.15287998e-01	4.22328496e-03	-3.65528898e-02	1.09026417e-01	7.57834622e-01
2128            	9.15297203e-01	4.22334495e-03	-3.66138783e-02	1.09354887e-01	7.69749765e-01
2129            	9.15254867e-01	4.22855785e-03	-3.66214382e-02	1.09650283e-01	7.80680940e-01
2130            	9.15240010e-01	4.23256614e-03	-3.66655098e-02	1.09893674e-01	7.89808317e-01
2131            	9.15215282e-01	4.22276611e-03	-3.65398502e-02	1.10104371e-01	7.97586308e-01
2132            	9.15225826e-01	4.32111706e-03	-3.72326884e-02	1.10313843e-01	8.02685123e-01
2133            	9.15204543e-01	4.59777811e-03	-3.90742575e-02	1.10526612e-01	8.05000948e-01
2134            	9.15183673e-01	4.96135515e-03	-4.15416939e-02	1.10703401e-01	8.03641778e-01
2135            	9.15100282e-01	5.29960978e-03	-4.36911209e-02	1.10782265e-01	7.99679857e-01
2136            	9.15022732e-01	5.48978739e-03	-4.49031976e-02	1.10724684e-01	7.93009440e-01
2137            	9.14955605e-01	5.48670630e-03	-4.48126930e-02	1.10544793e-01	7.84632540e-01
2138            	9.14998682e-01	5.36085691e-03	-4.40520657e-02	1.10287757e-01	7.74621192e-01
2139            	9.15062597e-01	5.33033859e-03	-4.38821402e-02	1.09988009e-01	7.63575746e-01
2140            	9.15136386e-01	5.41484280e-03	-4.45089451e-02	1.09661669e-01	7.50913440e-01
2141            	9.15122798e-01	5.55209794e-03	-4.53241670e-02	1.09328361e-01	7.37903077e-01
2142            	9.15096665e-01	5.65408978e-03	-4.58941989e-02	1.09006623e-01	7.25807836e-01
2143            	9.15059731e-01	5.62746845e-03	-4.55150863e-02	1.08713915e-01	7.15248379e-01
2144            	9.15116040e-01	5.46407564e-03	-4.43619857e-02	1.08455990e-01	7.05931566e-01
2145            	9.15190143e-01	5.35107316e-03	-4.35411408e-02	1.08213992e-01	6.99266520e-01
2146            	9.15272742e-01	5.40705600e-03	-4.39363024e-02	1.07980277e-01	6.95196298e-01
2147            	9.15249730e-01	5.52542939e-03	-4.46529802e-02	1.07771162e-01	6.94479946e-01
2148            	9.15204426e-01	5.55094068e-03	-4.48196844e-02	1.07631619e-01	6.96240375e-01
2149            	9.15138841e-01	5.45814992e-03	-4.41637742e-02	1.07610431e-01	7.01022978e-01
2150            	9.15132121e-01	5.20881988e-03	-4.25900563e-02	1.07737347e-01	7.08018997e-01
2151            	9.15138074e-01	4.86167427e-03	-4.03600785e-02	1.07981844e-01	7.17317660e-01
2152            	9.15192923e-01	4.53557044e-03	-3.83956663e-02	1.08287644e-01	7.28219111e-01
2153            	9.15229703e-01	4.35862455e-03	-3.73460529e-02	1.08609187e-01	7.40785288e-01
2154            	9.15279647e-01	4.25473129e-03	-3.67890495e-02	1.08926940e-01	7.53397991e-01
2155            	9.15278978e-01	4.19684679e-03	-3.63970991e-02	1.09234142e-01	7.65439767e-01
2156            	9.15277397e-01	4.18571978e-03	-3.63595974e-02	1.09516728e-01	7.76134789e-01
2157            	9.15226377e-01	4.19598319e-03	-3.63676599e-02	1.09752364e-01	7.85697065e-01
2158            	9.15220022e-01	4.18675071e-03	-3.63125267e-02	1.09946006e-01	7.93533813e-01
2159            	9.15203823e-01	4.22102533e-03	-3.64915272e-02	1.10131981e-01	7.99858778e-01
2160            	9.15228628e-01	4.42152889e-03	-3.78893343e-02	1.10328502e-01	8.03110336e-01
2161            	9.15202729e-01	4.74631177e-03	-4.00396777e-02	1.10517655e-01	8.03385410e-01
2162            	9.15156939e-01	5.08469436e-03	-4.23016508e-02	1.10646337e-01	8.00045771e-01
2163            	9.15042767e-01	5.33522659e-03	-4.38632176e-02	1.10658306e-01	7.94514691e-01
2164            	9.14966154e-01	5.43050545e-03	-4.44823377e-02	1.10536741e-01	7.86683398e-01
2165            	9.14944333e-01	5.36069911e-03	-4.39929134e-02	1.10319218e-01	7.77755951e-01
2166            	9.15026662e-01	5.26276872e-03	-4.34447990e-02	1.10047124e-01	7.67097576e-01
2167            	9.15097386e-01	5.32391532e-03	-4.38726210e-02	1.09744071e-01	7.55457995e-01
2168            	9.15146358e-01	5.45046639e-03	-4.47401064e-02	1.09435287e-01	7.42831736e-01
2169            	9.15102186e-01	5.57279230e-03	-4.54055330e-02	1.09136325e-01	7.30877784e-01
2170            	9.15070907e-01	5.60966389e-03	-4.55209330e-02	1.08862226e-01	7.19917502e-01
2171            	9.15069412e-01	5.51439385e-03	-4.47238421e-02	1.08616805e-01	7.10599405e-01
2172            	9.15171477e-01	5.40296731e-03	-4.39675869e-02	1.08392702e-01	7.02849481e-01
2173            	9.15256489e-01	5.42058669e-03	-4.40276779e-02	1.08175320e-01	6.98014559e-01
2174            	9.15297819e-01	5.54214476e-03	-4.48265020e-02	1.07966058e-01	6.95933429e-01
2175            	9.15232505e-01	5.60941744e-03	-4.51887996e-02	1.07798656e-01	6.97039766e-01
2176            	9.15180620e-01	5.56377801e-03	-4.49188468e-02	1.07718221e-01	7.00375735e-01
2177            	9.15131647e-01	5.38820631e-03	-4.37574186e-02	1.07767321e-01	7.06560897e-01
2178            	9.15146384e-01	5.06337009e-03	-4.17183452e-02	1.07954878e-01	7.14575110e-01
2179            	9.15155471e-01	4.70891861e-03	-3.94542747e-02	1.08229413e-01	7.24834832e-01
2180            	9.15204291e-01	4.45978881e-03	-3.79952003e-02	1.08536544e-01	7.36288004e-01
2181            	9.15231877e-01	4.30939120e-03	-3.70905188e-02	1.08839435e-01	7.48787462e-01
2182            	9.15278841e-01	4.19433359e-03	-3.64231475e-02	1.09126280e-01	7.60788223e-01
2183            	9.15271662e-01	4.16020452e-03	-3.61569389e-02	1.09389864e-01	7.71772325e-01
2184            	9.15249862e-01	4.16492685e-03	-3.61900125e-02	1.09616340e-01	7.81111815e-01
2185            	9.15198450e-01	4.15817997e-03	-3.60667636e-02	1.09801724e-01	7.89488806e-01
2186            	9.15204965e-01	4.14755061e-03	-3.60093351e-02	1.09967527e-01	7.96175183e-01
2187            	9.15211720e-01	4.27964540e-03	-3.68594632e-02	1.10141766e-01	8.00782238e-01
2188            	9.15238103e-01	4.54683246e-03	-3.87006553e-02	1.10327693e-01	8.02037888e-01
2189            	9.15181036e-01	4.87333871e-03	-4.08401698e-02	1.10483012e-01	8.00208256e-01
2190            	9.15102055e-01	5.16347033e-03	-4.27693282e-02	1.10553306e-01	7.95435374e-01
2191            	9.14979545e-01	5.32472604e-03	-4.37554369e-02	1.10501990e-01	7.88877374e-01
2192            	9.14940765e-01	5.31253616e-03	-4.36944915e-02	1.10335858e-01	7.80344843e-01
2193            	9.14963513e-01	5.23148318e-03	-4.31676699e-02	1.10093014e-01	7.70792652e-01
2194            	9.15066085e-01	5.24353274e-03	-4.33584491e-02	1.09812677e-01	7.59605441e-01
2195            	9.15123062e-01	5.35000464e-03	-4.40593451e-02	1.09521364e-01	7.47708390e-01
2196            	9.15144164e-01	5.47951726e-03	-4.48903404e-02	1.09246669e-01	7.35467974e-01
2197            	9.15087544e-01	5.56707499e-03	-4.52859736e-02	1.08995419e-01	7.24880560e-01
2198            	9.15080861e-01	5.54197313e-03	-4.50102103e-02	1.08766581e-01	7.15137681e-01
2199            	9.15125262e-01	5.44785253e-03	-4.42714733e-02	1.08557688e-01	7.06996472e-01
2200            	9.15247377e-01	5.44013677e-03	-4.42197188e-02	1.08359181e-01	7.00917730e-01
2201            	9.15303107e-01	5.55884589e-03	-4.49209677e-02	1.08164957e-01	6.98031631e-01
2202            	9.15295678e-01	5.66124135e-03	-4.55785867e-02	1.07988968e-01	6.97891177e-01
2203            	9.15207547e-01	5.65172126e-03	-4.54646418e-02	1.07867639e-01	7.00580197e-01
2204            	9.15169351e-01	5.51613098e-03	-4.46447485e-02	1.07847659e-01	7.05477561e-01
2205            	9.15137661e-01	5.23523173e-03	-4.28153293e-02	1.07963561e-01	7.12804333e-01
2206            	9.15161638e-01	4.89816212e-03	-4.07075912e-02	1.08188127e-01	7.21560267e-01
2207            	9.15161095e-01	4.61422922e-03	-3.89133450e-02	1.08472826e-01	7.32518015e-01
2208            	9.15207238e-01	4.41972845e-03	-3.78045614e-02	1.08765058e-01	7.44361210e-01
2209            	9.15237995e-01	4.24726280e-03	-3.67203458e-02	1.09038128e-01	7.56574522e-01
2210            	9.15279863e-01	4.14242611e-03	-3.60847831e-02	1.09284104e-01	7.67277626e-01
2211            	9.15249591e-01	4.11759603e-03	-3.58443436e-02	1.09495822e-01	7.77003270e-01
2212            	9.15218958e-01	4.10615755e-03	-3.57500313e-02	1.09669157e-01	7.85153812e-01
2213            	9.15180084e-01	4.10293292e-03	-3.56564521e-02	1.09815242e-01	7.92385943e-01
2214            	9.15211835e-01	4.16498013e-03	-3.61042115e-02	1.09963724e-01	7.97614802e-01
2215            	9.15228351e-01	4.37604304e-03	-3.74851838e-02	1.10130178e-01	8.00353000e-01
2216            	9.15229254e-01	4.67320233e-03	-3.95077970e-02	1.10294833e-01	7.99596222e-01
2217            	9.15135971e-01	4.94361268e-03	-4.12675607e-02	1.10410652e-01	7.95985594e-01
2218            	9.15033930e-01	5.15308905e-03	-4.26782414e-02	1.10426439e-01	7.89945911e-01
2219            	9.14929173e-01	5.24232522e-03	-4.32020205e-02	1.10321150e-01	7.82564916e-01
2220            	9.14942160e-01	5.21332320e-03	-4.30613942e-02	1.10120410e-01	7.73439254e-01
2221            	9.15002007e-01	5.17593895e-03	-4.28437471e-02	1.09867980e-01	7.63220417e-01
2222            	9.15109259e-01	5.25371162e-03	-4.34600550e-02	1.09594972e-01	7.51671765e-01
2223            	9.15139973e-01	5.38433650e-03	-4.42714890e-02	1.09338504e-01	7.40327325e-01
2224            	9.15129386e-01	5.47728042e-03	-4.48106308e-02	1.09108959e-01	7.29255186e-01
2225            	9.15075468e-01	5.51079049e-03	-4.48565754e-02	1.08898492e-01	7.19775913e-01
2226            	9.15114544e-01	5.46816934e-03	-4.45147414e-02	1.08704830e-01	7.11150360e-01
2227            	9.15200980e-01	5.47302485e-03	-4.44530362e-02	1.08526622e-01	7.04600527e-01
2228            	9.15315723e-01	5.56237751e-03	-4.50165045e-02	1.08351551e-01	7.00444905e-01
2229            	9.15318846e-01	5.69536628e-03	-4.57866517e-02	1.08181173e-01	6.99542740e-01
2230            	9.15273923e-01	5.71937025e-03	-4.59577458e-02	1.08039163e-01	7.01051372e-01
2231            	9.15190209e-01	5.62172024e-03	-4.53111006e-02	1.07966437e-01	7.05137707e-01
2232            	9.15168791e-01	5.38732028e-03	-4.38581826e-02	1.08012206e-01	7.11302881e-01
2233            	9.15143365e-01	5.08723853e-03	-4.19108293e-02	1.08181556e-01	7.19538120e-01
2234            	9.15153480e-01	4.79544217e-03	-4.01080280e-02	1.08433857e-01	7.29348678e-01
2235            	9.15152036e-01	4.54167888e-03	-3.85138644e-02	1.08709177e-01	7.40684827e-01
2236            	9.15214257e-01	4.31826934e-03	-3.71893985e-02	1.08967178e-01	7.52165740e-01
2237            	9.15245848e-01	4.14026281e-03	-3.60324291e-02	1.09192651e-01	7.63341366e-01
2238            	9.15266154e-01	4.08486084e-03	-3.56814919e-02	1.09386643e-01	7.72791790e-01
2239            	9.15208490e-01	4.08297204e-03	-3.55634267e-02	1.09546417e-01	7.81236067e-01
2240            	9.15183145e-01	4.06197367e-03	-3.54014577e-02	1.09679210e-01	7.88288362e-01
2241            	9.15178609e-01	4.07686367e-03	-3.54492432e-02	1.09804939e-01	7.94274819e-01
2242            	9.15233550e-01	4.22006389e-03	-3.64479232e-02	1.09948980e-01	7.97740169e-01
2243            	9.15231702e-01	4.48200489e-03	-3.81584942e-02	1.10107467e-01	7.98487196e-01
2244            	9.15189602e-01	4.72785801e-03	-3.98406095e-02	1.10245842e-01	7.95808180e-01
2245            	9.15064243e-01	4.96803323e-03	-4.14119274e-02	1.10313233e-01	7.90894396e-01
2246            	9.14967216e-01	5.10545967e-03	-4.23465297e-02	1.10270530e-01	7.83941117e-01
2247            	9.14907500e-01	5.14230200e-03	-4.25412598e-02	1.10121572e-01	7.75820236e-01
2248            	9.14966001e-01	5.12796340e-03	-4.25236367e-02	1.09902418e-01	7.66224793e-01
2249            	9.15045243e-01	5.16037037e-03	-4.27799072e-02	1.09656417e-01	7.55828987e-01
2250            	9.15136706e-01	5.26709557e-03	-4.35539155e-02	1.09420082e-01	7.44759899e-01
2251            	9.15129454e-01	5.36931550e-03	-4.41158928e-02	1.09210352e-01	7.34162424e-01
2252            	9.15107213e-01	5.43469172e-03	-4.44562174e-02	1.09020314e-01	7.24379607e-01
2253            	9.15090307e-01	5.45579402e-03	-4.44564274e-02	1.08844300e-01	7.15920667e-01
2254            	9.15184114e-01	5.47328376e-03	-4.45481835e-02	1.08682055e-01	7.08588896e-01
2255            	9.15282535e-01	5.56839049e-03	-4.50635170e-02	1.08527235e-01	7.03815770e-01
2256            	9.15350892e-01	5.69937017e-03	-4.58733313e-02	1.08374138e-01	7.01550490e-01
2257            	9.15303503e-01	5.75693577e-03	-4.61726069e-02	1.08227043e-01	7.02394348e-01
2258            	9.15243636e-01	5.68411880e-03	-4.57597079e-02	1.08120395e-01	7.05367738e-01
2259            	9.15177386e-01	5.50644801e-03	-4.46154167e-02	1.08103081e-01	7.10873442e-01
2260            	9.15166389e-01	5.24470161e-03	-4.29838128e-02	1.08203320e-01	7.17899044e-01
2261            	9.15130352e-01	4.97737095e-03	-4.12436482e-02	1.08406307e-01	7.26879572e-01
2262            	9.15139542e-01	4.68772406e-03	-3.94537748e-02	1.08655228e-01	7.37045422e-01
2263            	9.15156463e-01	4.42832888e-03	-3.78191509e-02	1.08902181e-01	7.48347867e-01
2264            	9.15227989e-01	4.18583212e-03	-3.63434221e-02	1.09117724e-01	7.59188970e-01
2265            	9.15243172e-01	4.05800143e-03	-3.54715887e-02	1.09294930e-01	7.68987943e-01
2266            	9.15235050e-01	4.02435600e-03	-3.52190679e-02	1.09437008e-01	7.77157143e-01
2267            	9.15174895e-01	4.00505099e-03	-3.49756064e-02	1.09554192e-01	7.84522961e-01
2268            	9.15179571e-01	4.01398176e-03	-3.50367457e-02	1.09660382e-01	7.90481253e-01
2269            	9.15203367e-01	4.10613267e-03	-3.56210148e-02	1.09777246e-01	7.95047875e-01
2270            	9.15253364e-01	4.30257988e-03	-3.69688688e-02	1.09914936e-01	7.96653477e-01
2271            	9.15213511e-01	4.51718170e-03	-3.83621451e-02	1.10056798e-01	7.95542718e-01
2272            	9.15130100e-01	4.72986522e-03	-3.98459085e-02	1.10161525e-01	7.91228132e-01
2273            	9.14996083e-01	4.92494727e-03	-4.11301526e-02	1.10181997e-01	7.85367618e-01
2274            	9.14928783e-01	5.03621659e-03	-4.18922692e-02	1.10096281e-01	7.77857386e-01
2275            	9.14916643e-01	5.06839855e-03	-4.20757126e-02	1.09921161e-01	7.69158180e-01
2276            	9.15007137e-01	5.07097811e-03	-4.21894665e-02	1.09701103e-01	7.59096246e-01
2277            	9.15088227e-01	5.15618449e-03	-4.27819537e-02	1.09477823e-01	7.48855134e-01
2278            	9.15149041e-01	5.25541865e-03	-4.34521662e-02	1.09284679e-01	7.38530603e-01
2279            	9.15116936e-01	5.33515967e-03	-4.38330433e-02	1.09119359e-01	7.28854710e-01
2280            	9.15109990e-01	5.38971393e-03	-4.41216455e-02	1.08966975e-01	7.20161992e-01
2281            	9.15139926e-01	5.46701882e-03	-4.45297796e-02	1.08821515e-01	7.12898969e-01
2282            	9.15259754e-01	5.57807791e-03	-4.52250228e-02	1.08686407e-01	7.07079412e-01
2283            	9.15330415e-01	5.70098806e-03	-4.58879547e-02	1.08552454e-01	7.04168647e-01
2284            	9.15356337e-01	5.78068987e-03	-4.63747372e-02	1.08417186e-01	7.03687154e-01
2285            	9.15284165e-01	5.75171259e-03	-4.61664141e-02	1.08295954e-01	7.06037758e-01
2286            	9.15225555e-01	5.59624970e-03	-4.52460009e-02	1.08231019e-01	7.10260780e-01
2287            	9.15167750e-01	5.37459045e-03	-4.38109663e-02	1.08262767e-01	7.16698619e-01
2288            	9.15150547e-01	5.13665333e-03	-4.23250081e-02	1.08402011e-01	7.24403376e-01
2289            	9.15111221e-01	4.87129405e-03	-4.05977190e-02	1.08620115e-01	7.34086437e-01
2290            	9.15127142e-01	4.56620054e-03	-3.87143720e-02	1.08858535e-01	7.44588965e-01
2291            	9.15169967e-01	4.27744786e-03	-3.68702826e-02	1.09064288e-01	7.55330467e-01
2292            	9.15236348e-01	4.06197359e-03	-3.55213949e-02	1.09221836e-01	7.64860533e-01
2293            	9.15221206e-01	3.99586736e-03	-3.49999889e-02	1.09341628e-01	7.73221793e-01
2294            	9.15193026e-01	3.96193183e-03	-3.47262263e-02	1.09442363e-01	7.80363363e-01
2295            	9.15149583e-01	3.95855209e-03	-3.46064125e-02	1.09535838e-01	7.86764694e-01
2296            	9.15193469e-01	4.02581428e-03	-3.50831778e-02	1.09631942e-01	7.91442237e-01
2297            	9.15230119e-01	4.16345512e-03	-3.59667827e-02	1.09747019e-01	7.94313979e-01
2298            	9.15247962e-01	4.33768756e-03	-3.71601524e-02	1.09877279e-01	7.94052023e-01
2299            	9.15161058e-01	4.53179199e-03	-3.84402228e-02	1.09996565e-01	7.91238865e-01
2300            	9.15055841e-01	4.73208148e-03	-3.98577056e-02	1.10063452e-01	7.85877722e-01
2301            	9.14936833e-01	4.87702906e-03	-4.08086327e-02	1.10037820e-01	7.79342811e-01
2302            	9.14911492e-01	4.97112135e-03	-4.14676964e-02	1.09916230e-01	7.71188628e-01
2303            	9.14944093e-01	5.02045838e-03	-4.17869104e-02	1.09727908e-01	7.62208991e-01
2304            	9.15052994e-01	5.05441180e-03	-4.21134730e-02	1.09525269e-01	7.52255009e-01
2305            	9.15114671e-01	5.14482915e-03	-4.27000112e-02	1.09344900e-01	7.42634808e-01
2306            	9.15140731e-01	5.21695522e-03	-4.31496216e-02	1.09200469e-01	7.33128747e-01
2307            	9.15105882e-01	5.28528516e-03	-4.34618852e-02	1.09074178e-01	7.24765132e-01
2308            	9.15138339e-01	5.40294934e-03	-4.42041548e-02	1.08950750e-01	7.17105449e-01
2309            	9.15210889e-01	5.54828983e-03	-4.50594681e-02	1.08829755e-01	7.11165408e-01
2310            	9.15323190e-01	5.69449261e-03	-4.59448959e-02	1.08713617e-01	7.07117684e-01
2311            	9.15354348e-01	5.77953059e-03	-4.63589388e-02	1.08595491e-01	7.05941145e-01
2312            	9.15336837e-01	5.78222372e-03	-4.63973951e-02	1.08475226e-01	7.07097626e-01
2313            	9.15249902e-01	5.65948126e-03	-4.56190770e-02	1.08384844e-01	7.10848744e-01
2314            	9.15207650e-01	5.47020081e-03	-4.44864089e-02	1.08361127e-01	7.16039326e-01
2315            	9.15148767e-01	5.26824228e-03	-4.31602816e-02	1.08434449e-01	7.23159046e-01
2316            	9.15119414e-01	5.03136941e-03	-4.16645492e-02	1.08603260e-01	7.31528765e-01
2317            	9.15088233e-01	4.72147183e-03	-3.96502422e-02	1.08813051e-01	7.41388869e-01
2318            	9.15140327e-01	4.37854584e-03	-3.75258137e-02	1.09009447e-01	7.51342645e-01
2319            	9.15187964e-01	4.10753379e-03	-3.57636550e-02	1.09160161e-01	7.61073427e-01
2320            	9.15222772e-01	3.97104681e-03	-3.48751669e-02	1.09266406e-01	7.69366237e-01
2321            	9.15185718e-01	3.90969875e-03	-3.43514530e-02	1.09346489e-01	7.76674107e-01
2322            	9.15162206e-01	3.88528806e-03	-3.41528002e-02	1.09421418e-01	7.82739579e-01
2323            	9.15160014e-01	3.94682546e-03	-3.44943224e-02	1.09498271e-01	7.87924747e-01
2324            	9.15224017e-01	4.04008887e-03	-3.51468132e-02	1.09588568e-01	7.91241739e-01
2325            	9.15236641e-01	4.17806637e-03	-3.60191870e-02	1.09697017e-01	7.92339082e-01
2326            	9.15207551e-01	4.33854684e-03	-3.71446572e-02	1.09816251e-01	7.90420812e-01
2327            	9.15086719e-01	4.51106195e-03	-3.83210953e-02	1.09912272e-01	7.86239224e-01
2328            	9.14991305e-01	4.68691592e-03	-3.95781851e-02	1.09944149e-01	7.80223678e-01
2329            	9.14906047e-01	4.84559925e-03	-4.06066564e-02	1.09883817e-01	7.73223740e-01
2330            	9.14921900e-01	4.94163280e-03	-4.12868218e-02	1.09739637e-01	7.64569093e-01
2331            	9.14980337e-01	4.98212469e-03	-4.15600674e-02	1.09560613e-01	7.55561033e-01
2332            	9.15085826e-01	5.03964648e-03	-4.20221146e-02	1.09394039e-01	7.46247873e-01
2333            	9.15120623e-01	5.10340368e-03	-4.23956987e-02	1.09262298e-01	7.37456743e-01
2334            	9.15137710e-01	5.17487976e-03	-4.28369434e-02	1.09159609e-01	7.28682770e-01
2335            	9.15131511e-01	5.31864511e-03	-4.36763704e-02	1.09060124e-01	7.21440014e-01
2336            	9.15202565e-01	5.51476440e-03	-4.49362591e-02	1.08958717e-01	7.15064130e-01
2337            	9.15277850e-01	5.68323611e-03	-4.59020573e-02	1.08861069e-01	7.10573392e-01
2338            	9.15358625e-01	5.77314383e-03	-4.64021407e-02	1.08762145e-01	7.08217331e-01
2339            	9.15352803e-01	5.80916905e-03	-4.65439000e-02	1.08655845e-01	7.08643449e-01
2340            	9.15313829e-01	5.72472743e-03	-4.60684273e-02	1.08555248e-01	7.11259984e-01
2341            	9.15229511e-01	5.54667030e-03	-4.49498725e-02	1.08490467e-01	7.15882449e-01
2342            	9.15185111e-01	5.36056664e-03	-4.38183087e-02	1.08499831e-01	7.21889739e-01
2343            	9.15109813e-01	5.16398946e-03	-4.25005331e-02	1.08610090e-01	7.29744402e-01
2344            	9.15080581e-01	4.90039811e-03	-4.08285048e-02	1.08789895e-01	7.38542855e-01
2345            	9.15076887e-01	4.53673065e-03	-3.84706328e-02	1.08975170e-01	7.48198819e-01
2346            	9.15155696e-01	4.21232648e-03	-3.64494589e-02	1.09119778e-01	7.57293779e-01
2347            	9.15188081e-01	3.97380332e-03	-3.48454262e-02	1.09209923e-01	7.65731394e-01
2348            	9.15198294e-01	3.85905259e-03	-3.40573783e-02	1.09269013e-01	7.72671240e-01
2349            	9.15148663e-01	3.82652241e-03	-3.37254977e-02	1.09325042e-01	7.79126449e-01
2350            	9.15155980e-01	3.87559486e-03	-3.40411959e-02	1.09385670e-01	7.84175095e-01
2351            	9.15184357e-01	3.96295033e-03	-3.45620883e-02	1.09452977e-01	7.88044808e-01
2352            	9.15240054e-01	4.04834563e-03	-3.51509059e-02	1.09537313e-01	7.89701712e-01
2353            	9.15208522e-01	4.16899303e-03	-3.59319741e-02	1.09636983e-01	7.89117711e-01
2354            	9.15140809e-01	4.30602948e-03	-3.69432728e-02	1.09741342e-01	7.85826319e-01
2355            	9.15019439e-01	4.46980537e-03	-3.80684455e-02	1.09817388e-01	7.80847580e-01
2356            	9.14943083e-01	4.65771225e-03	-3.93961490e-02	1.09813196e-01	7.74102154e-01
2357            	9.14891169e-01	4.84017344e-03	-4.05755941e-02	1.09721712e-01	7.66557804e-01
2358            	9.14946343e-01	4.93660070e-03	-4.12709569e-02	1.09576058e-01	7.58064529e-01
2359            	9.15018712e-01	4.95370709e-03	-4.13839543e-02	1.09430482e-01	7.49607200e-01
2360            	9.15107779e-01	5.00090102e-03	-4.17487945e-02	1.09312735e-01	7.41104938e-01
2361            	9.15123705e-01	5.05808476e-03	-4.20683731e-02	1.09226430e-01	7.33109305e-01
2362            	9.15150619e-01	5.18546404e-03	-4.28972365e-02	1.09151196e-01	7.25464186e-01
2363            	9.15173473e-01	5.42940665e-03	-4.44017947e-02	1.09071694e-01	7.19298144e-01
2364            	9.15262331e-01	5.64997603e-03	-4.57875767e-02	1.08989360e-01	7.14252217e-01
2365            	9.15324322e-01	5.78374796e-03	-4.64964969e-02	1.08908750e-01	7.11427922e-01
2366            	9.15375586e-01	5.81523730e-03	-4.66526538e-02	1.08819745e-01	7.10620656e-01
2367            	9.15334398e-01	5.76363147e-03	-4.62808921e-02	1.08723098e-01	7.12569401e-01
2368            	9.15286722e-01	5.60644749e-03	-4.53634557e-02	1.08639430e-01	7.16181629e-01
2369            	9.15205535e-01	5.43728830e-03	-4.42969860e-02	1.08601041e-01	7.21491256e-01
2370            	9.15151815e-01	5.28175962e-03	-4.33349221e-02	1.08644968e-01	7.28059727e-01
2371            	9.15071990e-01	5.05947817e-03	-4.18326364e-02	1.08774834e-01	7.36142181e-01
2372            	9.15069187e-01	4.69615908e-03	-3.95095119e-02	1.08937490e-01	7.44783906e-01
2373            	9.15094199e-01	4.31907569e-03	-3.70691701e-02	1.09076356e-01	7.53743556e-01
2374            	9.15165729e-01	4.02486966e-03	-3.52041227e-02	1.09162371e-01	7.61785080e-01
2375            	9.15172438e-01	3.83469708e-03	-3.38681861e-02	1.09204308e-01	7.69131674e-01
2376            	9.15170215e-01	3.76655335e-03	-3.33710115e-02	1.09237022e-01	7.75149449e-01
2377            	9.15139099e-01	3.80236516e-03	-3.35110741e-02	1.09279036e-01	7.80467937e-01
2378            	9.15177301e-01	3.88255547e-03	-3.40430571e-02	1.09331093e-01	7.84311504e-01
2379            	9.15204271e-01	3.95329811e-03	-3.44456885e-02	1.09391878e-01	7.86915626e-01
2380            	9.15226015e-01	4.01262790e-03	-3.48762287e-02	1.09469358e-01	7.87033209e-01
2381            	9.15157525e-01	4.11334397e-03	-3.55732542e-02	1.09567242e-01	7.85082501e-01
2382            	9.15079540e-01	4.24613623e-03	-3.65845751e-02	1.09664467e-01	7.80803394e-01
2383            	9.14972702e-01	4.45843740e-03	-3.80252048e-02	1.09713945e-01	7.75323210e-01
2384            	9.14919055e-01	4.68463827e-03	-3.95801436e-02	1.09682679e-01	7.68312391e-01
2385            	9.14897194e-01	4.84115609e-03	-4.05896543e-02	1.09577172e-01	7.60538896e-01
2386            	9.14974196e-01	4.88972877e-03	-4.09676622e-02	1.09450489e-01	7.52387684e-01
2387            	9.15047384e-01	4.91054483e-03	-4.10907482e-02	1.09349308e-01	7.44744966e-01
2388            	9.15129634e-01	4.94685780e-03	-4.13798266e-02	1.09278472e-01	7.36971302e-01
2389            	9.15150902e-01	5.05820812e-03	-4.20629762e-02	1.09228665e-01	7.29624733e-01
2390            	9.15196044e-01	5.30174294e-03	-4.36546505e-02	1.09175362e-01	7.23173796e-01
2391            	9.15229891e-01	5.59166257e-03	-4.54210697e-02	1.09115207e-01	7.18242348e-01
2392            	9.15308878e-01	5.76776361e-03	-4.64789244e-02	1.09057316e-01	7.14573516e-01
2393            	9.15346174e-01	5.82090345e-03	-4.66857148e-02	1.08993469e-01	7.13336797e-01
2394            	9.15370583e-01	5.79190395e-03	-4.65069770e-02	1.08912757e-01	7.14073340e-01
2395            	9.15316820e-01	5.67702425e-03	-4.57704539e-02	1.08817919e-01	7.17107156e-01
2396            	9.15257616e-01	5.50949926e-03	-4.47898281e-02	1.08739368e-01	7.21220701e-01
2397            	9.15161522e-01	5.37683883e-03	-4.39334967e-02	1.08718386e-01	7.27132141e-01
2398            	9.15092176e-01	5.18334820e-03	-4.26916692e-02	1.08787713e-01	7.34153529e-01
2399            	9.15038403e-01	4.86637442e-03	-4.05645928e-02	1.08914123e-01	7.42153381e-01
2400            	9.15069927e-01	4.46252854e-03	-3.79894123e-02	1.09040109e-01	7.50198442e-01
2401            	9.15106815e-01	4.12635757e-03	-3.58053405e-02	1.09123366e-01	7.58315157e-01
2402            	9.15158005e-01	3.86847998e-03	-3.41332667e-02	1.09154658e-01	7.65344943e-01
2403            	9.15143307e-01	3.73029112e-03	-3.31033424e-02	1.09163090e-01	7.71504931e-01
2404            	9.15149203e-01	3.70969724e-03	-3.29251736e-02	1.09181347e-01	7.76547403e-01
2405            	9.15146023e-01	3.78456491e-03	-3.33371355e-02	1.09214340e-01	7.80711094e-01
2406            	9.15193945e-01	3.87065917e-03	-3.39098744e-02	1.09255577e-01	7.83286689e-01
2407            	9.15196883e-01	3.89571622e-03	-3.40247773e-02	1.09310940e-01	7.84543967e-01
2408            	9.15182883e-01	3.94571857e-03	-3.44386514e-02	1.09390669e-01	7.83375379e-01
2409            	9.15100543e-01	4.03932765e-03	-3.51161792e-02	1.09493057e-01	7.80517468e-01
2410            	9.15026637e-01	4.21437903e-03	-3.64082730e-02	1.09581075e-01	7.75464494e-01
2411            	9.14929410e-01	4.48220475e-03	-3.82004582e-02	1.09605950e-01	7.69415617e-01
2412            	9.14898376e-01	4.72224925e-03	-3.98322736e-02	1.09553223e-01	7.62165651e-01
2413            	9.14911619e-01	4.84527894e-03	-4.06169664e-02	1.09457657e-01	7.54852153e-01
2414            	9.15005568e-01	4.83422548e-03	-4.05899458e-02	1.09373173e-01	7.47372755e-01
2415            	9.15079966e-01	4.85307249e-03	-4.07066028e-02	1.09316294e-01	7.40427902e-01
2416            	9.15159593e-01	4.93417773e-03	-4.13057402e-02	1.09284770e-01	7.33371126e-01
2417            	9.15187034e-01	5.16739338e-03	-4.27943817e-02	1.09256077e-01	7.27049189e-01
2418            	9.15237202e-01	5.50456853e-03	-4.49620416e-02	1.09217950e-01	7.21770447e-01
2419            	9.15267702e-01	5.76372361e-03	-4.64820597e-02	1.09175504e-01	7.18124481e-01
2420            	9.15338804e-01	5.85461645e-03	-4.69885606e-02	1.09131755e-01	7.15871461e-01
2421            	9.15362141e-01	5.82186519e-03	-4.66897169e-02	1.09071772e-01	7.16018168e-01
2422            	9.15368378e-01	5.73776734e-03	-4.62031802e-02	1.08988851e-01	7.17886408e-01
2423            	9.15294935e-01	5.59979184e-03	-4.53351546e-02	1.08898707e-01	7.21582986e-01
2424            	9.15217694e-01	5.47427541e-03	-4.46096144e-02	1.08834782e-01	7.26235558e-01
2425            	9.15101797e-01	5.31730565e-03	-4.35514911e-02	1.08844656e-01	7.32785681e-01
2426            	9.15041601e-01	5.05337982e-03	-4.18333640e-02	1.08928378e-01	7.39946883e-01
2427            	9.15021433e-01	4.66329015e-03	-3.92413823e-02	1.09026773e-01	7.47591777e-01
2428            	9.15072660e-01	4.26881234e-03	-3.67291139e-02	1.09097990e-01	7.54829495e-01
2429            	9.15105268e-01	3.96679270e-03	-3.47232773e-02	1.09118040e-01	7.61743878e-01
2430            	9.15138265e-01	3.72951235e-03	-3.31456470e-02	1.09106253e-01	7.67712075e-01
2431            	9.15126480e-01	3.65724473e-03	-3.25526111e-02	1.09098886e-01	7.72947014e-01
2432            	9.15149008e-01	3.72201419e-03	-3.29591932e-02	1.09114157e-01	7.76883867e-01
2433            	9.15159784e-01	3.82537256e-03	-3.35621578e-02	1.09140933e-01	7.79920864e-01
2434            	9.15196067e-01	3.82866266e-03	-3.35862707e-02	1.09175847e-01	7.81377991e-01
2435            	9.15169718e-01	3.81560822e-03	-3.34789393e-02	1.09233764e-01	7.81393679e-01
2436            	9.15137900e-01	3.85747643e-03	-3.38741149e-02	1.09327605e-01	7.79331046e-01
2437            	9.15051735e-01	3.99797696e-03	-3.48848346e-02	1.09431739e-01	7.75679945e-01
2438            	9.14979497e-01	4.26507729e-03	-3.67795109e-02	1.09500939e-01	7.70085318e-01
2439            	9.14898074e-01	4.55531388e-03	-3.86903034e-02	1.09503763e-01	7.63794795e-01
2440            	9.14898569e-01	4.75174749e-03	-4.00162116e-02	1.09450209e-01	7.56703245e-01
2441            	9.14937332e-01	4.79390592e-03	-4.02543284e-02	1.09387959e-01	7.50211818e-01
2442            	9.15039498e-01	4.76903149e-03	-4.01488095e-02	1.09347356e-01	7.43676129e-01
2443            	9.15116966e-01	4.81962798e-03	-4.04962423e-02	1.09329777e-01	7.37447804e-01
2444            	9.15197031e-01	5.01592996e-03	-4.18564941e-02	1.09324302e-01	7.30986935e-01
2445            	9.15225091e-01	5.36735259e-03	-4.40825439e-02	1.09310471e-01	7.25995690e-01
2446            	9.15268412e-01	5.71250356e-03	-4.62487341e-02	1.09287601e-01	7.21975808e-01
2447            	9.15301229e-01	5.85731771e-03	-4.70186116e-02	1.09259990e-01	7.19536285e-01
2448            	9.15363121e-01	5.85111189e-03	-4.69367731e-02	1.09220950e-01	7.18601672e-01
2449            	9.15367051e-01	5.77454674e-03	-4.64030259e-02	1.09156644e-01	7.19831357e-01
2450            	9.15344788e-01	5.65476057e-03	-4.57086909e-02	1.09066468e-01	7.22458534e-01
2451            	9.15241931e-01	5.53982492e-03	-4.49799484e-02	1.08975599e-01	7.26660901e-01
2452            	9.15143222e-01	5.41588733e-03	-4.42320557e-02	1.08933497e-01	7.32184846e-01
2453            	9.15038635e-01	5.19343413e-03	-4.27226786e-02	1.08958311e-01	7.38796491e-01
2454            	9.15010988e-01	4.84434010e-03	-4.04472981e-02	1.09029331e-01	7.45457320e-01
2455            	9.15014231e-01	4.43744973e-03	-3.77441343e-02	1.09084329e-01	7.52183848e-01
2456            	9.15068796e-01	4.08735852e-03	-3.54987382e-02	1.09096825e-01	7.58460752e-01
2457            	9.15094739e-01	3.79142193e-03	-3.34958115e-02	1.09074191e-01	7.64597385e-01
2458            	9.15127629e-01	3.62453684e-03	-3.23718488e-02	1.09043535e-01	7.69448438e-01
2459            	9.15130342e-01	3.64830808e-03	-3.24295873e-02	1.09032710e-01	7.73672635e-01
2460            	9.15162210e-01	3.74188989e-03	-3.30310597e-02	1.09039818e-01	7.76440079e-01
2461            	9.15164555e-01	3.77067890e-03	-3.31401498e-02	1.09054002e-01	7.78334071e-01
2462            	9.15174635e-01	3.72138797e-03	-3.28487828e-02	1.09086782e-01	7.78795052e-01
2463            	9.15132932e-01	3.71195074e-03	-3.28102217e-02	1.09158604e-01	7.78001986e-01
2464            	9.15097086e-01	3.79462229e-03	-3.35049303e-02	1.09264355e-01	7.75229375e-01
2465            	9.15007750e-01	4.01514158e-03	-3.50536487e-02	1.09366024e-01	7.70746588e-01
2466            	9.14946616e-01	4.34237128e-03	-3.73197029e-02	1.09419428e-01	7.64835867e-01
2467            	9.14878319e-01	4.60490947e-03	-3.90140859e-02	1.09419014e-01	7.58801277e-01
2468            	9.14902866e-01	4.70011697e-03	-3.96560941e-02	1.09389124e-01	7.52528592e-01
2469            	9.14963651e-01	4.69132353e-03	-3.95768334e-02	1.09363489e-01	7.46662508e-01
2470            	9.15085771e-01	4.71875646e-03	-3.98538025e-02	1.09358850e-01	7.40729736e-01
2471            	9.15169458e-01	4.88654358e-03	-4.09860350e-02	1.09371092e-01	7.35225646e-01
2472            	9.15243345e-01	5.20802248e-03	-4.31254915e-02	1.09383409e-01	7.29739474e-01
2473            	9.15252064e-01	5.59610680e-03	-4.55271308e-02	1.09383580e-01	7.25989914e-01
2474            	9.15290843e-01	5.82927203e-03	-4.69420063e-02	1.09373347e-01	7.23076220e-01
2475            	9.15322866e-01	5.88218498e-03	-4.71517645e-02	1.09354285e-01	7.21752839e-01
2476            	9.15379677e-01	5.80060806e-03	-4.66278516e-02	1.09311080e-01	7.21912489e-01
2477            	9.15364205e-01	5.70205143e-03	-4.59806133e-02	1.09234676e-01	7.23941662e-01
2478            	9.15308141e-01	5.59374646e-03	-4.53611118e-02	1.09135191e-01	7.27117076e-01
2479            	9.15181318e-01	5.48209755e-03	-4.46299718e-02	1.09048887e-01	7.31795133e-01
2480            	9.15086785e-01	5.30662123e-03	-4.35138080e-02	1.09015770e-01	7.37373986e-01
2481            	9.15004228e-01	4.99993335e-03	-4.14396626e-02	1.09040619e-01	7.43645045e-01
2482            	9.15006840e-01	4.61200615e-03	-3.89041084e-02	1.09075595e-01	7.49529965e-01
2483            	9.15012183e-01	4.21135645e-03	-3.62252605e-02	1.09081012e-01	7.55492788e-01
2484            	9.15070553e-01	3.87649938e-03	-3.40576604e-02	1.09050434e-01	7.61049074e-01
2485            	9.15089852e-01	3.62603758e-03	-3.23452415e-02	1.09001366e-01	7.66318129e-01
2486            	9.15135681e-01	3.57500156e-03	-3.19915217e-02	1.08964676e-01	7.70144783e-01
2487            	9.15142951e-01	3.64667095e-03	-3.23599641e-02	1.08953044e-01	7.73256871e-01
2488            	9.15168017e-01	3.69753395e-03	-3.26650757e-02	1.08953653e-01	7.75033628e-01
2489            	9.15151146e-01	3.66267290e-03	-3.23812684e-02	1.08965457e-01	7.76150830e-01
2490            	9.15146968e-01	3.59431669e-03	-3.20126879e-02	1.09011460e-01	7.75898523e-01
2491            	9.15100756e-01	3.61145218e-03	-3.21866824e-02	1.09099823e-01	7.74430545e-01
2492            	9.15060984e-01	3.77939946e-03	-3.34625293e-02	1.09207812e-01	7.70727287e-01
2493            	9.14970206e-01	4.10195515e-03	-3.56675467e-02	1.09296014e-01	7.65656197e-01
2494            	9.14911944e-01	4.39559765e-03	-3.76790138e-02	1.09347565e-01	7.59904146e-01
2495            	9.14866586e-01	4.58262938e-03	-3.88411972e-02	1.09361159e-01	7.54436800e-01
2496            	9.14924036e-01	4.62001372e-03	-3.91041044e-02	1.09364510e-01	7.49005228e-01
2497            	9.15009853e-01	4.60400159e-03	-3.90194923e-02	1.09376011e-01	7.43854617e-01
2498            	9.15150138e-01	4.73616100e-03	-4.00258187e-02	1.09400418e-01	7.38477672e-01
2499            	9.15224944e-01	5.02862610e-03	-4.19512937e-02	1.09434251e-01	7.33587110e-01
2500            	9.15272988e-01	5.41396604e-03	-4.44381118e-02	1.09459085e-01	7.29479049e-01
2501            	9.15267192e-01	5.73594517e-03	-4.63677801e-02	1.09468964e-01	7.26693815e-01
2502            	9.15315521e-01	5.85298447e-03	-4.70552351e-02	1.09466249e-01	7.24667537e-01
2503            	9.15353990e-01	5.82523122e-03	-4.67839602e-02	1.09445074e-01	7.24395982e-01
2504            	9.15396940e-01	5.71160006e-03	-4.60839610e-02	1.09391520e-01	7.25338955e-01
2505            	9.15342381e-01	5.61223527e-03	-4.54400162e-02	1.09298745e-01	7.28006951e-01
2506            	9.15251400e-01	5.51439893e-03	-4.48739462e-02	1.09194679e-01	7.31708912e-01
2507            	9.15112160e-01	5.38257981e-03	-4.39862056e-02	1.09115696e-01	7.36772230e-01
2508            	9.15029773e-01	5.14659970e-03	-4.24591838e-02	1.09080854e-01	7.42005799e-01
2509            	9.14969802e-01	4.79910033e-03	-4.01013257e-02	1.09085699e-01	7.47550386e-01
2510            	9.14986806e-01	4.37385784e-03	-3.72966273e-02	1.09077106e-01	7.52643869e-01
2511            	9.15009351e-01	3.96580433e-03	-3.45603731e-02	1.09035640e-01	7.57939188e-01
2512            	9.15072064e-01	3.66215009e-03	-3.25908515e-02	1.08974784e-01	7.62793830e-01
2513            	9.15100760e-01	3.53690461e-03	-3.17074206e-02	1.08915733e-01	7.66987071e-01
2514            	9.15146909e-01	3.56068694e-03	-3.18401649e-02	1.08880930e-01	7.69863972e-01
2515            	9.15142606e-01	3.62311904e-03	-3.21309300e-02	1.08862539e-01	7.71928041e-01
2516            	9.15153364e-01	3.60481381e-03	-3.19971083e-02	1.08854329e-01	7.72859866e-01
2517            	9.15125234e-01	3.50918181e-03	-3.13596642e-02	1.08871540e-01	7.73448562e-01
2518            	9.15120334e-01	3.45042045e-03	-3.10887511e-02	1.08936593e-01	7.72617366e-01
2519            	9.15071104e-01	3.56021833e-03	-3.19000526e-02	1.09041966e-01	7.70362542e-01
2520            	9.15024436e-01	3.83579187e-03	-3.38895640e-02	1.09155949e-01	7.65874299e-01
2521            	9.14938037e-01	4.16633577e-03	-3.61162626e-02	1.09253120e-01	7.61026136e-01
2522            	9.14887478e-01	4.42060503e-03	-3.78191376e-02	1.09312834e-01	7.55841739e-01
2523            	9.14867698e-01	4.52773915e-03	-3.84467257e-02	1.09346399e-01	7.51065889e-01
2524            	9.14960647e-01	4.53001309e-03	-3.85275225e-02	1.09372344e-01	7.46078643e-01
2525            	9.15084875e-01	4.60689817e-03	-3.91064696e-02	1.09412031e-01	7.41601770e-01
2526            	9.15226991e-01	4.85511815e-03	-4.08605703e-02	1.09465843e-01	7.37075437e-01
2527            	9.15273954e-01	5.23057451e-03	-4.32524112e-02	1.09517448e-01	7.33014353e-01
2528            	9.15293546e-01	5.60212623e-03	-4.55966837e-02	1.09552564e-01	7.29960966e-01
2529            	9.15285084e-01	5.82538464e-03	-4.69032888e-02	1.09568321e-01	7.28070292e-01
2530            	9.15344493e-01	5.84323240e-03	-4.69914588e-02	1.09568346e-01	7.26973466e-01
2531            	9.15383644e-01	5.73278101e-03	-4.62114333e-02	1.09538200e-01	7.27526964e-01
2532            	9.15398636e-01	5.63457936e-03	-4.56202136e-02	1.09464250e-01	7.29075492e-01
2533            	9.15299864e-01	5.56179051e-03	-4.51423779e-02	1.09355617e-01	7.32323007e-01
2534            	9.15172188e-01	5.46789851e-03	-4.45893427e-02	1.09240081e-01	7.36208469e-01
2535            	9.15039884e-01	5.28889778e-03	-4.33690353e-02	1.09152004e-01	7.41130827e-01
2536            	9.14987386e-01	4.98397515e-03	-4.13588212e-02	1.09108363e-01	7.45774405e-01
2537            	9.14961384e-01	4.56621692e-03	-3.85115598e-02	1.09079169e-01	7.50517812e-01
2538            	9.14993112e-01	4.11369215e-03	-3.55246495e-02	1.09033150e-01	7.54969773e-01
2539            	9.15022034e-01	3.76117971e-03	-3.31639153e-02	1.08962452e-01	7.59699483e-01
2540            	9.15089014e-01	3.55045676e-03	-3.18148405e-02	1.08882831e-01	7.63648061e-01
2541            	9.15121194e-01	3.51979192e-03	-3.15361965e-02	1.08820060e-01	7.66726534e-01
2542            	9.15157374e-01	3.57039397e-03	-3.18207608e-02	1.08781435e-01	7.68581850e-01
2543            	9.15137598e-01	3.55342265e-03	-3.15954961e-02	1.08758256e-01	7.69891976e-01
2544            	9.15136728e-01	3.45957687e-03	-3.10161887e-02	1.08752284e-01	7.70329279e-01
2545            	9.15108995e-01	3.35439391e-03	-3.03567750e-02	1.08789805e-01	7.70506249e-01
2546            	9.15103584e-01	3.38951869e-03	-3.07365533e-02	1.08874333e-01	7.68988258e-01
2547            	9.15049806e-01	3.61488015e-03	-3.23143203e-02	1.08994165e-01	7.65968182e-01
2548            	9.14998210e-01	3.92162894e-03	-3.44835094e-02	1.09123802e-01	7.61417409e-01
2549            	9.14903407e-01	4.22326272e-03	-3.64776905e-02	1.09229658e-01	7.56953086e-01
2550            	9.14869450e-01	4.41392485e-03	-3.77315402e-02	1.09303437e-01	7.52395827e-01
2551            	9.14895835e-01	4.46817491e-03	-3.80445136e-02	1.09361764e-01	7.48372880e-01
2552            	9.15036575e-01	4.48788733e-03	-3.82965157e-02	1.09420334e-01	7.44037797e-01
2553            	9.15179104e-01	4.70460675e-03	-3.98100494e-02	1.09488511e-01	7.40227715e-01
2554            	9.15290467e-01	5.05859643e-03	-4.21951972e-02	1.09560322e-01	7.36351937e-01
2555            	9.15291413e-01	5.44432309e-03	-4.45878070e-02	1.09620598e-01	7.33487233e-01
2556            	9.15295769e-01	5.73365399e-03	-4.63997712e-02	1.09658022e-01	7.31218187e-01
2557            	9.15312850e-01	5.82308479e-03	-4.68805995e-02	1.09675510e-01	7.30101092e-01
2558            	9.15390986e-01	5.76023632e-03	-4.64746237e-02	1.09668226e-01	7.29796846e-01
2559            	9.15409358e-01	5.65545869e-03	-4.57458969e-02	1.09617582e-01	7.30890446e-01
2560            	9.15367436e-01	5.59916567e-03	-4.54266296e-02	1.09520526e-01	7.33036819e-01
2561            	9.15219401e-01	5.53361121e-03	-4.49836385e-02	1.09393169e-01	7.36582705e-01
2562            	9.15108526e-01	5.34642526e-03	-4.37930051e-02	1.09271582e-01	7.40551134e-01
2563            	9.15006527e-01	5.08698875e-03	-4.20208911e-02	1.09175270e-01	7.44865782e-01
2564            	9.14961531e-01	4.76686631e-03	-3.98895062e-02	1.09106928e-01	7.48649676e-01
2565            	9.14936143e-01	4.34391817e-03	-3.69993270e-02	1.09036277e-01	7.52716470e-01
2566            	9.14984790e-01	3.89705741e-03	-3.40582307e-02	1.08952049e-01	7.56680204e-01
2567            	9.15043227e-01	3.59976759e-03	-3.20623213e-02	1.08861194e-01	7.60706515e-01
2568            	9.15122037e-01	3.47292406e-03	-3.12494607e-02	1.08778714e-01	7.63588083e-01
2569            	9.15138662e-01	3.50038559e-03	-3.13344931e-02	1.08717413e-01	7.65720698e-01
2570            	9.15145255e-01	3.49969492e-03	-3.12844191e-02	1.08676791e-01	7.66741427e-01
2571            	9.15112243e-01	3.43956564e-03	-3.08190031e-02	1.08651077e-01	7.67479137e-01
2572            	9.15121134e-01	3.29734934e-03	-2.99579829e-02	1.08660490e-01	7.67765546e-01
2573            	9.15104274e-01	3.23432362e-03	-2.96002552e-02	1.08722197e-01	7.67452896e-01
2574            	9.15094841e-01	3.38700221e-03	-3.07705139e-02	1.08832001e-01	7.65191682e-01
2575            	9.15023966e-01	3.66692489e-03	-3.27102456e-02	1.08973090e-01	7.61646917e-01
2576            	9.14960020e-01	3.99905592e-03	-3.50195387e-02	1.09116483e-01	7.57355668e-01
2577            	9.14873244e-01	4.25126633e-03	-3.66368929e-02	1.09238507e-01	7.53630963e-01
2578            	9.14878666e-01	4.36897686e-03	-3.74141165e-02	1.09334094e-01	7.49754578e-01
2579            	9.14956935e-01	4.39710951e-03	-3.76043119e-02	1.09415219e-01	7.46322030e-01
2580            	9.15132865e-01	4.54620183e-03	-3.87467040e-02	1.09498074e-01	7.42800938e-01
2581            	9.15257966e-01	4.88968945e-03	-4.10547447e-02	1.09586131e-01	7.39781540e-01
2582            	9.15319833e-01	5.28036497e-03	-4.36072057e-02	1.09671866e-01	7.36575135e-01
2583            	9.15297664e-01	5.60636434e-03	-4.55906990e-02	1.09737328e-01	7.34684036e-01
2584            	9.15316202e-01	5.78573138e-03	-4.67154660e-02	1.09778171e-01	7.33221268e-01
2585            	9.15356174e-01	5.77728886e-03	-4.65902814e-02	1.09791909e-01	7.32777888e-01
2586            	9.15426065e-01	5.68188088e-03	-4.59834407e-02	1.09764538e-01	7.32987388e-01
2587            	9.15392852e-01	5.62334161e-03	-4.55525568e-02	1.09687324e-01	7.34659242e-01
2588            	9.15304043e-01	5.54781937e-03	-4.50979823e-02	1.09565783e-01	7.37333730e-01
2589            	9.15156997e-01	5.39468194e-03	-4.40745626e-02	1.09420020e-01	7.40834758e-01
2590            	9.15059508e-01	5.19069779e-03	-4.27707568e-02	1.09272760e-01	7.44254166e-01
2591            	9.14962676e-01	4.91958087e-03	-4.08909787e-02	1.09151966e-01	7.47711217e-01
2592            	9.14939452e-01	4.52551108e-03	-3.82295646e-02	1.09051174e-01	7.50693361e-01
2593            	9.14936293e-01	4.05468688e-03	-3.50256330e-02	1.08955542e-01	7.54255858e-01
2594            	9.15012711e-01	3.67817276e-03	-3.25827337e-02	1.08854881e-01	7.57711014e-01
2595            	9.15081433e-01	3.48444286e-03	-3.12824199e-02	1.08752687e-01	7.60908614e-01
2596            	9.15148111e-01	3.44813990e-03	-3.10359597e-02	1.08663892e-01	7.62626524e-01
2597            	9.15140506e-01	3.43120884e-03	-3.08032511e-02	1.08598810e-01	7.63871130e-01
2598            	9.15127402e-01	3.36844756e-03	-3.03697604e-02	1.08555287e-01	7.64268650e-01
2599            	9.15097658e-01	3.24602422e-03	-2.95400944e-02	1.08542717e-01	7.64857151e-01
2600            	9.15114038e-01	3.13128578e-03	-2.88966630e-02	1.08579024e-01	7.64908081e-01
2601            	9.15093760e-01	3.19514517e-03	-2.94017131e-02	1.08667323e-01	7.63915094e-01
2602            	9.15072892e-01	3.41496132e-03	-3.10186855e-02	1.08806595e-01	7.61108649e-01
2603            	9.14993950e-01	3.72848702e-03	-3.31546817e-02	1.08975130e-01	7.57594676e-01
2604            	9.14926850e-01	4.02339245e-03	-3.51666733e-02	1.09142346e-01	7.54023965e-01
2605            	9.14857057e-01	4.22868891e-03	-3.64586947e-02	1.09282773e-01	7.51037509e-01
2606            	9.14913509e-01	4.29982376e-03	-3.69777736e-02	1.09394459e-01	7.47920461e-01
2607            	9.15045268e-01	4.40129572e-03	-3.77052127e-02	1.09496080e-01	7.45093074e-01
2608            	9.15233139e-01	4.69975479e-03	-3.98148094e-02	1.09600428e-01	7.42279657e-01
2609            	9.15312196e-01	5.09565122e-03	-4.23924167e-02	1.09706928e-01	7.39961383e-01
2610            	9.15333087e-01	5.43109824e-03	-4.45419181e-02	1.09799343e-01	7.37690011e-01
2611            	9.15300979e-01	5.68028478e-03	-4.60482494e-02	1.09861327e-01	7.36496400e-01
2612            	9.15345595e-01	5.74752664e-03	-4.64780427e-02	1.09893130e-01	7.35623817e-01
2613            	9.15393450e-01	5.68799420e-03	-4.60306416e-02	1.09892966e-01	7.35709526e-01
2614            	9.15426169e-01	5.60479802e-03	-4.54967130e-02	1.09844531e-01	7.36496289e-01
2615            	9.15337840e-01	5.59587326e-03	-4.53858196e-02	1.09733704e-01	7.38629230e-01
2616            	9.15219592e-01	5.51298308e-03	-4.48853278e-02	1.09572736e-01	7.41189630e-01
2617            	9.15082867e-01	5.29716644e-03	-4.34360065e-02	1.09389979e-01	7.44237994e-01
2618            	9.15005732e-01	5.02109471e-03	-4.16078528e-02	1.09221971e-01	7.46908604e-01
2619            	9.14921788e-01	4.69501410e-03	-3.93162506e-02	1.09081310e-01	7.49503360e-01
2620            	9.14918932e-01	4.24789105e-03	-3.63133837e-02	1.08959412e-01	7.52088474e-01
2621            	9.14943480e-01	3.80520899e-03	-3.33430470e-02	1.08844814e-01	7.55222262e-01
2622            	9.15051292e-01	3.54865403e-03	-3.17165502e-02	1.08731197e-01	7.57831153e-01
2623            	9.15112601e-01	3.42547924e-03	-3.08543925e-02	1.08622515e-01	7.59982194e-01
2624            	9.15150409e-01	3.37195637e-03	-3.04603247e-02	1.08532829e-01	7.60851666e-01
2625            	9.15111257e-01	3.31395561e-03	-2.99723694e-02	1.08471245e-01	7.61402520e-01
2626            	9.15102387e-01	3.21170919e-03	-2.93218931e-02	1.08442228e-01	7.61664589e-01
2627            	9.15092900e-01	3.07430808e-03	-2.84311570e-02	1.08454621e-01	7.62334415e-01
2628            	9.15111174e-01	3.04784507e-03	-2.83969769e-02	1.08513516e-01	7.61733418e-01
2629            	9.15080201e-01	3.20427576e-03	-2.95240523e-02	1.08635761e-01	7.60145245e-01
2630            	9.15051840e-01	3.47906855e-03	-3.14954086e-02	1.08812814e-01	7.57203759e-01
2631            	9.14963984e-01	3.79923222e-03	-3.36296293e-02	1.09017641e-01	7.54490986e-01
2632            	9.14894597e-01	4.05199080e-03	-3.53242169e-02	1.09209604e-01	7.51766223e-01
2633            	9.14859695e-01	4.19896207e-03	-3.62523125e-02	1.09361615e-01	7.49305173e-01
2634            	9.14979314e-01	4.31481161e-03	-3.71249323e-02	1.09485381e-01	7.46794261e-01
2635            	9.15147569e-01	4.54982520e-03	-3.87484253e-02	1.09603228e-01	7.44781881e-01
2636            	9.15308658e-01	4.92993662e-03	-4.13364501e-02	1.09726997e-01	7.42796005e-01
2637            	9.15336416e-01	5.27467679e-03	-4.35180307e-02	1.09845753e-01	7.41003158e-01
2638            	9.15329111e-01	5.54627954e-03	-4.52534693e-02	1.09936388e-01	7.39608764e-01
2639            	9.15310912e-01	5.70541029e-03	-4.62017759e-02	1.09989508e-01	7.38958227e-01
2640            	9.15376389e-01	5.69131040e-03	-4.61208651e-02	1.10008395e-01	7.38401661e-01
2641            	9.15407147e-01	5.62817665e-03	-4.56433574e-02	1.09984347e-01	7.38957951e-01
2642            	9.15388612e-01	5.61106626e-03	-4.55345074e-02	1.09897094e-01	7.40158163e-01
2643            	9.15265252e-01	5.56813576e-03	-4.51953873e-02	1.09740987e-01	7.42405782e-01
2644            	9.15152455e-01	5.38806860e-03	-4.40486847e-02	1.09539142e-01	7.44534060e-01
2645            	9.15029355e-01	5.14315490e-03	-4.23815757e-02	1.09326648e-01	7.46914496e-01
2646            	9.14947440e-01	4.83521611e-03	-4.03010422e-02	1.09137798e-01	7.48716767e-01
2647            	9.14880802e-01	4.43103077e-03	-3.74796334e-02	1.08984578e-01	7.50802208e-01
2648            	9.14907915e-01	3.98376433e-03	-3.45069908e-02	1.08853471e-01	7.52920940e-01
2649            	9.14980172e-01	3.65703375e-03	-3.23448018e-02	1.08725311e-01	7.55412587e-01
2650            	9.15096730e-01	3.45487910e-03	-3.10664097e-02	1.08599817e-01	7.57238146e-01
2651            	9.15128559e-01	3.35151149e-03	-3.02886316e-02	1.08488438e-01	7.58339300e-01
2652            	9.15130807e-01	3.27146884e-03	-2.97212374e-02	1.08405826e-01	7.58605296e-01
2653            	9.15084216e-01	3.17173047e-03	-2.90061454e-02	1.08357279e-01	7.58944450e-01
2654            	9.15095501e-01	3.03479203e-03	-2.81723341e-02	1.08343050e-01	7.59028937e-01
2655            	9.15097059e-01	2.95208345e-03	-2.76719410e-02	1.08376413e-01	7.59343656e-01
2656            	9.15114358e-01	3.04324987e-03	-2.84245234e-02	1.08470163e-01	7.58415876e-01
2657            	9.15073812e-01	3.26691143e-03	-2.99879437e-02	1.08640005e-01	7.56810839e-01
2658            	9.15024316e-01	3.54615774e-03	-3.19573389e-02	1.08863591e-01	7.54283800e-01
2659            	9.14919997e-01	3.83469147e-03	-3.38471697e-02	1.09094778e-01	7.52242558e-01
2660            	9.14873877e-01	4.05381211e-03	-3.53279510e-02	1.09293041e-01	7.50076933e-01
2661            	9.14911610e-01	4.21578246e-03	-3.64078915e-02	1.09453025e-01	7.48351721e-01
2662            	9.15090142e-01	4.43129571e-03	-3.79582403e-02	1.09591619e-01	7.46510891e-01
2663            	9.15248627e-01	4.77071214e-03	-4.02223878e-02	1.09730420e-01	7.45336516e-01
2664            	9.15348549e-01	5.11910788e-03	-4.25450628e-02	1.09869854e-01	7.43937746e-01
2665            	9.15333937e-01	5.41792189e-03	-4.44238043e-02	1.09989546e-01	7.42690806e-01
2666            	9.15332479e-01	5.63410117e-03	-4.58266306e-02	1.10068707e-01	7.41820587e-01
2667            	9.15346252e-01	5.69246170e-03	-4.61353940e-02	1.10108304e-01	7.41524772e-01
2668            	9.15413065e-01	5.65199361e-03	-4.58746255e-02	1.10107640e-01	7.41330632e-01
2669            	9.15397397e-01	5.63214783e-03	-4.56682143e-02	1.10046023e-01	7.42206985e-01
2670            	9.15335342e-01	5.62181677e-03	-4.55973978e-02	1.09910338e-01	7.43489841e-01
2671            	9.15201674e-01	5.48634071e-03	-4.46498624e-02	1.09707858e-01	7.45450918e-01
2672            	9.15097097e-01	5.24498039e-03	-4.30873138e-02	1.09467831e-01	7.46897731e-01
2673            	9.14974280e-01	4.97450425e-03	-4.12071924e-02	1.09230197e-01	7.48436536e-01
2674            	9.14898438e-01	4.63436325e-03	-3.88793147e-02	1.09031615e-01	7.49558047e-01
2675            	9.14862038e-01	4.20904805e-03	-3.59355090e-02	1.08869555e-01	7.51333818e-01
2676            	9.14941716e-01	3.80149604e-03	-3.32678944e-02	1.08726845e-01	7.52975969e-01
2677            	9.15045432e-01	3.53854534e-03	-3.15326003e-02	1.08590146e-01	7.54694776e-01
2678            	9.15133333e-01	3.37460935e-03	-3.04721800e-02	1.08457899e-01	7.55537726e-01
2679            	9.15121932e-01	3.25792272e-03	-2.95980643e-02	1.08349071e-01	7.55939448e-01
2680            	9.15099456e-01	3.14770651e-03	-2.88678721e-02	1.08280123e-01	7.55845258e-01
2681            	9.15070492e-01	3.02375971e-03	-2.80247722e-02	1.08249231e-01	7.56171968e-01
2682            	9.15105931e-01	2.91341191e-03	-2.73970417e-02	1.08258843e-01	7.56364233e-01
2683            	9.15106667e-01	2.89935987e-03	-2.73657998e-02	1.08329662e-01	7.56444192e-01
2684            	9.15110855e-01	3.04900206e-03	-2.85150181e-02	1.08477999e-01	7.55429031e-01
2685            	9.15051654e-01	3.31907308e-03	-3.03746646e-02	1.08698175e-01	7.53949418e-01
2686            	9.14984730e-01	3.61892600e-03	-3.24466484e-02	1.08958875e-01	7.52092141e-01
2687            	9.14886547e-01	3.87486436e-03	-3.41139492e-02	1.09205097e-01	7.50704861e-01
2688            	9.14896120e-01	4.08025505e-03	-3.55328544e-02	1.09407309e-01	7.49100200e-01
2689            	9.15001214e-01	4.30977333e-03	-3.70850495e-02	1.09577013e-01	7.48179529e-01
2690            	9.15194995e-01	4.60070845e-03	-3.91088879e-02	1.09732149e-01	7.47251083e-01
2691            	9.15314623e-01	4.96706509e-03	-4.15085803e-02	1.09884328e-01	7.46676910e-01
2692            	9.15364011e-01	5.27379262e-03	-4.35482262e-02	1.10023956e-01	7.45500421e-01
2693            	9.15333122e-01	5.50584020e-03	-4.50042276e-02	1.10130845e-01	7.45002812e-01
2694            	9.15348894e-01	5.63106166e-03	-4.58240107e-02	1.10194505e-01	7.44499104e-01
2695            	9.15380634e-01	5.64195594e-03	-4.58197281e-02	1.10214922e-01	7.44346226e-01
2696            	9.15421793e-01	5.63542331e-03	-4.57625309e-02	1.10185987e-01	7.44531658e-01
2697            	9.15364622e-01	5.63091072e-03	-4.56459982e-02	1.10078469e-01	7.45509924e-01
2698            	9.15276147e-01	5.54668521e-03	-4.50916858e-02	1.09887874e-01	7.46586944e-01
2699            	9.15141358e-01	5.34851067e-03	-4.37294697e-02	1.09634278e-01	7.47775442e-01
2700            	9.15037824e-01	5.08314775e-03	-4.19757092e-02	1.09356801e-01	7.48479901e-01
2701            	9.14914845e-01	4.76998207e-03	-3.97733803e-02	1.09104427e-01	7.49274391e-01
2702            	9.14868439e-01	4.38707700e-03	-3.71555055e-02	1.08902363e-01	7.49876259e-01
2703            	9.14876910e-01	4.00086497e-03	-3.45112671e-02	1.08737871e-01	7.51045453e-01
2704            	9.14996090e-01	3.66399241e-03	-3.23427764e-02	1.08589304e-01	7.52146426e-01
2705            	9.15090761e-01	3.43551836e-03	-3.08138984e-02	1.08444191e-01	7.53207859e-01
2706            	9.15141246e-01	3.23172887e-03	-2.94584961e-02	1.08311842e-01	7.53213322e-01
2707            	9.15096625e-01	3.09404943e-03	-2.84667287e-02	1.08212555e-01	7.53247150e-01
2708            	9.15079942e-01	2.97532233e-03	-2.77155636e-02	1.08157091e-01	7.53056958e-01
2709            	9.15072398e-01	2.88391639e-03	-2.71248192e-02	1.08140379e-01	7.53306752e-01
2710            	9.15112673e-01	2.81356537e-03	-2.67823260e-02	1.08183056e-01	7.53586850e-01
2711            	9.15109219e-01	2.86592100e-03	-2.71945185e-02	1.08306240e-01	7.53657162e-01
2712            	9.15100682e-01	3.07705742e-03	-2.87380444e-02	1.08516956e-01	7.52830522e-01
2713            	9.15020699e-01	3.36066861e-03	-3.06628418e-02	1.08791606e-01	7.51805197e-01
2714            	9.14944857e-01	3.65087488e-03	-3.26647855e-02	1.09077628e-01	7.50635348e-01
2715            	9.14878053e-01	3.90258352e-03	-3.43180133e-02	1.09328033e-01	7.49885336e-01
2716            	9.14953307e-01	4.16258619e-03	-3.61259257e-02	1.09531769e-01	7.49076274e-01
2717            	9.15103175e-01	4.45656905e-03	-3.80894620e-02	1.09710201e-01	7.48899169e-01
2718            	9.15280178e-01	4.78831809e-03	-4.03508801e-02	1.09881662e-01	7.48680785e-01
2719            	9.15351460e-01	5.11024984e-03	-4.24527575e-02	1.10042545e-01	7.48510147e-01
2720            	9.15371420e-01	5.35495034e-03	-4.40986932e-02	1.10179365e-01	7.47610436e-01
2721            	9.15345401e-01	5.52434150e-03	-4.51538722e-02	1.10274512e-01	7.47555584e-01
2722            	9.15373161e-01	5.62255479e-03	-4.57938169e-02	1.10320954e-01	7.47200170e-01
2723            	9.15384651e-01	5.67474517e-03	-4.60404040e-02	1.10312612e-01	7.47276196e-01
2724            	9.15390823e-01	5.66387383e-03	-4.59340129e-02	1.10232243e-01	7.47527367e-01
2725            	9.15313397e-01	5.59253543e-03	-4.53652366e-02	1.10066183e-01	7.48343303e-01
2726            	9.15220498e-01	5.40855498e-03	-4.41550521e-02	1.09817676e-01	7.48832747e-01
2727            	9.15081532e-01	5.17259174e-03	-4.25318543e-02	1.09516666e-01	7.49041411e-01
2728            	9.14969045e-01	4.91498160e-03	-4.07919126e-02	1.09214759e-01	7.48931459e-01
2729            	9.14855433e-01	4.58338640e-03	-3.84466909e-02	1.08961686e-01	7.49210007e-01
2730            	9.14851286e-01	4.20076063e-03	-3.58592760e-02	1.08761151e-01	7.49476720e-01
2731            	9.14920900e-01	3.82518077e-03	-3.33133378e-02	1.08595753e-01	7.50200612e-01
2732            	9.15061197e-01	3.53332632e-03	-3.14385733e-02	1.08440379e-01	7.50587532e-01
2733            	9.15112553e-01	3.27178126e-03	-2.96701153e-02	1.08288569e-01	7.50905681e-01
2734            	9.15110691e-01	3.08765393e-03	-2.84599677e-02	1.08161607e-01	7.50403412e-01
2735            	9.15060261e-01	2.96062630e-03	-2.75705611e-02	1.08082605e-01	7.50345041e-01
2736            	9.15069937e-01	2.85811717e-03	-2.69537939e-02	1.08047165e-01	7.50187581e-01
2737            	9.15086445e-01	2.79207692e-03	-2.65505703e-02	1.08060315e-01	7.50661003e-01
2738            	9.15125491e-01	2.78138070e-03	-2.66070917e-02	1.08149838e-01	7.51019168e-01
2739            	9.15104006e-01	2.90961642e-03	-2.75139687e-02	1.08333179e-01	7.51326375e-01
2740            	9.15070208e-01	3.14169536e-03	-2.91747482e-02	1.08604622e-01	7.50880329e-01
2741            	9.14973989e-01	3.42966469e-03	-3.11208151e-02	1.08920335e-01	7.50492597e-01
2742            	9.14914227e-01	3.70374443e-03	-3.30294475e-02	1.09221006e-01	7.49918472e-01
2743            	9.14907577e-01	4.01660340e-03	-3.51052448e-02	1.09470092e-01	7.49805857e-01
2744            	9.15043223e-01	4.34912260e-03	-3.73812001e-02	1.09677859e-01	7.49900552e-01
2745            	9.15193494e-01	4.66730289e-03	-3.94721769e-02	1.09867372e-01	7.50484717e-01
2746            	9.15334402e-01	4.96863746e-03	-4.15296963e-02	1.10047709e-01	7.50686471e-01
2747            	9.15363245e-01	5.22765406e-03	-4.32321956e-02	1.10207367e-01	7.50657080e-01
2748            	9.15372256e-01	5.41354959e-03	-4.44971080e-02	1.10328065e-01	7.50326799e-01
2749            	9.15354163e-01	5.54913220e-03	-4.53298103e-02	1.10399240e-01	7.50331579e-01
2750            	9.15385905e-01	5.63809245e-03	-4.58988879e-02	1.10414886e-01	7.49955078e-01
2751            	9.15379881e-01	5.68558785e-03	-4.60967592e-02	1.10366564e-01	7.50113628e-01
2752            	9.15358994e-01	5.62668936e-03	-4.56630481e-02	1.10233959e-01	7.50196561e-01
2753            	9.15259944e-01	5.47795167e-03	-4.45891539e-02	1.10006410e-01	7.50484528e-01
2754            	9.15152115e-01	5.26608232e-03	-4.31849710e-02	1.09700484e-01	7.50041094e-01
2755            	9.14997649e-01	5.02010113e-03	-4.14564593e-02	1.09358791e-01	7.49556413e-01
2756            	9.14893225e-01	4.71601966e-03	-3.93840568e-02	1.09048586e-01	7.48837770e-01
2757            	9.14820919e-01	4.38507780e-03	-3.70534415e-02	1.08804015e-01	7.48520235e-01
2758            	9.14879942e-01	4.04154027e-03	-3.47617294e-02	1.08611105e-01	7.48272917e-01
2759            	9.14980948e-01	3.68213210e-03	-3.23392642e-02	1.08444344e-01	7.48589970e-01
2760            	9.15096604e-01	3.36959290e-03	-3.03149552e-02	1.08283074e-01	7.48384022e-01
2761            	9.15099084e-01	3.11031145e-03	-2.85606363e-02	1.08134425e-01	7.47982602e-01
2762            	9.15079709e-01	2.93423453e-03	-2.74280494e-02	1.08024615e-01	7.47389534e-01
2763            	9.15044075e-01	2.81153057e-03	-2.65901149e-02	1.07966925e-01	7.47408214e-01
2764            	9.15077850e-01	2.74457511e-03	-2.62295913e-02	1.07958879e-01	7.47508988e-01
2765            	9.15097890e-01	2.71163496e-03	-2.60589538e-02	1.08015582e-01	7.48339184e-01
2766            	9.15127204e-01	2.76092686e-03	-2.65156869e-02	1.08165377e-01	7.48881006e-01
2767            	9.15086297e-01	2.94537077e-03	-2.77801956e-02	1.08417223e-01	7.49574754e-01
2768            	9.15034435e-01	3.19776623e-03	-2.95667434e-02	1.08741489e-01	7.49588841e-01
2769            	9.14940555e-01	3.48130667e-03	-3.14872290e-02	1.09082327e-01	7.49872740e-01
2770            	9.14917803e-01	3.80862109e-03	-3.37553855e-02	1.09383159e-01	7.50009727e-01
2771            	9.14967071e-01	4.18997368e-03	-3.62731363e-02	1.09628749e-01	7.50654605e-01
2772            	9.15127642e-01	4.54135167e-03	-3.86460891e-02	1.09841311e-01	7.51473689e-01
2773            	9.15264956e-01	4.81944047e-03	-4.04716927e-02	1.10039487e-01	7.52633794e-01
2774            	9.15368083e-01	5.08481447e-03	-4.23169252e-02	1.10222951e-01	7.53167058e-01
2775            	9.15372688e-01	5.28487062e-03	-4.36337808e-02	1.10373737e-01	7.53195214e-01
2776            	9.15376831e-01	5.45236728e-03	-4.47701482e-02	1.10471663e-01	7.53041846e-01
2777            	9.15357124e-01	5.60556464e-03	-4.56945474e-02	1.10510634e-01	7.53030084e-01
2778            	9.15380885e-01	5.67742815e-03	-4.61254852e-02	1.10488263e-01	7.52709658e-01
2779            	9.15355661e-01	5.65194816e-03	-4.58252512e-02	1.10387518e-01	7.52738380e-01
2780            	9.15313467e-01	5.54213522e-03	-4.50650305e-02	1.10185600e-01	7.52252868e-01
2781            	9.15187176e-01	5.38232370e-03	-4.39226024e-02	1.09884133e-01	7.51653838e-01
2782            	9.15059526e-01	5.13782040e-03	-4.22745386e-02	1.09525381e-01	7.50254968e-01
2783            	9.14915354e-01	4.84114332e-03	-4.01806755e-02	1.09169706e-01	7.49281536e-01
2784            	9.14838273e-01	4.51063300e-03	-3.79303339e-02	1.08874105e-01	7.48165969e-01
2785            	9.14821651e-01	4.20826608e-03	-3.58238227e-02	1.08646206e-01	7.47404918e-01
2786            	9.14920536e-01	3.87633307e-03	-3.36328988e-02	1.08456434e-01	7.46588664e-01
2787            	9.15019131e-01	3.53306272e-03	-3.13210897e-02	1.08278985e-01	7.46235250e-01
2788            	9.15092119e-01	3.19965390e-03	-2.91563143e-02	1.08111699e-01	7.45597591e-01
2789            	9.15067488e-01	2.95049234e-03	-2.74811879e-02	1.07976606e-01	7.45032087e-01
2790            	9.15056661e-01	2.78726910e-03	-2.64503978e-02	1.07892450e-01	7.44533564e-01
2791            	9.15039410e-01	2.72091284e-03	-2.60075994e-02	1.07861685e-01	7.44692111e-01
2792            	9.15083541e-01	2.71177419e-03	-2.60479061e-02	1.07886104e-01	7.45024287e-01
2793            	9.15100231e-01	2.72262444e-03	-2.61652488e-02	1.08000841e-01	7.46312722e-01
2794            	9.15110679e-01	2.80724574e-03	-2.68346262e-02	1.08224380e-01	7.47472926e-01
2795            	9.15049717e-01	3.00144911e-03	-2.81511794e-02	1.08544382e-01	7.48651763e-01
2796            	9.14991631e-01	3.26349723e-03	-3.00206066e-02	1.08910093e-01	7.49159700e-01
2797            	9.14921222e-01	3.61532791e-03	-3.24176169e-02	1.09256969e-01	7.50010740e-01
2798            	9.14948537e-01	4.03784410e-03	-3.52990789e-02	1.09549442e-01	7.50831276e-01
2799            	9.15038494e-01	4.44528071e-03	-3.79505959e-02	1.09792380e-01	7.52427522e-01
2800            	9.15200596e-01	4.73896578e-03	-3.99249458e-02	1.10012244e-01	7.53818067e-01
2801            	9.15306979e-01	4.97896262e-03	-4.15292601e-02	1.10218649e-01	7.55301927e-01
2802            	9.15377718e-01	5.16807488e-03	-4.28854195e-02	1.10398211e-01	7.55805475e-01
2803            	9.15366914e-01	5.33080378e-03	-4.39510788e-02	1.10530970e-01	7.56047997e-01
2804            	9.15365318e-01	5.50139135e-03	-4.50875699e-02	1.10601565e-01	7.55890259e-01
2805            	9.15347325e-01	5.65452184e-03	-4.59959625e-02	1.10603646e-01	7.55784755e-01
2806            	9.15361434e-01	5.70256774e-03	-4.62550504e-02	1.10530276e-01	7.55211196e-01
2807            	9.15322760e-01	5.59381113e-03	-4.53966049e-02	1.10362969e-01	7.54735658e-01
2808            	9.15254095e-01	5.44874895e-03	-4.43952591e-02	1.10085003e-01	7.53448783e-01
2809            	9.15109442e-01	5.23883339e-03	-4.29026377e-02	1.09719295e-01	7.51879203e-01
2810            	9.14979765e-01	4.95187028e-03	-4.09610071e-02	1.09323493e-01	7.49849946e-01
2811            	9.14848833e-01	4.65695122e-03	-3.88788922e-02	1.08968067e-01	7.48372503e-01
2812            	9.14819704e-01	4.36963766e-03	-3.69251813e-02	1.08691612e-01	7.46648040e-01
2813            	9.14858854e-01	4.05600833e-03	-3.47556331e-02	1.08473395e-01	7.45492598e-01
2814            	9.14976180e-01	3.69078660e-03	-3.23494545e-02	1.08282198e-01	7.44296478e-01
2815            	9.15048142e-01	3.31825992e-03	-2.98603288e-02	1.08104359e-01	7.43562708e-01
2816            	9.15079211e-01	2.97421886e-03	-2.76562520e-02	1.07951429e-01	7.42580447e-01
2817            	9.15045576e-01	2.73118024e-03	-2.60382646e-02	1.07845063e-01	7.42198866e-01
2818            	9.15049799e-01	2.62360779e-03	-2.53914235e-02	1.07793359e-01	7.41814548e-01
2819            	9.15057500e-01	2.62696311e-03	-2.54184605e-02	1.07795608e-01	7.42226298e-01
2820            	9.15108669e-01	2.64679375e-03	-2.56595577e-02	1.07871853e-01	7.43188842e-01
2821            	9.15105682e-01	2.69735054e-03	-2.60301333e-02	1.08053362e-01	7.45034989e-01
2822            	9.15088361e-01	2.82503853e-03	-2.69698339e-02	1.08348718e-01	7.46780678e-01
2823            	9.15014972e-01	3.03702985e-03	-2.84208888e-02	1.08720220e-01	7.48371398e-01
2824            	9.14972559e-01	3.35855024e-03	-3.07044928e-02	1.09106163e-01	7.49484508e-01
2825            	9.14936306e-01	3.80317921e-03	-3.37013530e-02	1.09449965e-01	7.51044451e-01
2826            	9.14999641e-01	4.26407504e-03	-3.67872653e-02	1.09734187e-01	7.52611806e-01
2827            	9.15105170e-01	4.62955719e-03	-3.91390312e-02	1.09977105e-01	7.54872858e-01
2828            	9.15258274e-01	4.86169872e-03	-4.07465140e-02	1.10199639e-01	7.56728244e-01
2829            	9.15345131e-01	5.06576987e-03	-4.21542306e-02	1.10402642e-01	7.58343176e-01
2830            	9.15392447e-01	5.20185783e-03	-4.31581268e-02	1.10568321e-01	7.58653529e-01
2831            	9.15362116e-01	5.36948006e-03	-4.42241372e-02	1.10671498e-01	7.58938962e-01
2832            	9.15347839e-01	5.59390889e-03	-4.56851632e-02	1.10701344e-01	7.58656174e-01
2833            	9.15328644e-01	5.70683668e-03	-4.63034602e-02	1.10655303e-01	7.58211355e-01
2834            	9.15337883e-01	5.65061952e-03	-4.58542010e-02	1.10521353e-01	7.57238708e-01
2835            	9.15279279e-01	5.48912831e-03	-4.46440756e-02	1.10279691e-01	7.55943532e-01
2836            	9.15187567e-01	5.29656411e-03	-4.33240606e-02	1.09930013e-01	7.53690103e-01
2837            	9.15027311e-01	5.06972135e-03	-4.17149927e-02	1.09515613e-01	7.51224876e-01
2838            	9.14902541e-01	4.79695827e-03	-3.98663024e-02	1.09108395e-01	7.48798510e-01
2839            	9.14807582e-01	4.51518582e-03	-3.78737883e-02	1.08771691e-01	7.46829147e-01
2840            	9.14832727e-01	4.23842660e-03	-3.59913821e-02	1.08514306e-01	7.44565112e-01
2841            	9.14901054e-01	3.90511272e-03	-3.36933474e-02	1.08300528e-01	7.42842313e-01
2842            	9.15013490e-01	3.46669478e-03	-3.08272321e-02	1.08106926e-01	7.41390730e-01
2843            	9.15050661e-01	3.07407382e-03	-2.82398510e-02	1.07930793e-01	7.40491644e-01
2844            	9.15064289e-01	2.75740061e-03	-2.62296292e-02	1.07795984e-01	7.39461797e-01
2845            	9.15039034e-01	2.59465425e-03	-2.51539004e-02	1.07715479e-01	7.39196172e-01
2846            	9.15059208e-01	2.57637109e-03	-2.51032139e-02	1.07693472e-01	7.39040550e-01
2847            	9.15076500e-01	2.60404848e-03	-2.52989363e-02	1.07741247e-01	7.39963681e-01
2848            	9.15116450e-01	2.62756932e-03	-2.55564717e-02	1.07886981e-01	7.41796306e-01
2849            	9.15092441e-01	2.68061945e-03	-2.59287250e-02	1.08150890e-01	7.44456355e-01
2850            	9.15065221e-01	2.83653918e-03	-2.70742559e-02	1.08513394e-01	7.46663241e-01
2851            	9.14999396e-01	3.09623086e-03	-2.88784444e-02	1.08924508e-01	7.48652467e-01
2852            	9.14976856e-01	3.53996219e-03	-3.19766639e-02	1.09315509e-01	7.50375639e-01
2853            	9.14966730e-01	4.07157469e-03	-3.54929543e-02	1.09648618e-01	7.52690331e-01
2854            	9.15053376e-01	4.52430860e-03	-3.84832483e-02	1.09925619e-01	7.55153295e-01
2855            	9.15167749e-01	4.78250068e-03	-4.01454235e-02	1.10173443e-01	7.57871110e-01
2856            	9.15311304e-01	4.94708179e-03	-4.13655438e-02	1.10399627e-01	7.59935191e-01
2857            	9.15376141e-01	5.10051271e-03	-4.24591252e-02	1.10591660e-01	7.61387794e-01
2858            	9.15396232e-01	5.27507248e-03	-4.36934629e-02	1.10727646e-01	7.61442637e-01
2859            	9.15343260e-01	5.52047778e-03	-4.52299557e-02	1.10788466e-01	7.61564645e-01
2860            	9.15331991e-01	5.68589815e-03	-4.62630759e-02	1.10773909e-01	7.61033102e-01
2861            	9.15316706e-01	5.68123542e-03	-4.60836512e-02	1.10675278e-01	7.60238228e-01
2862            	9.15310173e-01	5.55035358e-03	-4.51448968e-02	1.10466526e-01	7.58414791e-01
2863            	9.15218327e-01	5.40555804e-03	-4.40440926e-02	1.10139379e-01	7.55991704e-01
2864            	9.15098218e-01	5.19354627e-03	-4.25778221e-02	1.09724129e-01	7.52837354e-01
2865            	9.14940551e-01	4.90943989e-03	-4.05788745e-02	1.09284025e-01	7.49891468e-01
2866            	9.14849648e-01	4.63784213e-03	-3.87379254e-02	1.08890185e-01	7.47009837e-01
2867            	9.14801531e-01	4.39679718e-03	-3.70153115e-02	1.08581181e-01	7.44407362e-01
2868            	9.14860907e-01	4.10371771e-03	-3.50345067e-02	1.08336193e-01	7.41754354e-01
2869            	9.14934205e-01	3.67014104e-03	-3.20963856e-02	1.08121650e-01	7.39765820e-01
2870            	9.15024764e-01	3.22903592e-03	-2.92548310e-02	1.07926751e-01	7.38046898e-01
2871            	9.15034934e-01	2.84149183e-03	-2.67150741e-02	1.07769889e-01	7.37283447e-01
2872            	9.15044650e-01	2.59450286e-03	-2.51658489e-02	1.07661977e-01	7.36483213e-01
2873            	9.15027939e-01	2.52995160e-03	-2.47432337e-02	1.07615106e-01	7.36312749e-01
2874            	9.15065429e-01	2.56675248e-03	-2.50652547e-02	1.07634372e-01	7.36608335e-01
2875            	9.15088588e-01	2.59419044e-03	-2.52592719e-02	1.07741406e-01	7.38499527e-01
2876            	9.15113980e-01	2.60339072e-03	-2.54045585e-02	1.07965453e-01	7.41235273e-01
2877            	9.15072536e-01	2.69113859e-03	-2.60164392e-02	1.08303910e-01	7.44546752e-01
2878            	9.15045416e-01	2.89529922e-03	-2.75207548e-02	1.08717782e-01	7.47073611e-01
2879            	9.14994577e-01	3.30151764e-03	-3.03150662e-02	1.09145954e-01	7.49656389e-01
2880            	9.14989543e-01	3.84468963e-03	-3.40254782e-02	1.09533050e-01	7.52159904e-01
2881            	9.15001934e-01	4.37394227e-03	-3.74643174e-02	1.09854290e-01	7.55209889e-01
2882            	9.15114747e-01	4.70196411e-03	-3.96368188e-02	1.10129592e-01	7.58303484e-01
2883            	9.15235782e-01	4.87137321e-03	-4.07750289e-02	1.10376502e-01	7.61406851e-01
2884            	9.15366759e-01	5.01180660e-03	-4.18697989e-02	1.10594507e-01	7.63405296e-01
2885            	9.15391663e-01	5.16640158e-03	-4.29520828e-02	1.10763541e-01	7.64312973e-01
2886            	9.15374439e-01	5.39586719e-03	-4.44990270e-02	1.10860327e-01	7.64384509e-01
2887            	9.15314773e-01	5.64106460e-03	-4.59934989e-02	1.10875531e-01	7.64391793e-01
2888            	9.15320333e-01	5.70737051e-03	-4.63516505e-02	1.10804896e-01	7.63311995e-01
2889            	9.15306585e-01	5.60619266e-03	-4.55271224e-02	1.10633526e-01	7.61693355e-01
2890            	9.15271274e-01	5.44638145e-03	-4.43828564e-02	1.10341860e-01	7.58747954e-01
2891            	9.15136308e-01	5.29231041e-03	-4.32036553e-02	1.09937598e-01	7.55329631e-01
2892            	9.15008889e-01	5.05003237e-03	-4.15420369e-02	1.09478143e-01	7.51440312e-01
2893            	9.14872778e-01	4.76667783e-03	-3.95608428e-02	1.09035059e-01	7.48226236e-01
2894            	9.14824393e-01	4.51815038e-03	-3.78768268e-02	1.08667523e-01	7.44798925e-01
2895            	9.14815932e-01	4.28051593e-03	-3.61635625e-02	1.08381556e-01	7.41577903e-01
2896            	9.14891674e-01	3.90304173e-03	-3.36305151e-02	1.08145543e-01	7.38443930e-01
2897            	9.14957103e-01	3.41458449e-03	-3.03786367e-02	1.07933724e-01	7.36435303e-01
2898            	9.15030163e-01	2.97382722e-03	-2.75755696e-02	1.07754479e-01	7.34996976e-01
2899            	9.15031408e-01	2.63496719e-03	-2.53616030e-02	1.07620069e-01	7.34145952e-01
2900            	9.15043046e-01	2.48525839e-03	-2.44586859e-02	1.07545605e-01	7.33573414e-01
2901            	9.15036512e-01	2.50320249e-03	-2.45842318e-02	1.07538413e-01	7.33739427e-01
2902            	9.15083194e-01	2.55256131e-03	-2.49882925e-02	1.07615565e-01	7.34841225e-01
2903            	9.15094725e-01	2.55267032e-03	-2.49867472e-02	1.07802334e-01	7.38027693e-01
2904            	9.15102947e-01	2.55898568e-03	-2.51129296e-02	1.08109693e-01	7.41688992e-01
2905            	9.15058079e-01	2.70015196e-03	-2.61158759e-02	1.08512222e-01	7.45412585e-01
2906            	9.15042565e-01	3.04311496e-03	-2.85817759e-02	1.08955917e-01	7.48252156e-01
2907            	9.15004292e-01	3.58337158e-03	-3.22389651e-02	1.09385053e-01	7.51474523e-01
2908            	9.15004713e-01	4.14992330e-03	-3.60291889e-02	1.09760094e-01	7.54817512e-01
2909            	9.15038152e-01	4.57166349e-03	-3.87420345e-02	1.10073057e-01	7.58648734e-01
2910            	9.15171698e-01	4.79401475e-03	-4.02742846e-02	1.10344138e-01	7.62038654e-01
2911            	9.15298481e-01	4.91467766e-03	-4.11477005e-02	1.10583363e-01	7.65158061e-01
2912            	9.15406176e-01	5.05258625e-03	-4.22250912e-02	1.10779812e-01	7.66727991e-01
2913            	9.15388370e-01	5.24151131e-03	-4.34848268e-02	1.10914321e-01	7.67242175e-01
2914            	9.15346667e-01	5.50902936e-03	-4.52365360e-02	1.10964850e-01	7.67167163e-01
2915            	9.15297271e-01	5.69422952e-03	-4.63096191e-02	1.10924814e-01	7.66575724e-01
2916            	9.15317340e-01	5.66444266e-03	-4.60209454e-02	1.10786473e-01	7.64692562e-01
2917            	9.15284942e-01	5.54022681e-03	-4.50274829e-02	1.10527241e-01	7.61897497e-01
2918            	9.15211181e-01	5.37992606e-03	-4.38500563e-02	1.10148309e-01	7.57851707e-01
2919            	9.15056523e-01	5.16675533e-03	-4.22762082e-02	1.09684344e-01	7.53794008e-01
2920            	9.14939192e-01	4.88999257e-03	-4.04043616e-02	1.09210091e-01	7.49458344e-01
2921            	9.14846072e-01	4.65958416e-03	-3.87881998e-02	1.08787349e-01	7.45698984e-01
2922            	9.14832573e-01	4.42459865e-03	-3.71785314e-02	1.08449615e-01	7.41629232e-01
2923            	9.14839992e-01	4.11190907e-03	-3.49662246e-02	1.08178549e-01	7.38047934e-01
2924            	9.14914353e-01	3.64803677e-03	-3.19012235e-02	1.07946001e-01	7.34821220e-01
2925            	9.14975159e-01	3.14966792e-03	-2.86380924e-02	1.07745759e-01	7.32976569e-01
2926            	9.15035245e-01	2.71138874e-03	-2.58671662e-02	1.07589114e-01	7.31787411e-01
2927            	9.15033489e-01	2.48195425e-03	-2.43725139e-02	1.07487296e-01	7.31156167e-01
2928            	9.15049802e-01	2.45749971e-03	-2.42925055e-02	1.07453099e-01	7.30707460e-01
2929            	9.15053590e-01	2.52248937e-03	-2.47231314e-02	1.07502499e-01	7.31650236e-01
2930            	9.15097018e-01	2.52273137e-03	-2.47868509e-02	1.07654702e-01	7.34180740e-01
2931            	9.15091378e-01	2.49515103e-03	-2.45959319e-02	1.07925779e-01	7.38452153e-01
2932            	9.15089690e-01	2.54579634e-03	-2.50526269e-02	1.08305620e-01	7.42686603e-01
2933            	9.15053402e-01	2.78938020e-03	-2.67869279e-02	1.08758184e-01	7.46699951e-01
2934            	9.15048680e-01	3.28903705e-03	-3.02868187e-02	1.09220019e-01	7.50136437e-01
2935            	9.15006584e-01	3.91025047e-03	-3.44125994e-02	1.09640335e-01	7.54121527e-01
2936            	9.15022660e-01	4.43437596e-03	-3.78773442e-02	1.09993820e-01	7.58047327e-01
2937            	9.15087076e-01	4.72839977e-03	-3.97782815e-02	1.10293939e-01	7.62431379e-01
2938            	9.15240311e-01	4.84480430e-03	-4.06651781e-02	1.10555921e-01	7.66012899e-01
2939            	9.15358776e-01	4.94655980e-03	-4.14426051e-02	1.10778109e-01	7.68705782e-01
2940            	9.15416471e-01	5.10836283e-03	-4.26520438e-02	1.10942209e-01	7.69596443e-01
2941            	9.15359935e-01	5.37033179e-03	-4.43430746e-02	1.11031319e-01	7.70070057e-01
2942            	9.15319512e-01	5.62779907e-03	-4.59901825e-02	1.11025016e-01	7.69492880e-01
2943            	9.15294989e-01	5.68338799e-03	-4.61881541e-02	1.10920141e-01	7.68043060e-01
2944            	9.15308776e-01	5.58873257e-03	-4.54538913e-02	1.10702727e-01	7.64988710e-01
2945            	9.15237619e-01	5.43436958e-03	-4.42336922e-02	1.10357348e-01	7.60996141e-01
2946            	9.15129442e-01	5.25571689e-03	-4.29327766e-02	1.09906481e-01	7.56135451e-01
2947            	9.14981418e-01	5.01661820e-03	-4.12093387e-02	1.09413241e-01	7.51535158e-01
2948            	9.14898440e-01	4.76884253e-03	-3.95539053e-02	1.08943213e-01	7.46839438e-01
2949            	9.14833044e-01	4.54848544e-03	-3.79924164e-02	1.08547035e-01	7.42460185e-01
2950            	9.14834583e-01	4.29721530e-03	-3.62484355e-02	1.08231805e-01	7.37703677e-01
2951            	9.14853648e-01	3.89016843e-03	-3.34344140e-02	1.07973804e-01	7.33938980e-01
2952            	9.14938033e-01	3.35311561e-03	-2.99522675e-02	1.07753362e-01	7.31088500e-01
2953            	9.14999390e-01	2.86570413e-03	-2.67962623e-02	1.07573805e-01	7.29679266e-01
2954            	9.15046192e-01	2.53093401e-03	-2.47105517e-02	1.07446626e-01	7.28504086e-01
2955            	9.15034449e-01	2.42205501e-03	-2.40051116e-02	1.07381169e-01	7.28094477e-01
2956            	9.15053541e-01	2.45592781e-03	-2.43016137e-02	1.07401352e-01	7.28289276e-01
2957            	9.15065555e-01	2.49686368e-03	-2.45604839e-02	1.07521102e-01	7.30552159e-01
2958            	9.15100901e-01	2.46358464e-03	-2.43963691e-02	1.07755504e-01	7.34502271e-01
2959            	9.15088541e-01	2.44495182e-03	-2.42944193e-02	1.08105183e-01	7.39509989e-01
2960            	9.15095182e-01	2.62155815e-03	-2.56353459e-02	1.08541020e-01	7.44081501e-01
2961            	9.15071272e-01	3.05510066e-03	-2.86381121e-02	1.09017631e-01	7.48477779e-01
2962            	9.15059320e-01	3.64517380e-03	-3.26712949e-02	1.09483461e-01	7.52717333e-01
2963            	9.15009001e-01	4.20738822e-03	-3.63397027e-02	1.09895708e-01	7.57510853e-01
2964            	9.15048127e-01	4.60924781e-03	-3.90146462e-02	1.10236453e-01	7.61947705e-01
2965            	9.15148694e-01	4.81331315e-03	-4.03913497e-02	1.10524493e-01	7.66478500e-01
2966            	9.15319060e-01	4.88501048e-03	-4.10330922e-02	1.10769676e-01	7.69840996e-01
2967            	9.15404984e-01	5.03063684e-03	-4.20862599e-02	1.10963069e-01	7.72074205e-01
2968            	9.15408225e-01	5.25538699e-03	-4.36494105e-02	1.11085877e-01	7.72436261e-01
2969            	9.15330121e-01	5.52843193e-03	-4.53618070e-02	1.11112756e-01	7.72367924e-01
2970            	9.15303098e-01	5.68284432e-03	-4.62986889e-02	1.11038689e-01	7.71020630e-01
2971            	9.15288752e-01	5.65231951e-03	-4.59139970e-02	1.10855249e-01	7.68437113e-01
2972            	9.15273854e-01	5.53528018e-03	-4.50073801e-02	1.10545000e-01	7.64139758e-01
2973            	9.15167934e-01	5.36336873e-03	-4.36564760e-02	1.10121539e-01	7.59187653e-01
2974            	9.15056252e-01	5.12524700e-03	-4.19796954e-02	1.09630201e-01	7.53789048e-01
2975            	9.14935293e-01	4.89098619e-03	-4.03227921e-02	1.09130958e-01	7.48573576e-01
2976            	9.14880200e-01	4.69080326e-03	-3.89849689e-02	1.08679707e-01	7.43303322e-01
2977            	9.14821016e-01	4.47004070e-03	-3.73924602e-02	1.08308920e-01	7.38286625e-01
2978            	9.14830477e-01	4.11053465e-03	-3.49381616e-02	1.08013445e-01	7.33406732e-01
2979            	9.14864182e-01	3.61360293e-03	-3.15869705e-02	1.07769038e-01	7.29777492e-01
2980            	9.14965137e-01	3.06935760e-03	-2.81073898e-02	1.07569526e-01	7.27383743e-01
2981            	9.15015036e-01	2.66144211e-03	-2.54944999e-02	1.07414696e-01	7.26287084e-01
2982            	9.15045993e-01	2.45832468e-03	-2.42623240e-02	1.07321302e-01	7.25305585e-01
2983            	9.15033521e-01	2.42954073e-03	-2.40687766e-02	1.07310996e-01	7.25481910e-01
2984            	9.15062720e-01	2.47470539e-03	-2.44196249e-02	1.07401143e-01	7.26827893e-01
2985            	9.15076898e-01	2.45671360e-03	-2.42814608e-02	1.07602242e-01	7.30510166e-01
2986            	9.15109236e-01	2.40824208e-03	-2.40470873e-02	1.07918443e-01	7.35547116e-01
2987            	9.15101626e-01	2.47606484e-03	-2.45709795e-02	1.08333097e-01	7.41165696e-01
2988            	9.15117345e-01	2.81964114e-03	-2.70408297e-02	1.08812509e-01	7.46152521e-01
2989            	9.15085504e-01	3.39019726e-03	-3.09062179e-02	1.09306878e-01	7.51179117e-01
2990            	9.15049197e-01	3.99786782e-03	-3.49937913e-02	1.09766920e-01	7.56127059e-01
2991            	9.15013950e-01	4.48210535e-03	-3.81416639e-02	1.10156611e-01	7.61373487e-01
2992            	9.15098586e-01	4.75523857e-03	-4.00168936e-02	1.10480612e-01	7.66329139e-01
2993            	9.15234102e-01	4.85421931e-03	-4.07442387e-02	1.10751458e-01	7.70800761e-01
2994            	9.15385627e-01	4.95494730e-03	-4.15862599e-02	1.10970796e-01	7.73616440e-01
2995            	9.15406551e-01	5.16628335e-03	-4.30327671e-02	1.11124765e-01	7.75112353e-01
2996            	9.15368521e-01	5.41501090e-03	-4.46975446e-02	1.11194650e-01	7.75127628e-01
2997            	9.15294803e-01	5.62924058e-03	-4.59838981e-02	1.11157415e-01	7.74344933e-01
2998            	9.15293693e-01	5.67390428e-03	-4.61768978e-02	1.11006647e-01	7.71761510e-01
2999            	9.15270789e-01	5.59427796e-03	-4.54409342e-02	1.10733330e-01	7.67834472e-01
3000            	9.15222372e-01	5.43584159e-03	-4.42370033e-02	1.10338822e-01	7.62395549e-01
