# Force and moment coefficients
# dragDir       : (0.00000000e+00 0.00000000e+00 -1.00000000e+00)
# sideDir       : (-0.00000000e+00 1.00000000e+00 0.00000000e+00)
# liftDir       : (1.00000000e+00 0.00000000e+00 0.00000000e+00)
# rollAxis      : (0.00000000e+00 0.00000000e+00 -1.00000000e+00)
# pitchAxis     : (-0.00000000e+00 1.00000000e+00 0.00000000e+00)
# yawAxis       : (1.00000000e+00 0.00000000e+00 0.00000000e+00)
# magUInf       : 1.01700000e+02
# lRef          : 5.78100000e-02
# Aref          : 2.62480000e-03
# CofR          : (0.00000000e+00 0.00000000e+00 3.99000000e-01)
#
# Time          	Cd              	Cl              	CmPitch         	CmRoll          	CmYaw           
2001            	9.02600538e-01	4.97466921e-03	-2.88462994e-02	2.18216882e-02	1.86336595e-01
2002            	9.02686111e-01	6.05693471e-03	-3.57460721e-02	2.16172105e-02	1.87117138e-01
2003            	9.02714226e-01	7.11196054e-03	-4.24018512e-02	2.14464038e-02	1.87675749e-01
2004            	9.02754191e-01	8.14910879e-03	-4.90349394e-02	2.13068518e-02	1.88625009e-01
2005            	9.02784722e-01	9.10924229e-03	-5.49966162e-02	2.11825766e-02	1.89426249e-01
2006            	9.02881997e-01	9.95773835e-03	-6.03326183e-02	2.10718310e-02	1.90421011e-01
2007            	9.02945821e-01	1.05399156e-02	-6.38646883e-02	2.09700110e-02	1.91208179e-01
2008            	9.02979553e-01	1.07983726e-02	-6.54573926e-02	2.08715262e-02	1.92213809e-01
2009            	9.02906588e-01	1.07978195e-02	-6.53131856e-02	2.07652072e-02	1.92480262e-01
2010            	9.02817187e-01	1.05694229e-02	-6.38679144e-02	2.06694259e-02	1.91994619e-01
2011            	9.02695175e-01	1.01175303e-02	-6.09196277e-02	2.06222549e-02	1.90215133e-01
2012            	9.02613276e-01	9.39922951e-03	-5.64017946e-02	2.06653675e-02	1.88553567e-01
2013            	9.02542257e-01	8.42109302e-03	-5.00875784e-02	2.08038696e-02	1.86905976e-01
2014            	9.02566416e-01	7.21915594e-03	-4.24247298e-02	2.10036085e-02	1.85439042e-01
2015            	9.02608213e-01	5.92807089e-03	-3.41229011e-02	2.12137215e-02	1.83115210e-01
2016            	9.02661681e-01	4.67758750e-03	-2.62777003e-02	2.14030495e-02	1.80893784e-01
2017            	9.02634500e-01	3.59595303e-03	-1.94431270e-02	2.15660712e-02	1.78849520e-01
2018            	9.02621633e-01	2.65078365e-03	-1.35526422e-02	2.17096999e-02	1.77911076e-01
2019            	9.02629064e-01	1.86375177e-03	-8.52281109e-03	2.18384869e-02	1.77457366e-01
2020            	9.02731711e-01	1.20478776e-03	-4.43757177e-03	2.19552021e-02	1.77769466e-01
2021            	9.02805768e-01	6.51898818e-04	-9.34723275e-04	2.20638906e-02	1.77943340e-01
2022            	9.02835251e-01	2.91343981e-04	1.20493361e-03	2.21718271e-02	1.78530283e-01
2023            	9.02750682e-01	2.66881116e-04	1.28325925e-03	2.22842790e-02	1.79368380e-01
2024            	9.02664955e-01	5.89996799e-04	-9.84085481e-04	2.23791730e-02	1.80831241e-01
2025            	9.02566299e-01	1.17601883e-03	-4.76983451e-03	2.24104405e-02	1.82145758e-01
2026            	9.02536384e-01	1.98432891e-03	-1.00123316e-02	2.23469779e-02	1.83709681e-01
2027            	9.02519956e-01	2.99404075e-03	-1.63415647e-02	2.21893852e-02	1.85019681e-01
2028            	9.02577595e-01	4.11091197e-03	-2.34085940e-02	2.19704665e-02	1.86134424e-01
2029            	9.02635982e-01	5.23889452e-03	-3.04579146e-02	2.17428725e-02	1.86367588e-01
2030            	9.02713928e-01	6.30280229e-03	-3.72655806e-02	2.15472053e-02	1.86973785e-01
2031            	9.02733213e-01	7.37072748e-03	-4.40088984e-02	2.13856363e-02	1.87285852e-01
2032            	9.02771107e-01	8.38979729e-03	-5.05091737e-02	2.12461785e-02	1.88055738e-01
2033            	9.02812103e-01	9.33093304e-03	-5.63449686e-02	2.11161488e-02	1.88741772e-01
2034            	9.02915937e-01	1.01089196e-02	-6.12432995e-02	2.09974927e-02	1.89752594e-01
2035            	9.02970948e-01	1.06016459e-02	-6.42103912e-02	2.08880591e-02	1.90528000e-01
2036            	9.02980236e-01	1.07971518e-02	-6.54175193e-02	2.07831774e-02	1.91269263e-01
2037            	9.02886970e-01	1.07539641e-02	-6.50265457e-02	2.06832025e-02	1.91247634e-01
2038            	9.02790547e-01	1.04796893e-02	-6.33033938e-02	2.06095399e-02	1.90679615e-01
2039            	9.02669054e-01	9.95122275e-03	-5.98578529e-02	2.05967616e-02	1.89102821e-01
2040            	9.02593362e-01	9.14904153e-03	-5.47868201e-02	2.06806344e-02	1.87814369e-01
2041            	9.02535807e-01	8.11568572e-03	-4.81138497e-02	2.08514293e-02	1.86478989e-01
2042            	9.02581545e-01	6.87706560e-03	-4.02474153e-02	2.10711831e-02	1.85078452e-01
2043            	9.02634301e-01	5.58884460e-03	-3.19966446e-02	2.12871355e-02	1.82852226e-01
2044            	9.02678527e-01	4.38847905e-03	-2.44710518e-02	2.14753312e-02	1.81046289e-01
2045            	9.02636683e-01	3.37345682e-03	-1.80459013e-02	2.16363625e-02	1.79546934e-01
2046            	9.02623292e-01	2.46162089e-03	-1.23510408e-02	2.17805563e-02	1.79028363e-01
2047            	9.02648489e-01	1.69332116e-03	-7.44139544e-03	2.19108273e-02	1.78781129e-01
2048            	9.02761030e-01	1.03912708e-03	-3.39474743e-03	2.20326812e-02	1.79198260e-01
2049            	9.02823111e-01	5.28596859e-04	-1.73331896e-04	2.21419767e-02	1.79527037e-01
2050            	9.02826138e-01	2.49151719e-04	1.44300579e-03	2.22539350e-02	1.80215684e-01
2051            	9.02722651e-01	3.23003148e-04	8.99690956e-04	2.23607055e-02	1.81111211e-01
2052            	9.02632654e-01	7.24113119e-04	-1.84014309e-03	2.24298829e-02	1.82436357e-01
2053            	9.02540001e-01	1.36953980e-03	-5.98146613e-03	2.24244030e-02	1.83540515e-01
2054            	9.02521627e-01	2.23381641e-03	-1.15633068e-02	2.23207491e-02	1.84811485e-01
2055            	9.02519001e-01	3.26850129e-03	-1.80313906e-02	2.21313195e-02	1.85735647e-01
2056            	9.02593686e-01	4.39924388e-03	-2.51814248e-02	2.18960684e-02	1.86391372e-01
2057            	9.02660139e-01	5.51901296e-03	-3.21908155e-02	2.16671893e-02	1.86352255e-01
2058            	9.02732871e-01	6.57825052e-03	-3.89788112e-02	2.14746138e-02	1.86663407e-01
2059            	9.02743376e-01	7.64221441e-03	-4.56924489e-02	2.13161276e-02	1.86788049e-01
2060            	9.02781697e-01	8.63233590e-03	-5.19931831e-02	2.11763526e-02	1.87434407e-01
2061            	9.02833561e-01	9.53764827e-03	-5.76031518e-02	2.10462912e-02	1.87996388e-01
2062            	9.02940018e-01	1.02237640e-02	-6.19241929e-02	2.09296756e-02	1.88967417e-01
2063            	9.02979512e-01	1.06360973e-02	-6.43922307e-02	2.08216429e-02	1.89718338e-01
2064            	9.02967077e-01	1.07732729e-02	-6.52336878e-02	2.07174763e-02	1.90346792e-01
2065            	9.02860306e-01	1.06676410e-02	-6.44458372e-02	2.06242457e-02	1.90136984e-01
2066            	9.02760543e-01	1.03224830e-02	-6.22769431e-02	2.05709373e-02	1.89495467e-01
2067            	9.02635434e-01	9.72766379e-03	-5.84258749e-02	2.05976533e-02	1.88189182e-01
2068            	9.02568772e-01	8.85202513e-03	-5.28783311e-02	2.07220881e-02	1.87280437e-01
2069            	9.02537914e-01	7.74466295e-03	-4.57298211e-02	2.09214148e-02	1.86179763e-01
2070            	9.02609929e-01	6.49591103e-03	-3.78146997e-02	2.11517891e-02	1.84930165e-01
2071            	9.02664813e-01	5.24908230e-03	-2.98532972e-02	2.13666144e-02	1.82924156e-01
2072            	9.02687754e-01	4.10555022e-03	-2.26996886e-02	2.15538505e-02	1.81440763e-01
2073            	9.02631023e-01	3.12520383e-03	-1.64782815e-02	2.17144822e-02	1.80360684e-01
2074            	9.02628418e-01	2.25203078e-03	-1.10247889e-02	2.18589297e-02	1.80264137e-01
2075            	9.02678706e-01	1.50105869e-03	-6.23776043e-03	2.19867026e-02	1.80281675e-01
2076            	9.02799095e-01	8.59330329e-04	-2.27289993e-03	2.21058737e-02	1.80768171e-01
2077            	9.02838312e-01	4.13780237e-04	5.31539194e-04	2.22143450e-02	1.81130971e-01
2078            	9.02808828e-01	2.38049067e-04	1.48090492e-03	2.23249237e-02	1.81928440e-01
2079            	9.02693774e-01	4.01903416e-04	3.60380608e-04	2.24210533e-02	1.82756856e-01
2080            	9.02608266e-01	8.56650141e-04	-2.70096080e-03	2.24657626e-02	1.83869972e-01
2081            	9.02526524e-01	1.56226522e-03	-7.19309459e-03	2.24205118e-02	1.84664063e-01
2082            	9.02516178e-01	2.48505419e-03	-1.31134008e-02	2.22754122e-02	1.85619889e-01
2083            	9.02528584e-01	3.54713426e-03	-1.97394488e-02	2.20565160e-02	1.86131431e-01
2084            	9.02621062e-01	4.67587346e-03	-2.68994939e-02	2.18116511e-02	1.86359298e-01
2085            	9.02693184e-01	5.78855871e-03	-3.38935734e-02	2.15868083e-02	1.86116612e-01
2086            	9.02750858e-01	6.85874568e-03	-4.07495204e-02	2.13976450e-02	1.86107729e-01
2087            	9.02747368e-01	7.91145775e-03	-4.73657400e-02	2.12395634e-02	1.85997449e-01
2088            	9.02790146e-01	8.86266829e-03	-5.34009545e-02	2.10967504e-02	1.86621800e-01
2089            	9.02859548e-01	9.69393424e-03	-5.85440595e-02	2.09683142e-02	1.87132598e-01
2090            	9.02969309e-01	1.02942249e-02	-6.23282803e-02	2.08539942e-02	1.88036298e-01
2091            	9.02987679e-01	1.06520921e-02	-6.44682400e-02	2.07480165e-02	1.88646084e-01
2092            	9.02947743e-01	1.07441915e-02	-6.50390199e-02	2.06480596e-02	1.89229910e-01
2093            	9.02827323e-01	1.05740419e-02	-6.38404794e-02	2.05685667e-02	1.88995714e-01
2094            	9.02729911e-01	1.01508066e-02	-6.11654165e-02	2.05431231e-02	1.88378200e-01
2095            	9.02610562e-01	9.47252765e-03	-5.67752876e-02	2.06102082e-02	1.87347196e-01
2096            	9.02557868e-01	8.53700535e-03	-5.08532746e-02	2.07725160e-02	1.86782669e-01
2097            	9.02552729e-01	7.39687661e-03	-4.35078522e-02	2.09955136e-02	1.85941743e-01
2098            	9.02641856e-01	6.14423935e-03	-3.55933177e-02	2.12342159e-02	1.84812708e-01
2099            	9.02691264e-01	4.93063580e-03	-2.78525374e-02	2.14490979e-02	1.83117463e-01
2100            	9.02690785e-01	3.84013751e-03	-2.10379530e-02	2.16337132e-02	1.81994169e-01
2101            	9.02624874e-01	2.87524238e-03	-1.48960100e-02	2.17902330e-02	1.81302202e-01
2102            	9.02639077e-01	2.03023929e-03	-9.61933235e-03	2.19326954e-02	1.81550333e-01
2103            	9.02716537e-01	1.29925378e-03	-4.96681823e-03	2.20584374e-02	1.81832523e-01
2104            	9.02836252e-01	6.96209903e-04	-1.26014588e-03	2.21723476e-02	1.82404346e-01
2105            	9.02846264e-01	3.19294340e-04	1.10248233e-03	2.22845733e-02	1.82688048e-01
2106            	9.02787017e-01	2.38108606e-04	1.45153301e-03	2.23939560e-02	1.83556197e-01
2107            	9.02663845e-01	4.95632391e-04	-2.55715300e-04	2.24760869e-02	1.84265538e-01
2108            	9.02585452e-01	1.00596982e-03	-3.64795182e-03	2.24889682e-02	1.85102629e-01
2109            	9.02513485e-01	1.76086667e-03	-8.42766091e-03	2.24009865e-02	1.85559439e-01
2110            	9.02513743e-01	2.72416660e-03	-1.45703706e-02	2.22157597e-02	1.86241940e-01
2111            	9.02545755e-01	3.81078198e-03	-2.13549571e-02	2.19749937e-02	1.86351736e-01
2112            	9.02652579e-01	4.95117356e-03	-2.86129214e-02	2.17269265e-02	1.86157769e-01
2113            	9.02720641e-01	6.06994486e-03	-3.56573407e-02	2.15064264e-02	1.85666447e-01
2114            	9.02760951e-01	7.15695201e-03	-4.26166378e-02	2.13217796e-02	1.85416741e-01
2115            	9.02747911e-01	8.17068244e-03	-4.89642687e-02	2.11661014e-02	1.85207151e-01
2116            	9.02800588e-01	9.07136060e-03	-5.46745583e-02	2.10247611e-02	1.85747241e-01
2117            	9.02884645e-01	9.83514492e-03	-5.94020236e-02	2.08990600e-02	1.86260160e-01
2118            	9.02988318e-01	1.03665391e-02	-6.27578356e-02	2.07867340e-02	1.87149623e-01
2119            	9.02982958e-01	1.06596163e-02	-6.44870294e-02	2.06815108e-02	1.87615033e-01
2120            	9.02920484e-01	1.06864653e-02	-6.46434470e-02	2.05874131e-02	1.88159259e-01
2121            	9.02792231e-01	1.04549750e-02	-6.30623422e-02	2.05257537e-02	1.87935452e-01
2122            	9.02694901e-01	9.96274158e-03	-5.99539000e-02	2.05325549e-02	1.87467240e-01
2123            	9.02583860e-01	9.20956730e-03	-5.50817025e-02	2.06388025e-02	1.86758703e-01
2124            	9.02555272e-01	8.21461026e-03	-4.87803676e-02	2.08334503e-02	1.86549647e-01
2125            	9.02578669e-01	7.04701576e-03	-4.12807549e-02	2.10742196e-02	1.85844946e-01
2126            	9.02677587e-01	5.81097523e-03	-3.34791559e-02	2.13131056e-02	1.84750467e-01
2127            	9.02707453e-01	4.64842514e-03	-2.60672906e-02	2.15257970e-02	1.83451331e-01
2128            	9.02683756e-01	3.60210315e-03	-1.95299744e-02	2.17095803e-02	1.82822788e-01
2129            	9.02619192e-01	2.65216474e-03	-1.34858837e-02	2.18659859e-02	1.82485566e-01
2130            	9.02660377e-01	1.80710611e-03	-8.21623222e-03	2.20057699e-02	1.82889960e-01
2131            	9.02755999e-01	1.09752675e-03	-3.70574675e-03	2.21326482e-02	1.83281993e-01
2132            	9.02856381e-01	5.67513520e-04	-4.66943543e-04	2.22512662e-02	1.83907809e-01
2133            	9.02834411e-01	2.76088740e-04	1.35117921e-03	2.23633408e-02	1.84251626e-01
2134            	9.02755611e-01	2.79166276e-04	1.16643633e-03	2.24602011e-02	1.85144562e-01
2135            	9.02629999e-01	6.07112112e-04	-9.71150115e-04	2.25153425e-02	1.85632426e-01
2136            	9.02556352e-01	1.17147629e-03	-4.67949059e-03	2.24886533e-02	1.86117430e-01
2137            	9.02495231e-01	1.98352587e-03	-9.79976418e-03	2.23595024e-02	1.86169092e-01
2138            	9.02516872e-01	2.97199148e-03	-1.60986706e-02	2.21455646e-02	1.86546613e-01
2139            	9.02571955e-01	4.09025075e-03	-2.30943198e-02	2.18881956e-02	1.86276652e-01
2140            	9.02684213e-01	5.24409526e-03	-3.04442984e-02	2.16387824e-02	1.85730835e-01
2141            	9.02736283e-01	6.36447431e-03	-3.74974565e-02	2.14235772e-02	1.84923796e-01
2142            	9.02759716e-01	7.43174741e-03	-4.43234120e-02	2.12451761e-02	1.84489511e-01
2143            	9.02745728e-01	8.39147388e-03	-5.03190037e-02	2.10884724e-02	1.84311488e-01
2144            	9.02820602e-01	9.24271301e-03	-5.57241884e-02	2.09471775e-02	1.84757272e-01
2145            	9.02914790e-01	9.94938904e-03	-6.00974793e-02	2.08239516e-02	1.85227592e-01
2146            	9.03000127e-01	1.04405396e-02	-6.32072514e-02	2.07144574e-02	1.86094538e-01
2147            	9.02965227e-01	1.06754509e-02	-6.45656074e-02	2.06140536e-02	1.86476867e-01
2148            	9.02884974e-01	1.06230387e-02	-6.42152198e-02	2.05333905e-02	1.86969700e-01
2149            	9.02754327e-01	1.03123112e-02	-6.21299515e-02	2.04964610e-02	1.86833873e-01
2150            	9.02653096e-01	9.74780654e-03	-5.85669019e-02	2.05438978e-02	1.86652510e-01
2151            	9.02552398e-01	8.92647560e-03	-5.32617454e-02	2.06885371e-02	1.86276576e-01
2152            	9.02552406e-01	7.87104983e-03	-4.65791101e-02	2.09098171e-02	1.86349119e-01
2153            	9.02605480e-01	6.69147464e-03	-3.90213785e-02	2.11611930e-02	1.85775822e-01
2154            	9.02704401e-01	5.48751605e-03	-3.14363204e-02	2.14001495e-02	1.84889661e-01
2155            	9.02704629e-01	4.36744220e-03	-2.42968005e-02	2.16098474e-02	1.83918457e-01
2156            	9.02663655e-01	3.34321368e-03	-1.78924751e-02	2.17886482e-02	1.83694532e-01
2157            	9.02612136e-01	2.42039786e-03	-1.20241484e-02	2.19449104e-02	1.83737233e-01
2158            	9.02685771e-01	1.59581844e-03	-6.88844271e-03	2.20812149e-02	1.84318300e-01
2159            	9.02788083e-01	9.18681207e-04	-2.58666403e-03	2.22038832e-02	1.84744976e-01
2160            	9.02866342e-01	4.48393337e-04	2.67809789e-04	2.23187153e-02	1.85433418e-01
2161            	9.02810520e-01	2.41434605e-04	1.54243838e-03	2.24255458e-02	1.85825413e-01
2162            	9.02718397e-01	3.28431919e-04	8.27098926e-04	2.25083055e-02	1.86534999e-01
2163            	9.02597597e-01	7.19318158e-04	-1.69329925e-03	2.25370580e-02	1.86690520e-01
2164            	9.02532417e-01	1.35592337e-03	-5.83946834e-03	2.24697987e-02	1.86872782e-01
2165            	9.02480004e-01	2.22243452e-03	-1.12742908e-02	2.22981324e-02	1.86646911e-01
2166            	9.02520361e-01	3.23549174e-03	-1.77237622e-02	2.20582842e-02	1.86670183e-01
2167            	9.02597925e-01	4.37181034e-03	-2.48447524e-02	2.17948516e-02	1.85966598e-01
2168            	9.02714273e-01	5.53117695e-03	-3.22534884e-02	2.15511589e-02	1.85128323e-01
2169            	9.02742991e-01	6.64769836e-03	-3.92840907e-02	2.13413295e-02	1.84050735e-01
2170            	9.02750821e-01	7.67863294e-03	-4.58616264e-02	2.11656998e-02	1.83501208e-01
2171            	9.02746158e-01	8.60356377e-03	-5.16276754e-02	2.10091352e-02	1.83299582e-01
2172            	9.02842561e-01	9.40655897e-03	-5.67277173e-02	2.08729284e-02	1.83778048e-01
2173            	9.02937556e-01	1.00465059e-02	-6.06843118e-02	2.07564082e-02	1.84248322e-01
2174            	9.03000198e-01	1.04823971e-02	-6.34552090e-02	2.06527182e-02	1.85048826e-01
2175            	9.02938346e-01	1.06622727e-02	-6.44692796e-02	2.05581076e-02	1.85454241e-01
2176            	9.02845917e-01	1.05390990e-02	-6.36617700e-02	2.04924238e-02	1.85988901e-01
2177            	9.02713691e-01	1.01615952e-02	-6.11522610e-02	2.04843377e-02	1.85966910e-01
2178            	9.02618791e-01	9.51911642e-03	-5.70944277e-02	2.05721081e-02	1.86090811e-01
2179            	9.02537277e-01	8.62699587e-03	-5.13457682e-02	2.07541112e-02	1.86061155e-01
2180            	9.02568379e-01	7.53188410e-03	-4.44248246e-02	2.09981766e-02	1.86377337e-01
2181            	9.02642848e-01	6.34954360e-03	-3.68634923e-02	2.12559841e-02	1.85873378e-01
2182            	9.02730330e-01	5.18743802e-03	-2.95538394e-02	2.14923076e-02	1.85314771e-01
2183            	9.02695880e-01	4.09925169e-03	-2.26131482e-02	2.16965216e-02	1.84655845e-01
2184            	9.02645414e-01	3.09327130e-03	-1.63165080e-02	2.18692440e-02	1.84710371e-01
2185            	9.02622574e-01	2.17956562e-03	-1.05065462e-02	2.20231921e-02	1.85038629e-01
2186            	9.02729164e-01	1.37008109e-03	-5.47480520e-03	2.21613277e-02	1.85804868e-01
2187            	9.02824660e-01	7.52788098e-04	-1.56231615e-03	2.22839306e-02	1.86279506e-01
2188            	9.02870034e-01	3.60649796e-04	7.98692660e-04	2.23940559e-02	1.86927956e-01
2189            	9.02782652e-01	2.26782601e-04	1.61474905e-03	2.24896046e-02	1.87276979e-01
2190            	9.02681693e-01	3.85388266e-04	4.52394338e-04	2.25511646e-02	1.87734708e-01
2191            	9.02565922e-01	8.29003852e-04	-2.37847148e-03	2.25401947e-02	1.87514616e-01
2192            	9.02512747e-01	1.53321810e-03	-6.93294320e-03	2.24307068e-02	1.87374465e-01
2193            	9.02478764e-01	2.45229594e-03	-1.26964641e-02	2.22258059e-02	1.86926113e-01
2194            	9.02539812e-01	3.51907731e-03	-1.94792717e-02	2.19626997e-02	1.86569116e-01
2195            	9.02629336e-01	4.68430439e-03	-2.67920440e-02	2.16956423e-02	1.85412770e-01
2196            	9.02736792e-01	5.83712486e-03	-3.41618581e-02	2.14577821e-02	1.84307625e-01
2197            	9.02741851e-01	6.92716918e-03	-4.10170904e-02	2.12558078e-02	1.82986131e-01
2198            	9.02739108e-01	7.91571537e-03	-4.73219731e-02	2.10839874e-02	1.82416056e-01
2199            	9.02753660e-01	8.79182291e-03	-5.27841419e-02	2.09292156e-02	1.82271275e-01
2200            	9.02871332e-01	9.54186328e-03	-5.75555326e-02	2.07972315e-02	1.82776393e-01
2201            	9.02958429e-01	1.01410278e-02	-6.12576468e-02	2.06835005e-02	1.83205780e-01
2202            	9.02991241e-01	1.05195049e-02	-6.36606350e-02	2.05846482e-02	1.83916854e-01
2203            	9.02903757e-01	1.06155964e-02	-6.41387533e-02	2.05035044e-02	1.84465420e-01
2204            	9.02802970e-01	1.04062329e-02	-6.27835535e-02	2.04599027e-02	1.85159285e-01
2205            	9.02672849e-01	9.96809656e-03	-5.98859718e-02	2.04869133e-02	1.85325600e-01
2206            	9.02587348e-01	9.25861811e-03	-5.54066148e-02	2.06144529e-02	1.85725218e-01
2207            	9.02532076e-01	8.30395055e-03	-4.92763286e-02	2.08310956e-02	1.86041595e-01
2208            	9.02592797e-01	7.17647780e-03	-4.21830705e-02	2.10946483e-02	1.86485939e-01
2209            	9.02669453e-01	6.02001745e-03	-3.47984413e-02	2.13543301e-02	1.86111917e-01
2210            	9.02730438e-01	4.89789246e-03	-2.77508564e-02	2.15876586e-02	1.85926494e-01
2211            	9.02674800e-01	3.82660683e-03	-2.09061097e-02	2.17874069e-02	1.85593956e-01
2212            	9.02633535e-01	2.82212219e-03	-1.46104251e-02	2.19568870e-02	1.85937905e-01
2213            	9.02641331e-01	1.91874074e-03	-8.86054084e-03	2.21045376e-02	1.86431385e-01
2214            	9.02763882e-01	1.14720971e-03	-4.07468103e-03	2.22351978e-02	1.87320976e-01
2215            	9.02838427e-01	6.01983397e-04	-6.34851309e-04	2.23515791e-02	1.87815225e-01
2216            	9.02847443e-01	2.94812232e-04	1.17302038e-03	2.24553863e-02	1.88429906e-01
2217            	9.02741952e-01	2.41425837e-04	1.48774488e-03	2.25359436e-02	1.88698353e-01
2218            	9.02642564e-01	4.74862948e-04	-1.23723668e-04	2.25720191e-02	1.88799098e-01
2219            	9.02532455e-01	9.87403664e-04	-3.36626474e-03	2.25222858e-02	1.88131712e-01
2220            	9.02487830e-01	1.73928923e-03	-8.20657279e-03	2.23710793e-02	1.87644933e-01
2221            	9.02473476e-01	2.69580124e-03	-1.42038210e-02	2.21348692e-02	1.87008738e-01
2222            	9.02559144e-01	3.79753978e-03	-2.12087047e-02	2.18580731e-02	1.86339973e-01
2223            	9.02657432e-01	4.99428335e-03	-2.87278287e-02	2.15917297e-02	1.84749037e-01
2224            	9.02745990e-01	6.15078680e-03	-3.61262735e-02	2.13620678e-02	1.83369968e-01
2225            	9.02729279e-01	7.20620574e-03	-4.27596353e-02	2.11684516e-02	1.81889080e-01
2226            	9.02724930e-01	8.14354086e-03	-4.87342198e-02	2.10010422e-02	1.81371159e-01
2227            	9.02760921e-01	8.95787104e-03	-5.38022919e-02	2.08516391e-02	1.81233583e-01
2228            	9.02891587e-01	9.65870069e-03	-5.82662051e-02	2.07252645e-02	1.81795937e-01
2229            	9.02962771e-01	1.02134000e-02	-6.16937539e-02	2.06168942e-02	1.82255100e-01
2230            	9.02968210e-01	1.05271861e-02	-6.36832138e-02	2.05246689e-02	1.82947594e-01
2231            	9.02861845e-01	1.05422564e-02	-6.36403066e-02	2.04591801e-02	1.83592276e-01
2232            	9.02756904e-01	1.02700125e-02	-6.18917042e-02	2.04429172e-02	1.84475224e-01
2233            	9.02630819e-01	9.74851292e-03	-5.84678187e-02	2.05070780e-02	1.84884881e-01
2234            	9.02561834e-01	8.96495153e-03	-5.35241012e-02	2.06718549e-02	1.85597554e-01
2235            	9.02537688e-01	7.96267016e-03	-4.71108116e-02	2.09162194e-02	1.86224559e-01
2236            	9.02626430e-01	6.83788871e-03	-4.00419923e-02	2.11881627e-02	1.86820335e-01
2237            	9.02703523e-01	5.71201599e-03	-3.28392310e-02	2.14458359e-02	1.86602653e-01
2238            	9.02734097e-01	4.62093900e-03	-2.59681947e-02	2.16752815e-02	1.86719511e-01
2239            	9.02657325e-01	3.56719035e-03	-1.92463584e-02	2.18723648e-02	1.86706527e-01
2240            	9.02629232e-01	2.55279271e-03	-1.29117613e-02	2.20425901e-02	1.87318823e-01
2241            	9.02673383e-01	1.64746124e-03	-7.15888414e-03	2.21856610e-02	1.87903016e-01
2242            	9.02803748e-01	9.46087249e-04	-2.82267169e-03	2.23080005e-02	1.88886453e-01
2243            	9.02854254e-01	4.85182772e-04	9.29982183e-05	2.24147610e-02	1.89455743e-01
2244            	9.02829663e-01	2.39165834e-04	1.52204060e-03	2.25079562e-02	1.89936967e-01
2245            	9.02706484e-01	2.56227483e-04	1.39251375e-03	2.25716267e-02	1.89888728e-01
2246            	9.02609171e-01	5.58296910e-04	-6.43583038e-04	2.25776657e-02	1.89568794e-01
2247            	9.02506980e-01	1.13415445e-03	-4.26707255e-03	2.24882058e-02	1.88628190e-01
2248            	9.02476606e-01	1.94328734e-03	-9.45836179e-03	2.22976744e-02	1.87868813e-01
2249            	9.02481345e-01	2.95793241e-03	-1.58102753e-02	2.20299258e-02	1.86927994e-01
2250            	9.02591927e-01	4.10103551e-03	-2.31097885e-02	2.17508071e-02	1.85823151e-01
2251            	9.02689523e-01	5.30067939e-03	-3.06700209e-02	2.14945551e-02	1.83787259e-01
2252            	9.02749632e-01	6.43401876e-03	-3.79068163e-02	2.12727325e-02	1.82161198e-01
2253            	9.02712395e-01	7.45305604e-03	-4.42957825e-02	2.10832921e-02	1.80712289e-01
2254            	9.02719813e-01	8.32868178e-03	-4.98750483e-02	2.09160034e-02	1.80310679e-01
2255            	9.02785229e-01	9.10681836e-03	-5.47216318e-02	2.07732557e-02	1.80215547e-01
2256            	9.02920807e-01	9.79120338e-03	-5.90976291e-02	2.06557190e-02	1.80757527e-01
2257            	9.02968507e-01	1.03093016e-02	-6.23006364e-02	2.05559272e-02	1.81169394e-01
2258            	9.02944584e-01	1.05424578e-02	-6.37694410e-02	2.04746531e-02	1.81963153e-01
2259            	9.02823540e-01	1.04665100e-02	-6.31319462e-02	2.04273223e-02	1.82766445e-01
2260            	9.02715260e-01	1.01280210e-02	-6.09551320e-02	2.04424273e-02	1.83915871e-01
2261            	9.02595449e-01	9.53210367e-03	-5.70655594e-02	2.05461297e-02	1.84634970e-01
2262            	9.02550174e-01	8.67299521e-03	-5.16632651e-02	2.07475115e-02	1.85668234e-01
2263            	9.02559437e-01	7.64075070e-03	-4.50736608e-02	2.10129247e-02	1.86536246e-01
2264            	9.02665119e-01	6.52632509e-03	-3.80791221e-02	2.12916344e-02	1.87198528e-01
2265            	9.02723725e-01	5.42684199e-03	-3.10444772e-02	2.15463655e-02	1.87241881e-01
2266            	9.02720013e-01	4.32174477e-03	-2.40718716e-02	2.17693191e-02	1.87604065e-01
2267            	9.02639333e-01	3.27256626e-03	-1.73751239e-02	2.19574751e-02	1.87905078e-01
2268            	9.02639880e-01	2.27609600e-03	-1.11581891e-02	2.21218005e-02	1.88775042e-01
2269            	9.02710130e-01	1.40695761e-03	-5.64503105e-03	2.22628230e-02	1.89432560e-01
2270            	9.02833760e-01	7.69142881e-04	-1.72374582e-03	2.23819116e-02	1.90407147e-01
2271            	9.02853416e-01	3.81834946e-04	7.24080634e-04	2.24816451e-02	1.90908170e-01
2272            	9.02800424e-01	1.91838654e-04	1.81333880e-03	2.25608981e-02	1.91243166e-01
2273            	9.02668616e-01	2.68586246e-04	1.32395459e-03	2.26000279e-02	1.90841417e-01
2274            	9.02573488e-01	6.47323863e-04	-1.19005633e-03	2.25699486e-02	1.90084514e-01
2275            	9.02479161e-01	1.29643671e-03	-5.26772520e-03	2.24381915e-02	1.88829511e-01
2276            	9.02467607e-01	2.15846939e-03	-1.07876653e-02	2.22129607e-02	1.87839177e-01
2277            	9.02501385e-01	3.20694145e-03	-1.73578057e-02	2.19300959e-02	1.86554775e-01
2278            	9.02630094e-01	4.39492163e-03	-2.49439975e-02	2.16479336e-02	1.84974698e-01
2279            	9.02712757e-01	5.60865620e-03	-3.25958930e-02	2.13960045e-02	1.82694179e-01
2280            	9.02740210e-01	6.69405068e-03	-3.95209775e-02	2.11812086e-02	1.80883818e-01
2281            	9.02695049e-01	7.66842604e-03	-4.56273289e-02	2.09959249e-02	1.79424248e-01
2282            	9.02729506e-01	8.49955842e-03	-5.09334029e-02	2.08330916e-02	1.79128689e-01
2283            	9.02819337e-01	9.24550672e-03	-5.55848201e-02	2.06963640e-02	1.79127475e-01
2284            	9.02948780e-01	9.89900597e-03	-5.97717653e-02	2.05908704e-02	1.79654852e-01
2285            	9.02965606e-01	1.03718648e-02	-6.26827764e-02	2.05027650e-02	1.80077729e-01
2286            	9.02912352e-01	1.05294809e-02	-6.36590211e-02	2.04373702e-02	1.81135147e-01
2287            	9.02781796e-01	1.03665785e-02	-6.24666797e-02	2.04129188e-02	1.82222373e-01
2288            	9.02678740e-01	9.94829037e-03	-5.97864034e-02	2.04606154e-02	1.83524635e-01
2289            	9.02568883e-01	9.28273296e-03	-5.54746586e-02	2.06060086e-02	1.84492558e-01
2290            	9.02549919e-01	8.36815807e-03	-4.97329001e-02	2.08398713e-02	1.85874543e-01
2291            	9.02590091e-01	7.30471619e-03	-4.29599361e-02	2.11196027e-02	1.86941000e-01
2292            	9.02701959e-01	6.20815750e-03	-3.60700749e-02	2.13987801e-02	1.87804377e-01
2293            	9.02734072e-01	5.13253485e-03	-2.91760340e-02	2.16492654e-02	1.88120107e-01
2294            	9.02699673e-01	4.03043748e-03	-2.22260426e-02	2.18653845e-02	1.88633379e-01
2295            	9.02623117e-01	2.97756775e-03	-1.55248888e-02	2.20488291e-02	1.89098053e-01
2296            	9.02658929e-01	1.99566344e-03	-9.40533338e-03	2.22060250e-02	1.90195370e-01
2297            	9.02749895e-01	1.19127794e-03	-4.30554228e-03	2.23386436e-02	1.91022208e-01
2298            	9.02856781e-01	6.27676750e-04	-8.46570848e-04	2.24502266e-02	1.91947848e-01
2299            	9.02840387e-01	2.99671069e-04	1.22734812e-03	2.25410185e-02	1.92218235e-01
2300            	9.02761273e-01	1.77847939e-04	1.88545101e-03	2.26039115e-02	1.92315583e-01
2301            	9.02627402e-01	3.31058770e-04	9.21083018e-04	2.26156191e-02	1.91503067e-01
2302            	9.02541996e-01	7.76362870e-04	-1.99362425e-03	2.25470226e-02	1.90333929e-01
2303            	9.02463747e-01	1.48186141e-03	-6.41680452e-03	2.23751865e-02	1.88765554e-01
2304            	9.02473708e-01	2.40714122e-03	-1.23389549e-02	2.21188449e-02	1.87559713e-01
2305            	9.02534964e-01	3.50363767e-03	-1.92362841e-02	2.18281389e-02	1.85913540e-01
2306            	9.02667814e-01	4.71471159e-03	-2.69757574e-02	2.15485487e-02	1.83819560e-01
2307            	9.02725557e-01	5.90535641e-03	-3.44564764e-02	2.12996560e-02	1.81373817e-01
2308            	9.02725881e-01	6.95320406e-03	-4.11304977e-02	2.10884043e-02	1.79495188e-01
2309            	9.02686061e-01	7.88132204e-03	-4.69527719e-02	2.09094753e-02	1.78139847e-01
2310            	9.02751207e-01	8.67028234e-03	-5.20030647e-02	2.07566715e-02	1.77962083e-01
2311            	9.02860404e-01	9.40603755e-03	-5.66050902e-02	2.06347235e-02	1.78001789e-01
2312            	9.02968845e-01	1.00241014e-02	-6.05660642e-02	2.05328427e-02	1.78553829e-01
2313            	9.02951766e-01	1.04156288e-02	-6.29453857e-02	2.04502759e-02	1.79108556e-01
2314            	9.02876085e-01	1.04787100e-02	-6.33060998e-02	2.04011770e-02	1.80478281e-01
2315            	9.02740141e-01	1.02511134e-02	-6.17011154e-02	2.04062141e-02	1.81850474e-01
2316            	9.02643452e-01	9.77024976e-03	-5.86353185e-02	2.04922969e-02	1.83361253e-01
2317            	9.02553930e-01	9.03112394e-03	-5.38802234e-02	2.06750316e-02	1.84592736e-01
2318            	9.02565284e-01	8.07488126e-03	-4.79071407e-02	2.09355502e-02	1.86298548e-01
2319            	9.02626757e-01	7.02330820e-03	-4.12000424e-02	2.12217799e-02	1.87519281e-01
2320            	9.02728391e-01	5.94223995e-03	-3.43898012e-02	2.14991900e-02	1.88504678e-01
2321            	9.02728864e-01	4.84958478e-03	-2.73726146e-02	2.17445537e-02	1.89079402e-01
2322            	9.02678122e-01	3.75288261e-03	-2.04756672e-02	2.19551874e-02	1.89843373e-01
2323            	9.02621224e-01	2.69412794e-03	-1.37502965e-02	2.21326251e-02	1.90528086e-01
2324            	9.02689053e-01	1.72790695e-03	-7.72895808e-03	2.22866849e-02	1.91668328e-01
2325            	9.02787258e-01	9.98704936e-04	-3.10696092e-03	2.24142473e-02	1.92555441e-01
2326            	9.02866036e-01	5.18975557e-04	-1.81402777e-04	2.25180322e-02	1.93435454e-01
2327            	9.02817473e-01	2.38860971e-04	1.59968455e-03	2.25953015e-02	1.93434640e-01
2328            	9.02723606e-01	1.73226123e-04	1.91990461e-03	2.26348236e-02	1.93203355e-01
2329            	9.02590840e-01	4.09430440e-04	4.42179443e-04	2.26122699e-02	1.91880888e-01
2330            	9.02509087e-01	9.28228636e-04	-2.91908480e-03	2.25004697e-02	1.90334563e-01
2331            	9.02447327e-01	1.69328072e-03	-7.72398718e-03	2.22929188e-02	1.88482370e-01
2332            	9.02487785e-01	2.66992082e-03	-1.39889440e-02	2.20182658e-02	1.87058473e-01
2333            	9.02571618e-01	3.81374179e-03	-2.11930965e-02	2.17249921e-02	1.85022678e-01
2334            	9.02694138e-01	5.04877410e-03	-2.90733561e-02	2.14466647e-02	1.82505258e-01
2335            	9.02721213e-01	6.19579887e-03	-3.62558625e-02	2.12011724e-02	1.79878325e-01
2336            	9.02706965e-01	7.20424548e-03	-4.26896259e-02	2.09970387e-02	1.78059766e-01
2337            	9.02685516e-01	8.07001593e-03	-4.81302892e-02	2.08253332e-02	1.76882659e-01
2338            	9.02780009e-01	8.82469849e-03	-5.29731933e-02	2.06861785e-02	1.76732974e-01
2339            	9.02891623e-01	9.55216973e-03	-5.75356113e-02	2.05754438e-02	1.76818703e-01
2340            	9.02971347e-01	1.01383096e-02	-6.12908846e-02	2.04821466e-02	1.77512485e-01
2341            	9.02924348e-01	1.04477332e-02	-6.31253864e-02	2.04113671e-02	1.78294946e-01
2342            	9.02836126e-01	1.04142908e-02	-6.28549633e-02	2.03820427e-02	1.79939332e-01
2343            	9.02702763e-01	1.01087586e-02	-6.07582448e-02	2.04186126e-02	1.81587714e-01
2344            	9.02614148e-01	9.55440587e-03	-5.72471633e-02	2.05413772e-02	1.83376738e-01
2345            	9.02544655e-01	8.75625564e-03	-5.21416110e-02	2.07571540e-02	1.84943379e-01
2346            	9.02585345e-01	7.78220935e-03	-4.60611863e-02	2.10361011e-02	1.86935290e-01
2347            	9.02660858e-01	6.72943164e-03	-3.93459863e-02	2.13301566e-02	1.88273845e-01
2348            	9.02744776e-01	5.65921934e-03	-3.25844977e-02	2.16028752e-02	1.89400734e-01
2349            	9.02715015e-01	4.55561689e-03	-2.54926368e-02	2.18398384e-02	1.90140465e-01
2350            	9.02660314e-01	3.46478012e-03	-1.86505694e-02	2.20440638e-02	1.91179418e-01
2351            	9.02629298e-01	2.40196747e-03	-1.19097624e-02	2.22169400e-02	1.92059323e-01
2352            	9.02721727e-01	1.47894525e-03	-6.16846879e-03	2.23626573e-02	1.93191585e-01
2353            	9.02815737e-01	8.28200872e-04	-2.04351284e-03	2.24791563e-02	1.94061395e-01
2354            	9.02864771e-01	4.12421623e-04	4.88169898e-04	2.25699506e-02	1.94824262e-01
2355            	9.02787704e-01	1.82674758e-04	1.96193883e-03	2.26301643e-02	1.94538914e-01
2356            	9.02685011e-01	1.84497888e-04	1.86307850e-03	2.26449861e-02	1.93816475e-01
2357            	9.02556951e-01	4.98400074e-04	-1.00946510e-04	2.25896971e-02	1.92034395e-01
2358            	9.02486117e-01	1.07977267e-03	-3.84991467e-03	2.24390070e-02	1.90220371e-01
2359            	9.02444274e-01	1.91422988e-03	-9.10024810e-03	2.21989911e-02	1.88141185e-01
2360            	9.02510285e-01	2.94793266e-03	-1.57271971e-02	2.19060184e-02	1.86435827e-01
2361            	9.02608054e-01	4.14932842e-03	-2.32896093e-02	2.16094537e-02	1.83859287e-01
2362            	9.02714911e-01	5.37722275e-03	-3.11142699e-02	2.13390891e-02	1.81027633e-01
2363            	9.02712531e-01	6.47533087e-03	-3.79940315e-02	2.11045458e-02	1.78302595e-01
2364            	9.02695027e-01	7.43190159e-03	-4.41212035e-02	2.09069577e-02	1.76601291e-01
2365            	9.02696005e-01	8.24035618e-03	-4.92055342e-02	2.07400085e-02	1.75624191e-01
2366            	9.02809604e-01	8.99272758e-03	-5.40366633e-02	2.06089382e-02	1.75590728e-01
2367            	9.02910697e-01	9.70703068e-03	-5.85106796e-02	2.05102911e-02	1.75709849e-01
2368            	9.02967261e-01	1.02341866e-02	-6.18788315e-02	2.04382539e-02	1.76516916e-01
2369            	9.02894158e-01	1.04510818e-02	-6.31122763e-02	2.03899891e-02	1.77636856e-01
2370            	9.02792400e-01	1.03367519e-02	-6.23261491e-02	2.03872451e-02	1.79655789e-01
2371            	9.02657758e-01	9.96396397e-03	-5.98079997e-02	2.04545809e-02	1.81524642e-01
2372            	9.02586521e-01	9.32675268e-03	-5.57890464e-02	2.06124059e-02	1.83563912e-01
2373            	9.02549824e-01	8.47736684e-03	-5.03731229e-02	2.08543599e-02	1.85462268e-01
2374            	9.02615648e-01	7.48525690e-03	-4.41911052e-02	2.11499335e-02	1.87629472e-01
2375            	9.02690024e-01	6.45731617e-03	-3.76257873e-02	2.14492971e-02	1.89133962e-01
2376            	9.02744036e-01	5.38459318e-03	-3.08422708e-02	2.17181008e-02	1.90489909e-01
2377            	9.02684167e-01	4.26146208e-03	-2.36327384e-02	2.19457450e-02	1.91347715e-01
2378            	9.02642373e-01	3.14373551e-03	-1.66261665e-02	2.21365242e-02	1.92453817e-01
2379            	9.02648204e-01	2.09526272e-03	-9.97090634e-03	2.22971676e-02	1.93473477e-01
2380            	9.02754709e-01	1.25516084e-03	-4.76334753e-03	2.24329118e-02	1.94742559e-01
2381            	9.02827709e-01	6.92186599e-04	-1.20058243e-03	2.25396995e-02	1.95583743e-01
2382            	9.02847519e-01	3.26486112e-04	1.01759935e-03	2.26163364e-02	1.96046658e-01
2383            	9.02749908e-01	1.41373168e-04	2.22591865e-03	2.26566143e-02	1.95390123e-01
2384            	9.02645163e-01	2.10454962e-04	1.71588638e-03	2.26414959e-02	1.94157600e-01
2385            	9.02521023e-01	6.03305735e-04	-7.37378922e-04	2.25499673e-02	1.91934633e-01
2386            	9.02465348e-01	1.25003999e-03	-4.90254446e-03	2.23633943e-02	1.89861773e-01
2387            	9.02448860e-01	2.14987128e-03	-1.05719435e-02	2.20967127e-02	1.87619116e-01
2388            	9.02543682e-01	3.24447802e-03	-1.75809888e-02	2.17941362e-02	1.85562113e-01
2389            	9.02647650e-01	4.49694040e-03	-2.54667204e-02	2.14973859e-02	1.82498021e-01
2390            	9.02730770e-01	5.70293750e-03	-3.31519673e-02	2.12350238e-02	1.79507281e-01
2391            	9.02697574e-01	6.74726139e-03	-3.96969866e-02	2.10134403e-02	1.76719747e-01
2392            	9.02684746e-01	7.63528862e-03	-4.53924598e-02	2.08263151e-02	1.75124706e-01
2393            	9.02716752e-01	8.40288739e-03	-5.02167414e-02	2.06651347e-02	1.74355065e-01
2394            	9.02850649e-01	9.15839403e-03	-5.50779927e-02	2.05376896e-02	1.74476876e-01
2395            	9.02938243e-01	9.85112922e-03	-5.94145938e-02	2.04433578e-02	1.74667262e-01
2396            	9.02960035e-01	1.03095842e-02	-6.23298861e-02	2.03785746e-02	1.75648341e-01
2397            	9.02859740e-01	1.04271432e-02	-6.29170923e-02	2.03513018e-02	1.77192543e-01
2398            	9.02749730e-01	1.02156831e-02	-6.15092903e-02	2.03811857e-02	1.79587569e-01
2399            	9.02623224e-01	9.76898776e-03	-5.85438600e-02	2.04871776e-02	1.81652894e-01
2400            	9.02575922e-01	9.08225051e-03	-5.42295541e-02	2.06788940e-02	1.84005007e-01
2401            	9.02570238e-01	8.20556008e-03	-4.86603659e-02	2.09449711e-02	1.86233586e-01
2402            	9.02654079e-01	7.20522614e-03	-4.24222021e-02	2.12515742e-02	1.88577842e-01
2403            	9.02715503e-01	6.18085766e-03	-3.58543166e-02	2.15495490e-02	1.90181714e-01
2404            	9.02738502e-01	5.07586258e-03	-2.88676159e-02	2.18146116e-02	1.91707456e-01
2405            	9.02662426e-01	3.94483610e-03	-2.16368010e-02	2.20365005e-02	1.92712859e-01
2406            	9.02641730e-01	2.83480649e-03	-1.46942665e-02	2.22176051e-02	1.93999490e-01
2407            	9.02675376e-01	1.83276040e-03	-8.33381193e-03	2.23731612e-02	1.95111583e-01
2408            	9.02793392e-01	1.06267590e-03	-3.55744799e-03	2.25019327e-02	1.96405217e-01
2409            	9.02842218e-01	5.60907787e-04	-3.73774972e-04	2.26001741e-02	1.97027348e-01
2410            	9.02829020e-01	2.42620483e-04	1.54661040e-03	2.26621203e-02	1.97101034e-01
2411            	9.02710615e-01	1.18348014e-04	2.37641327e-03	2.26767923e-02	1.96096688e-01
2412            	9.02602603e-01	2.77129241e-04	1.30865696e-03	2.26283031e-02	1.94363596e-01
2413            	9.02489155e-01	7.35072532e-04	-1.54295257e-03	2.24992600e-02	1.91732027e-01
2414            	9.02453982e-01	1.45070051e-03	-6.14736322e-03	2.22784317e-02	1.89352869e-01
2415            	9.02469104e-01	2.40296378e-03	-1.21688874e-02	2.19946045e-02	1.86915466e-01
2416            	9.02582120e-01	3.55250046e-03	-1.95286317e-02	2.16872510e-02	1.84462789e-01
2417            	9.02670129e-01	4.82176285e-03	-2.74951574e-02	2.13911465e-02	1.80973201e-01
2418            	9.02722447e-01	5.97539550e-03	-3.48298734e-02	2.11318682e-02	1.77890003e-01
2419            	9.02679145e-01	6.97503849e-03	-4.11133118e-02	2.09145174e-02	1.75145750e-01
2420            	9.02686199e-01	7.81974911e-03	-4.65599820e-02	2.07366177e-02	1.73782252e-01
2421            	9.02745250e-01	8.58088145e-03	-5.13528901e-02	2.05924336e-02	1.73133600e-01
2422            	9.02880415e-01	9.33012644e-03	-5.61715273e-02	2.04819507e-02	1.73348529e-01
2423            	9.02939373e-01	9.97219138e-03	-6.01729356e-02	2.04021830e-02	1.73772858e-01
2424            	9.02934875e-01	1.03376218e-02	-6.24785577e-02	2.03583038e-02	1.75080630e-01
2425            	9.02819440e-01	1.03723201e-02	-6.25284957e-02	2.03553862e-02	1.77036020e-01
2426            	9.02709350e-01	1.00940722e-02	-6.07073413e-02	2.04143339e-02	1.79693666e-01
2427            	9.02597142e-01	9.58130710e-03	-5.73504159e-02	2.05511116e-02	1.81995212e-01
2428            	9.02575078e-01	8.83956368e-03	-5.27176887e-02	2.07723573e-02	1.84633133e-01
2429            	9.02594932e-01	7.93541207e-03	-4.69815258e-02	2.10581125e-02	1.87128581e-01
2430            	9.02686695e-01	6.94459040e-03	-4.07756456e-02	2.13705303e-02	1.89687267e-01
2431            	9.02724730e-01	5.90722642e-03	-3.41081202e-02	2.16653191e-02	1.91354700e-01
2432            	9.02720944e-01	4.79171678e-03	-2.70534023e-02	2.19189825e-02	1.92982371e-01
2433            	9.02646912e-01	3.64619349e-03	-1.97503492e-02	2.21307636e-02	1.94134863e-01
2434            	9.02651666e-01	2.51826883e-03	-1.27019427e-02	2.23052465e-02	1.95533540e-01
2435            	9.02704855e-01	1.57555551e-03	-6.72262489e-03	2.24520894e-02	1.96630927e-01
2436            	9.02816329e-01	9.00922527e-04	-2.55463687e-03	2.25679790e-02	1.97922213e-01
2437            	9.02836225e-01	4.57348649e-04	2.72032700e-04	2.26490462e-02	1.98351839e-01
2438            	9.02796449e-01	1.74844268e-04	1.98798852e-03	2.26903379e-02	1.97963362e-01
2439            	9.02669080e-01	1.12380268e-04	2.43824079e-03	2.26774147e-02	1.96364580e-01
2440            	9.02564816e-01	3.53359633e-04	8.51350558e-04	2.25966700e-02	1.94127978e-01
2441            	9.02464695e-01	8.80681510e-04	-2.44249505e-03	2.24340333e-02	1.91233409e-01
2442            	9.02453166e-01	1.66123195e-03	-7.47495594e-03	2.21857609e-02	1.88647604e-01
2443            	9.02490123e-01	2.69664256e-03	-1.40096220e-02	2.18814762e-02	1.85976645e-01
2444            	9.02612227e-01	3.90068628e-03	-2.17117817e-02	2.15717236e-02	1.82995986e-01
2445            	9.02685394e-01	5.15491796e-03	-2.95926079e-02	2.12851675e-02	1.79144626e-01
2446            	9.02711236e-01	6.25442731e-03	-3.65872518e-02	2.10375182e-02	1.76057192e-01
2447            	9.02667415e-01	7.18725012e-03	-4.24526186e-02	2.08292309e-02	1.73567361e-01
2448            	9.02697195e-01	7.97932582e-03	-4.75671562e-02	2.06569204e-02	1.72464238e-01
2449            	9.02777159e-01	8.75504093e-03	-5.24641924e-02	2.05204198e-02	1.71893675e-01
2450            	9.02908760e-01	9.51575147e-03	-5.73596960e-02	2.04216349e-02	1.72189518e-01
2451            	9.02942831e-01	1.01042491e-02	-6.10038409e-02	2.03589183e-02	1.72860812e-01
2452            	9.02906097e-01	1.03723120e-02	-6.26687540e-02	2.03309686e-02	1.74600440e-01
2453            	9.02775595e-01	1.03082633e-02	-6.20826333e-02	2.03539307e-02	1.77014615e-01
2454            	9.02670952e-01	9.95984783e-03	-5.98270835e-02	2.04457966e-02	1.79965936e-01
2455            	9.02579362e-01	9.37508472e-03	-5.60342906e-02	2.06181191e-02	1.82556997e-01
2456            	9.02582726e-01	8.58581390e-03	-5.11352711e-02	2.08681723e-02	1.85494730e-01
2457            	9.02618404e-01	7.67707024e-03	-4.53767284e-02	2.11706301e-02	1.88251657e-01
2458            	9.02707104e-01	6.68537127e-03	-3.91416489e-02	2.14851795e-02	1.90901744e-01
2459            	9.02723453e-01	5.61022299e-03	-3.22074907e-02	2.17715036e-02	1.92670616e-01
2460            	9.02699565e-01	4.46867477e-03	-2.49970569e-02	2.20162694e-02	1.94392054e-01
2461            	9.02636794e-01	3.32288394e-03	-1.77187638e-02	2.22191629e-02	1.95688768e-01
2462            	9.02666440e-01	2.21789994e-03	-1.08212907e-02	2.23868093e-02	1.97141148e-01
2463            	9.02733179e-01	1.34012874e-03	-5.24683914e-03	2.25234931e-02	1.98224022e-01
2464            	9.02832197e-01	7.45689963e-04	-1.58335130e-03	2.26202930e-02	1.99429663e-01
2465            	9.02825714e-01	3.52425845e-04	9.31013977e-04	2.26799642e-02	1.99494493e-01
2466            	9.02762066e-01	1.06530795e-04	2.43517941e-03	2.26984126e-02	1.98639112e-01
2467            	9.02627101e-01	1.25021781e-04	2.38598145e-03	2.26579587e-02	1.96449778e-01
2468            	9.02529228e-01	4.44735181e-04	3.04546313e-04	2.25468583e-02	1.93734333e-01
2469            	9.02445019e-01	1.04554393e-03	-3.46804049e-03	2.23501896e-02	1.90596165e-01
2470            	9.02460264e-01	1.90170642e-03	-8.99532311e-03	2.20784113e-02	1.87847590e-01
2471            	9.02524997e-01	2.99597111e-03	-1.59142831e-02	2.17688918e-02	1.84783187e-01
2472            	9.02643842e-01	4.24750416e-03	-2.38906406e-02	2.14566515e-02	1.81329372e-01
2473            	9.02688510e-01	5.45783133e-03	-3.14662403e-02	2.11726295e-02	1.77339749e-01
2474            	9.02690366e-01	6.50229991e-03	-3.81270793e-02	2.09326753e-02	1.74261396e-01
2475            	9.02658681e-01	7.39053786e-03	-4.37394142e-02	2.07368676e-02	1.71942496e-01
2476            	9.02716914e-01	8.16111107e-03	-4.87280417e-02	2.05807750e-02	1.71102867e-01
2477            	9.02809437e-01	8.94498535e-03	-5.36800813e-02	2.04591633e-02	1.70739316e-01
2478            	9.02921698e-01	9.68092492e-03	-5.84118344e-02	2.03744458e-02	1.71188793e-01
2479            	9.02928247e-01	1.01988782e-02	-6.15833537e-02	2.03294342e-02	1.72118730e-01
2480            	9.02870878e-01	1.03737346e-02	-6.26337202e-02	2.03249678e-02	1.74387157e-01
2481            	9.02736568e-01	1.02185641e-02	-6.14647263e-02	2.03770625e-02	1.77233953e-01
2482            	9.02642925e-01	9.80399714e-03	-5.88218683e-02	2.05001756e-02	1.80382387e-01
2483            	9.02574633e-01	9.16313282e-03	-5.47090430e-02	2.07040029e-02	1.83216936e-01
2484            	9.02602049e-01	8.33946131e-03	-4.95984123e-02	2.09769016e-02	1.86459281e-01
2485            	9.02652366e-01	7.41867197e-03	-4.37424959e-02	2.12913751e-02	1.89481931e-01
2486            	9.02731558e-01	6.42203678e-03	-3.74481086e-02	2.16039473e-02	1.92228417e-01
2487            	9.02722915e-01	5.32605082e-03	-3.03902087e-02	2.18813747e-02	1.94079850e-01
2488            	9.02683734e-01	4.14392437e-03	-2.29460619e-02	2.21175206e-02	1.95807201e-01
2489            	9.02638995e-01	2.97412305e-03	-1.55238620e-02	2.23086507e-02	1.97088582e-01
2490            	9.02690752e-01	1.94114552e-03	-9.09110313e-03	2.24675818e-02	1.98714646e-01
2491            	9.02765075e-01	1.15984757e-03	-4.12503696e-03	2.25920281e-02	1.99869300e-01
2492            	9.02842527e-01	6.20330861e-04	-7.93596891e-04	2.26779296e-02	2.00765164e-01
2493            	9.02809113e-01	2.57503173e-04	1.54848049e-03	2.27188577e-02	2.00288909e-01
2494            	9.02725288e-01	6.05939519e-05	2.75145398e-03	2.27084117e-02	1.98942840e-01
2495            	9.02584400e-01	1.56606654e-04	2.21576133e-03	2.26342933e-02	1.96279134e-01
2496            	9.02497121e-01	5.53980670e-04	-3.59308697e-04	2.24871982e-02	1.93164972e-01
2497            	9.02438930e-01	1.23591868e-03	-4.66672495e-03	2.22612586e-02	1.89758573e-01
2498            	9.02480102e-01	2.17235112e-03	-1.07072186e-02	2.19695262e-02	1.86818142e-01
2499            	9.02556100e-01	3.33044842e-03	-1.80071453e-02	2.16493800e-02	1.83326508e-01
2500            	9.02665333e-01	4.59268423e-03	-2.60410828e-02	2.13413722e-02	1.79390610e-01
2501            	9.02684674e-01	5.75608594e-03	-3.33268001e-02	2.10690040e-02	1.75439055e-01
2502            	9.02676091e-01	6.73085577e-03	-3.95683254e-02	2.08399772e-02	1.72496023e-01
2503            	9.02661243e-01	7.58086070e-03	-4.49571362e-02	2.06575585e-02	1.70447402e-01
2504            	9.02743416e-01	8.36241257e-03	-5.00183052e-02	2.05112690e-02	1.69787418e-01
2505            	9.02842469e-01	9.15625872e-03	-5.50248694e-02	2.04008326e-02	1.69555860e-01
2506            	9.02935526e-01	9.83697502e-03	-5.93863728e-02	2.03315790e-02	1.70266105e-01
2507            	9.02914463e-01	1.02615031e-02	-6.19492422e-02	2.03058071e-02	1.71624384e-01
2508            	9.02833761e-01	1.03470435e-02	-6.24262338e-02	2.03290876e-02	1.74479624e-01
2509            	9.02694608e-01	1.01145058e-02	-6.07741942e-02	2.04109163e-02	1.77610528e-01
2510            	9.02618617e-01	9.63526244e-03	-5.77432906e-02	2.05649870e-02	1.80973730e-01
2511            	9.02579449e-01	8.94845424e-03	-5.33692118e-02	2.07961535e-02	1.84115080e-01
2512            	9.02629065e-01	8.10336971e-03	-4.81323155e-02	2.10899244e-02	1.87673551e-01
2513            	9.02679559e-01	7.17328795e-03	-4.21972750e-02	2.14116919e-02	1.90849545e-01
2514            	9.02735571e-01	6.14118229e-03	-3.56543340e-02	2.17193486e-02	1.93570551e-01
2515            	9.02704666e-01	5.02448733e-03	-2.84760367e-02	2.19866213e-02	1.95548228e-01
2516            	9.02668289e-01	3.82560525e-03	-2.09464024e-02	2.22098906e-02	1.97367343e-01
2517            	9.02647521e-01	2.65894543e-03	-1.35458613e-02	2.23897580e-02	1.98711344e-01
2518            	9.02719023e-01	1.68176124e-03	-7.45910681e-03	2.25385027e-02	2.00312100e-01
2519            	9.02791811e-01	9.81927843e-04	-3.00915082e-03	2.26454314e-02	2.01431230e-01
2520            	9.02841574e-01	4.95436301e-04	-5.16867814e-06	2.27115302e-02	2.01994661e-01
2521            	9.02779362e-01	1.71930733e-04	2.10636069e-03	2.27306986e-02	2.00956170e-01
2522            	9.02682332e-01	4.91392099e-05	2.85351899e-03	2.26923353e-02	1.99056536e-01
2523            	9.02546655e-01	2.26594533e-04	1.80411335e-03	2.25884828e-02	1.95825211e-01
2524            	9.02477675e-01	6.91515810e-04	-1.20737469e-03	2.24121430e-02	1.92398152e-01
2525            	9.02442457e-01	1.44509141e-03	-5.97421696e-03	2.21577038e-02	1.88782670e-01
2526            	9.02509387e-01	2.46543224e-03	-1.25567253e-02	2.18529910e-02	1.85625938e-01
2527            	9.02586082e-01	3.69650502e-03	-2.03113583e-02	2.15294683e-02	1.81716944e-01
2528            	9.02674176e-01	4.94372922e-03	-2.82381017e-02	2.12265578e-02	1.77488011e-01
2529            	9.02672804e-01	6.04471016e-03	-3.51318276e-02	2.09647587e-02	1.73511225e-01
2530            	9.02668439e-01	6.95002719e-03	-4.09506245e-02	2.07498437e-02	1.70754118e-01
2531            	9.02675764e-01	7.75570228e-03	-4.60625327e-02	2.05798080e-02	1.69010953e-01
2532            	9.02777927e-01	8.54950544e-03	-5.12112163e-02	2.04439015e-02	1.68498148e-01
2533            	9.02872468e-01	9.34700899e-03	-5.62426224e-02	2.03461411e-02	1.68469784e-01
2534            	9.02937643e-01	9.97315299e-03	-6.02376511e-02	2.02943977e-02	1.69571348e-01
2535            	9.02887504e-01	1.03018973e-02	-6.21687309e-02	2.02916081e-02	1.71414415e-01
2536            	9.02793495e-01	1.02784648e-02	-6.19430982e-02	2.03431026e-02	1.74706622e-01
2537            	9.02663919e-01	9.97458768e-03	-5.98591548e-02	2.04551370e-02	1.78167746e-01
2538            	9.02611110e-01	9.43777831e-03	-5.64955284e-02	2.06385550e-02	1.81851222e-01
2539            	9.02595633e-01	8.71126220e-03	-5.18895191e-02	2.08938669e-02	1.85261745e-01
2540            	9.02658280e-01	7.85503648e-03	-4.65756227e-02	2.12034648e-02	1.89117035e-01
2541            	9.02700619e-01	6.90604452e-03	-4.05006138e-02	2.15303456e-02	1.92374314e-01
2542            	9.02734208e-01	5.83875297e-03	-3.37258801e-02	2.18313538e-02	1.95092559e-01
2543            	9.02692103e-01	4.68360909e-03	-2.63136579e-02	2.20886860e-02	1.97101238e-01
2544            	9.02670574e-01	3.47153268e-03	-1.87173603e-02	2.23012858e-02	1.99021724e-01
2545            	9.02668910e-01	2.35159712e-03	-1.16211872e-02	2.24700991e-02	2.00465581e-01
2546            	9.02750450e-01	1.44561666e-03	-5.97778962e-03	2.26059574e-02	2.01969758e-01
2547            	9.02812506e-01	8.16064667e-04	-1.96199620e-03	2.26959255e-02	2.02880348e-01
2548            	9.02838807e-01	3.75640981e-04	7.60456487e-04	2.27359806e-02	2.03031964e-01
2549            	9.02753762e-01	9.01034547e-05	2.64493243e-03	2.27277745e-02	2.01411271e-01
2550            	9.02647328e-01	3.96879488e-05	2.94428668e-03	2.26624821e-02	1.98866954e-01
2551            	9.02519813e-01	2.99651569e-04	1.37087678e-03	2.25314400e-02	1.95160193e-01
2552            	9.02470797e-01	8.57487811e-04	-2.25220707e-03	2.23271195e-02	1.91485249e-01
2553            	9.02456297e-01	1.70313569e-03	-7.61577372e-03	2.20496946e-02	1.87669799e-01
2554            	9.02538214e-01	2.79059735e-03	-1.46082409e-02	2.17314026e-02	1.84134935e-01
2555            	9.02612184e-01	4.04461926e-03	-2.24851074e-02	2.14072519e-02	1.79774922e-01
2556            	9.02678471e-01	5.25365094e-03	-3.01626511e-02	2.11122118e-02	1.75388701e-01
2557            	9.02663324e-01	6.29724454e-03	-3.67167900e-02	2.08622372e-02	1.71508205e-01
2558            	9.02669747e-01	7.16468798e-03	-4.23259791e-02	2.06632425e-02	1.69061215e-01
2559            	9.02693930e-01	7.95717903e-03	-4.73638661e-02	2.05038092e-02	1.67551153e-01
2560            	9.02802363e-01	8.75389025e-03	-5.25200901e-02	2.03816133e-02	1.67186922e-01
2561            	9.02885167e-01	9.52058162e-03	-5.73365457e-02	2.03028577e-02	1.67420330e-01
2562            	9.02928800e-01	1.00722129e-02	-6.08342696e-02	2.02734607e-02	1.68924550e-01
2563            	9.02856190e-01	1.03116467e-02	-6.21817783e-02	2.02974960e-02	1.71412658e-01
2564            	9.02755011e-01	1.01963988e-02	-6.13749600e-02	2.03765858e-02	1.75149191e-01
2565            	9.02638859e-01	9.82296516e-03	-5.88789900e-02	2.05158203e-02	1.78843196e-01
2566            	9.02608006e-01	9.22963490e-03	-5.51930966e-02	2.07272377e-02	1.82778283e-01
2567            	9.02610742e-01	8.47880699e-03	-5.04433450e-02	2.10035801e-02	1.86531907e-01
2568            	9.02682159e-01	7.61625552e-03	-4.50569753e-02	2.13241469e-02	1.90705856e-01
2569            	9.02717302e-01	6.63083319e-03	-3.87096530e-02	2.16501549e-02	1.93977495e-01
2570            	9.02731828e-01	5.52910821e-03	-3.17338076e-02	2.19456838e-02	1.96722842e-01
2571            	9.02677983e-01	4.33803180e-03	-2.41332436e-02	2.21941597e-02	1.98709527e-01
2572            	9.02673123e-01	3.12708030e-03	-1.65575244e-02	2.23912425e-02	2.00594410e-01
2573            	9.02688810e-01	2.06025782e-03	-9.79173010e-03	2.25510393e-02	2.02098952e-01
2574            	9.02776987e-01	1.23743406e-03	-4.66431779e-03	2.26683011e-02	2.03610215e-01
2575            	9.02823842e-01	6.67480376e-04	-1.01656609e-03	2.27356962e-02	2.04195365e-01
2576            	9.02827854e-01	2.61932464e-04	1.50257395e-03	2.27505259e-02	2.03738400e-01
2577            	9.02721253e-01	2.99874047e-05	3.06413776e-03	2.27133819e-02	2.01536329e-01
2578            	9.02608002e-01	5.98129573e-05	2.85874625e-03	2.26191913e-02	1.98440304e-01
2579            	9.02493569e-01	4.01459785e-04	7.51726349e-04	2.24607965e-02	1.94308636e-01
2580            	9.02468665e-01	1.02855864e-03	-3.33042550e-03	2.22312403e-02	1.90391504e-01
2581            	9.02480848e-01	1.95774740e-03	-9.23212289e-03	2.19369566e-02	1.86414082e-01
2582            	9.02569701e-01	3.12476510e-03	-1.67085168e-02	2.16077911e-02	1.82483830e-01
2583            	9.02630309e-01	4.38654453e-03	-2.46084456e-02	2.12832998e-02	1.77669209e-01
2584            	9.02675651e-01	5.55132396e-03	-3.20156109e-02	2.09985180e-02	1.73286942e-01
2585            	9.02653032e-01	6.52321092e-03	-3.81456933e-02	2.07625927e-02	1.69530008e-01
2586            	9.02674385e-01	7.35183067e-03	-4.35250790e-02	2.05769537e-02	1.67306275e-01
2587            	9.02719052e-01	8.14629232e-03	-4.85767666e-02	2.04278849e-02	1.66093194e-01
2588            	9.02832292e-01	8.96234923e-03	-5.38513246e-02	2.03183706e-02	1.66022765e-01
2589            	9.02896295e-01	9.69297294e-03	-5.84207546e-02	2.02595994e-02	1.66565300e-01
2590            	9.02915007e-01	1.01635669e-02	-6.13795585e-02	2.02562168e-02	1.68512436e-01
2591            	9.02817604e-01	1.02927822e-02	-6.20084550e-02	2.03067114e-02	1.71617883e-01
2592            	9.02715403e-01	1.00898993e-02	-6.06609395e-02	2.04142635e-02	1.75757918e-01
2593            	9.02619771e-01	9.65973145e-03	-5.78427653e-02	2.05836335e-02	1.79698161e-01
2594            	9.02618024e-01	9.02831257e-03	-5.39426019e-02	2.08215153e-02	1.83891895e-01
2595            	9.02636576e-01	8.25580226e-03	-4.90422000e-02	2.11184163e-02	1.87984920e-01
2596            	9.02703440e-01	7.36904935e-03	-4.34774345e-02	2.14478778e-02	1.92289981e-01
2597            	9.02719168e-01	6.34608132e-03	-3.68861689e-02	2.17701797e-02	1.95514076e-01
2598            	9.02720104e-01	5.20842749e-03	-2.96999857e-02	2.20553940e-02	1.98321486e-01
2599            	9.02669196e-01	3.97844238e-03	-2.18596939e-02	2.22904843e-02	2.00282666e-01
2600            	9.02678545e-01	2.79288673e-03	-1.44545266e-02	2.24748954e-02	2.02148131e-01
2601            	9.02708791e-01	1.80417293e-03	-8.18354481e-03	2.26213789e-02	2.03679157e-01
2602            	9.02796263e-01	1.06084766e-03	-3.55494441e-03	2.27229577e-02	2.05048681e-01
2603            	9.02821417e-01	5.40836374e-04	-2.05119514e-04	2.27693952e-02	2.05161873e-01
2604            	9.02801071e-01	1.70237786e-04	2.11183678e-03	2.27580576e-02	2.04080315e-01
2605            	9.02676890e-01	-3.19143016e-06	3.30770770e-03	2.26910767e-02	2.01350852e-01
2606            	9.02566254e-01	1.02943012e-04	2.61309899e-03	2.25670726e-02	1.97707332e-01
2607            	9.02468667e-01	5.37341618e-04	-9.47922900e-05	2.23789629e-02	1.93187818e-01
2608            	9.02470769e-01	1.26212689e-03	-4.81301812e-03	2.21277293e-02	1.89037780e-01
2609            	9.02502085e-01	2.26959071e-03	-1.12055179e-02	2.18183176e-02	1.84814585e-01
2610            	9.02590480e-01	3.47435336e-03	-1.89027636e-02	2.14847776e-02	1.80520712e-01
2611            	9.02635476e-01	4.72560170e-03	-2.67384837e-02	2.11676182e-02	1.75442016e-01
2612            	9.02665050e-01	5.83235306e-03	-3.37894869e-02	2.08944092e-02	1.71174207e-01
2613            	9.02642816e-01	6.73761316e-03	-3.95108790e-02	2.06757373e-02	1.67659207e-01
2614            	9.02679358e-01	7.55316056e-03	-4.48214756e-02	2.05036880e-02	1.65758433e-01
2615            	9.02742362e-01	8.36170865e-03	-4.99614829e-02	2.03666533e-02	1.64711180e-01
2616            	9.02858212e-01	9.16609207e-03	-5.51448954e-02	2.02731990e-02	1.64926154e-01
2617            	9.02901138e-01	9.83358054e-03	-5.92892045e-02	2.02348496e-02	1.65952206e-01
2618            	9.02890657e-01	1.02216568e-02	-6.17130987e-02	2.02568447e-02	1.68514681e-01
2619            	9.02775554e-01	1.02552525e-02	-6.17371007e-02	2.03355597e-02	1.72114275e-01
2620            	9.02683260e-01	9.97182428e-03	-5.98933390e-02	2.04696333e-02	1.76553190e-01
2621            	9.02613251e-01	9.48915299e-03	-5.67740880e-02	2.06641842e-02	1.80765644e-01
2622            	9.02633660e-01	8.83233688e-03	-5.27301743e-02	2.09228448e-02	1.85234220e-01
2623            	9.02660127e-01	8.04962555e-03	-4.77572407e-02	2.12359218e-02	1.89692834e-01
2624            	9.02717184e-01	7.12144052e-03	-4.18994531e-02	2.15710915e-02	1.94096042e-01
2625            	9.02713753e-01	6.06004898e-03	-3.50608145e-02	2.18877006e-02	1.97219537e-01
2626            	9.02708908e-01	4.87892112e-03	-2.76179004e-02	2.21608074e-02	2.00008045e-01
2627            	9.02672029e-01	3.62569105e-03	-1.96456430e-02	2.23785462e-02	2.01946614e-01
2628            	9.02695060e-01	2.48717730e-03	-1.25412316e-02	2.25487746e-02	2.03916771e-01
2629            	9.02734590e-01	1.57848204e-03	-6.76498149e-03	2.26776507e-02	2.05374549e-01
2630            	9.02815451e-01	9.00419988e-04	-2.53912693e-03	2.27585983e-02	2.06520862e-01
2631            	9.02817060e-01	4.16670505e-04	5.90913972e-04	2.27832011e-02	2.06135706e-01
2632            	9.02770241e-01	8.59628836e-05	2.66940690e-03	2.27520307e-02	2.04261378e-01
2633            	9.02636523e-01	-1.10450283e-05	3.39272853e-03	2.26605569e-02	2.00854607e-01
2634            	9.02538279e-01	1.76621762e-04	2.17286718e-03	2.25100151e-02	1.96737547e-01
2635            	9.02465210e-01	6.88799914e-04	-1.05617863e-03	2.22968984e-02	1.92015845e-01
2636            	9.02481924e-01	1.51106235e-03	-6.39114401e-03	2.20179504e-02	1.87681481e-01
2637            	9.02521092e-01	2.60713304e-03	-1.33341479e-02	2.16951826e-02	1.83119962e-01
2638            	9.02602870e-01	3.83852090e-03	-2.11791192e-02	2.13622240e-02	1.78401292e-01
2639            	9.02632072e-01	5.05508972e-03	-2.88001935e-02	2.10561803e-02	1.73161943e-01
2640            	9.02658197e-01	6.07970555e-03	-3.53520669e-02	2.07967976e-02	1.69001284e-01
2641            	9.02646511e-01	6.93200776e-03	-4.07526223e-02	2.05902112e-02	1.65799967e-01
2642            	9.02698128e-01	7.74639194e-03	-4.60610261e-02	2.04276607e-02	1.64181571e-01
2643            	9.02767501e-01	8.58260160e-03	-5.13754833e-02	2.03038558e-02	1.63344073e-01
2644            	9.02874919e-01	9.36579252e-03	-5.64126259e-02	2.02332044e-02	1.63950278e-01
2645            	9.02894929e-01	9.95672818e-03	-6.00464786e-02	2.02214948e-02	1.65513345e-01
2646            	9.02860657e-01	1.02384440e-02	-6.17676433e-02	2.02719482e-02	1.68699543e-01
2647            	9.02739712e-01	1.01783607e-02	-6.11987287e-02	2.03761662e-02	1.72743750e-01
2648            	9.02665630e-01	9.83783193e-03	-5.90299587e-02	2.05346084e-02	1.77508859e-01
2649            	9.02620326e-01	9.31382532e-03	-5.56869813e-02	2.07523318e-02	1.82017518e-01
2650            	9.02654115e-01	8.62703620e-03	-5.14526390e-02	2.10330539e-02	1.86826502e-01
2651            	9.02678634e-01	7.81857317e-03	-4.62906729e-02	2.13598532e-02	1.91535468e-01
2652            	9.02721114e-01	6.82859897e-03	-4.00367411e-02	2.16991097e-02	1.95848578e-01
2653            	9.02706734e-01	5.72712899e-03	-3.29585810e-02	2.20066832e-02	1.98960224e-01
2654            	9.02704211e-01	4.50605982e-03	-2.52660966e-02	2.22617538e-02	2.01692311e-01
2655            	9.02679425e-01	3.28359450e-03	-1.74947540e-02	2.24621776e-02	2.03651426e-01
2656            	9.02714341e-01	2.20242869e-03	-1.07531727e-02	2.26205032e-02	2.05611546e-01
2657            	9.02753538e-01	1.35382981e-03	-5.35415753e-03	2.27351857e-02	2.06903314e-01
2658            	9.02822993e-01	7.36952547e-04	-1.50785794e-03	2.27949135e-02	2.07648928e-01
2659            	9.02804873e-01	2.96009077e-04	1.36996345e-03	2.27920584e-02	2.06588732e-01
2660            	9.02739556e-01	2.18977482e-05	3.10270868e-03	2.27256018e-02	2.04117103e-01
2661            	9.02601938e-01	-8.41532627e-06	3.40683301e-03	2.26051688e-02	2.00096647e-01
2662            	9.02515481e-01	2.67494133e-04	1.61182296e-03	2.24326249e-02	1.95493508e-01
2663            	9.02462258e-01	8.77149456e-04	-2.25093256e-03	2.21996273e-02	1.90525718e-01
2664            	9.02498118e-01	1.79354817e-03	-8.19197898e-03	2.19051240e-02	1.85991987e-01
2665            	9.02542616e-01	2.95515474e-03	-1.55346961e-02	2.15712730e-02	1.81094653e-01
2666            	9.02615600e-01	4.18718573e-03	-2.33610063e-02	2.12369104e-02	1.75968981e-01
2667            	9.02632468e-01	5.35164555e-03	-3.06521170e-02	2.09383317e-02	1.70670885e-01
2668            	9.02653308e-01	6.30983695e-03	-3.68047793e-02	2.06933780e-02	1.66717385e-01
2669            	9.02651013e-01	7.14675280e-03	-4.21345530e-02	2.05011912e-02	1.63854995e-01
2670            	9.02716993e-01	7.95780503e-03	-4.74264426e-02	2.03516770e-02	1.62572624e-01
2671            	9.02789305e-01	8.78953235e-03	-5.26973808e-02	2.02466317e-02	1.62095809e-01
2672            	9.02883621e-01	9.53962801e-03	-5.74997655e-02	2.02019859e-02	1.63087833e-01
2673            	9.02880884e-01	1.00631788e-02	-6.06821892e-02	2.02213330e-02	1.65176060e-01
2674            	9.02826929e-01	1.02397107e-02	-6.17214713e-02	2.03025909e-02	1.69054142e-01
2675            	9.02709587e-01	1.00872244e-02	-6.05800262e-02	2.04322612e-02	1.73625210e-01
2676            	9.02656394e-01	9.69141844e-03	-5.81020413e-02	2.06138394e-02	1.78618591e-01
2677            	9.02631943e-01	9.12868705e-03	-5.45362572e-02	2.08532714e-02	1.83305959e-01
2678            	9.02670734e-01	8.42048162e-03	-5.01597735e-02	2.11537577e-02	1.88504096e-01
2679            	9.02687227e-01	7.56234021e-03	-4.46665569e-02	2.14952731e-02	1.93380337e-01
2680            	9.02720371e-01	6.53821388e-03	-3.81769701e-02	2.18299423e-02	1.97643616e-01
2681            	9.02705057e-01	5.39036167e-03	-3.08129991e-02	2.21240825e-02	2.00756437e-01
2682            	9.02705175e-01	4.13155299e-03	-2.28977348e-02	2.23645581e-02	2.03346807e-01
2683            	9.02684172e-01	2.94706213e-03	-1.53886671e-02	2.25531950e-02	2.05196035e-01
2684            	9.02726500e-01	1.93960302e-03	-9.11122873e-03	2.26972123e-02	2.07159871e-01
2685            	9.02768359e-01	1.15989250e-03	-4.13475857e-03	2.27900044e-02	2.08285234e-01
2686            	9.02823148e-01	5.93482273e-04	-5.90085568e-04	2.28218508e-02	2.08500638e-01
2687            	9.02784193e-01	1.91337049e-04	2.05847569e-03	2.27864446e-02	2.06673295e-01
2688            	9.02699131e-01	-2.66116909e-05	3.44735291e-03	2.26891433e-02	2.03626715e-01
2689            	9.02565377e-01	2.86417231e-05	3.20008860e-03	2.25376397e-02	1.99152694e-01
2690            	9.02500247e-01	3.97143046e-04	7.93666465e-04	2.23406878e-02	1.94112647e-01
2691            	9.02470801e-01	1.09365373e-03	-3.63697940e-03	2.20901358e-02	1.88856980e-01
2692            	9.02515831e-01	2.10307737e-03	-1.01549438e-02	2.17792386e-02	1.84049017e-01
2693            	9.02556838e-01	3.30814742e-03	-1.77451552e-02	2.14373907e-02	1.78794093e-01
2694            	9.02618904e-01	4.53752731e-03	-2.55453714e-02	2.11084724e-02	1.73537315e-01
2695            	9.02631432e-01	5.62628938e-03	-3.23753549e-02	2.08253116e-02	1.68421093e-01
2696            	9.02655539e-01	6.52392149e-03	-3.81730720e-02	2.05998240e-02	1.64623019e-01
2697            	9.02663026e-01	7.36798595e-03	-4.35700363e-02	2.04228175e-02	1.61972177e-01
2698            	9.02738427e-01	8.19320519e-03	-4.89430459e-02	2.02852803e-02	1.60987590e-01
2699            	9.02812277e-01	9.01251026e-03	-5.41097858e-02	2.01982810e-02	1.61014739e-01
2700            	9.02889932e-01	9.70002346e-03	-5.84902597e-02	2.01783964e-02	1.62572007e-01
2701            	9.02865378e-01	1.01325797e-02	-6.10771549e-02	2.02276342e-02	1.65297552e-01
2702            	9.02796667e-01	1.02102865e-02	-6.14904356e-02	2.03386390e-02	1.69717851e-01
2703            	9.02687717e-01	9.97842782e-03	-5.98693028e-02	2.04942313e-02	1.74601980e-01
2704            	9.02656353e-01	9.55152345e-03	-5.72323916e-02	2.06971148e-02	1.79898569e-01
2705            	9.02649426e-01	8.96546604e-03	-5.35272072e-02	2.09571817e-02	1.84952477e-01
2706            	9.02690453e-01	8.21731284e-03	-4.88844257e-02	2.12765900e-02	1.90499957e-01
2707            	9.02701630e-01	7.30555464e-03	-4.30144458e-02	2.16205326e-02	1.95434130e-01
2708            	9.02725755e-01	6.24775588e-03	-3.63182854e-02	2.19503054e-02	1.99562453e-01
2709            	9.02707071e-01	5.05964421e-03	-2.87231963e-02	2.22320073e-02	2.02592640e-01
2710            	9.02708964e-01	3.78608911e-03	-2.07277689e-02	2.24565204e-02	2.05115964e-01
2711            	9.02697894e-01	2.64065368e-03	-1.34657640e-02	2.26292426e-02	2.07031860e-01
2712            	9.02747873e-01	1.69940216e-03	-7.59800733e-03	2.27570216e-02	2.08920073e-01
2713            	9.02788954e-01	9.82863292e-04	-3.00643745e-03	2.28289181e-02	2.09667798e-01
2714            	9.02824378e-01	4.55097783e-04	3.16222937e-04	2.28338603e-02	2.09233918e-01
2715            	9.02760240e-01	1.05806479e-04	2.64813367e-03	2.27678107e-02	2.06675628e-01
2716            	9.02662295e-01	-5.17614102e-05	3.65720171e-03	2.26413661e-02	2.03058158e-01
2717            	9.02537281e-01	8.47654989e-05	2.87335024e-03	2.24655634e-02	1.98034690e-01
2718            	9.02495799e-01	5.46471463e-04	-1.50946194e-04	2.22495317e-02	1.92697125e-01
2719            	9.02482208e-01	1.35811188e-03	-5.30559016e-03	2.19751240e-02	1.87180211e-01
2720            	9.02533960e-01	2.44216933e-03	-1.22833824e-02	2.16514511e-02	1.82096365e-01
2721            	9.02568236e-01	3.65133893e-03	-1.98832889e-02	2.13086530e-02	1.76530537e-01
2722            	9.02623219e-01	4.85418723e-03	-2.75387016e-02	2.09895355e-02	1.71019852e-01
2723            	9.02632730e-01	5.88943013e-03	-3.40551910e-02	2.07217870e-02	1.66098970e-01
2724            	9.02657044e-01	6.74146633e-03	-3.95684381e-02	2.05113767e-02	1.62653696e-01
2725            	9.02675280e-01	7.57834160e-03	-4.49203064e-02	2.03476124e-02	1.60371398e-01
2726            	9.02761181e-01	8.41282983e-03	-5.03477487e-02	2.02262240e-02	1.59654774e-01
2727            	9.02836160e-01	9.21282353e-03	-5.53780528e-02	2.01641401e-02	1.60116707e-01
2728            	9.02892374e-01	9.84100670e-03	-5.93617413e-02	2.01735496e-02	1.62309609e-01
2729            	9.02841122e-01	1.01817971e-02	-6.13525114e-02	2.02515092e-02	1.65672933e-01
2730            	9.02765786e-01	1.01614446e-02	-6.11528116e-02	2.03873358e-02	1.70567563e-01
2731            	9.02677363e-01	9.85825218e-03	-5.91140788e-02	2.05658077e-02	1.75792547e-01
2732            	9.02668780e-01	9.38820232e-03	-5.62243405e-02	2.07892505e-02	1.81377867e-01
2733            	9.02670190e-01	8.78405902e-03	-5.24038233e-02	2.10707038e-02	1.86787764e-01
2734            	9.02705887e-01	8.00992140e-03	-4.75702182e-02	2.14035419e-02	1.92617835e-01
2735            	9.02703420e-01	7.03382968e-03	-4.12933236e-02	2.17523410e-02	1.97468323e-01
2736            	9.02722863e-01	5.91091679e-03	-3.41917225e-02	2.20735779e-02	2.01473215e-01
2737            	9.02710213e-01	4.67249659e-03	-2.62802429e-02	2.23393385e-02	2.04404244e-01
2738            	9.02716782e-01	3.43294983e-03	-1.85111929e-02	2.25464499e-02	2.06967070e-01
2739            	9.02710988e-01	2.35413095e-03	-1.16690788e-02	2.27042374e-02	2.08880553e-01
2740            	9.02764497e-01	1.47137438e-03	-6.15390844e-03	2.28134730e-02	2.10463022e-01
2741            	9.02799391e-01	8.05299602e-04	-1.86651817e-03	2.28589837e-02	2.10757648e-01
2742            	9.02814244e-01	3.14117418e-04	1.23449694e-03	2.28324067e-02	2.09619055e-01
2743            	9.02727400e-01	1.33419466e-05	3.26528560e-03	2.27366036e-02	2.06331223e-01
2744            	9.02626073e-01	-6.48242907e-05	3.77539407e-03	2.25845702e-02	2.02066850e-01
2745            	9.02519290e-01	1.55416895e-04	2.44152622e-03	2.23942178e-02	1.96518348e-01
2746            	9.02499471e-01	7.22620620e-04	-1.26844752e-03	2.21591909e-02	1.90986860e-01
2747            	9.02498349e-01	1.63475617e-03	-7.07094445e-03	2.18635279e-02	1.85250414e-01
2748            	9.02547703e-01	2.77783436e-03	-1.44030701e-02	2.15239441e-02	1.79897276e-01
2749            	9.02572509e-01	4.00049617e-03	-2.20703856e-02	2.11798843e-02	1.74114646e-01
2750            	9.02621186e-01	5.13821357e-03	-2.93160913e-02	2.08718028e-02	1.68532265e-01
2751            	9.02632812e-01	6.09941114e-03	-3.53863603e-02	2.06224388e-02	1.63804065e-01
2752            	9.02664813e-01	6.94741350e-03	-4.09044266e-02	2.04261768e-02	1.60693243e-01
2753            	9.02692515e-01	7.79747121e-03	-4.63427092e-02	2.02741823e-02	1.58738788e-01
2754            	9.02780858e-01	8.63272525e-03	-5.17552236e-02	2.01733481e-02	1.58472548e-01
2755            	9.02844964e-01	9.38917309e-03	-5.64832518e-02	2.01412873e-02	1.59487792e-01
2756            	9.02878303e-01	9.94026905e-03	-5.99535035e-02	2.01848182e-02	1.62321913e-01
2757            	9.02807523e-01	1.01808829e-02	-6.12958096e-02	2.02925107e-02	1.66341887e-01
2758            	9.02739230e-01	1.00651129e-02	-6.05090544e-02	2.04510514e-02	1.71707860e-01
2759            	9.02673349e-01	9.73083091e-03	-5.83158905e-02	2.06462046e-02	1.77241853e-01
2760            	9.02680392e-01	9.24027794e-03	-5.53150308e-02	2.08886344e-02	1.83112268e-01
2761            	9.02681315e-01	8.59191544e-03	-5.11955126e-02	2.11923544e-02	1.88821347e-01
2762            	9.02708125e-01	7.74959786e-03	-4.59009500e-02	2.15372716e-02	1.94777679e-01
2763            	9.02701187e-01	6.73871762e-03	-3.94005045e-02	2.18827407e-02	1.99534989e-01
2764            	9.02723535e-01	5.57588379e-03	-3.20659241e-02	2.21905943e-02	2.03417984e-01
2765            	9.02712048e-01	4.31197568e-03	-2.40071255e-02	2.24409536e-02	2.06200885e-01
2766            	9.02722748e-01	3.11219031e-03	-1.64997074e-02	2.26341027e-02	2.08712769e-01
2767            	9.02721556e-01	2.09449900e-03	-1.00396667e-02	2.27770245e-02	2.10560517e-01
2768            	9.02776791e-01	1.25947023e-03	-4.81057430e-03	2.28622523e-02	2.11836173e-01
2769            	9.02802038e-01	6.41637885e-04	-8.05305125e-04	2.28763432e-02	2.11502395e-01
2770            	9.02798254e-01	2.02085827e-04	1.98828902e-03	2.28153343e-02	2.09527345e-01
2771            	9.02693393e-01	-5.17398149e-05	3.72989679e-03	2.26899755e-02	2.05640745e-01
2772            	9.02595928e-01	-6.14517313e-05	3.78189657e-03	2.25165849e-02	2.00858576e-01
2773            	9.02509645e-01	2.72210987e-04	1.69900419e-03	2.23036965e-02	1.94997272e-01
2774            	9.02509916e-01	9.48849220e-04	-2.71535993e-03	2.20503085e-02	1.89147896e-01
2775            	9.02511935e-01	1.94351029e-03	-9.02725125e-03	2.17401579e-02	1.83131505e-01
2776            	9.02558451e-01	3.10287459e-03	-1.64400899e-02	2.13932585e-02	1.77441917e-01
2777            	9.02579151e-01	4.31498325e-03	-2.40358178e-02	2.10515589e-02	1.71411804e-01
2778            	9.02629868e-01	5.40365473e-03	-3.09923765e-02	2.07575278e-02	1.66098864e-01
2779            	9.02640423e-01	6.32282921e-03	-3.68175190e-02	2.05239749e-02	1.61598719e-01
2780            	9.02677857e-01	7.17708403e-03	-4.24005825e-02	2.03429535e-02	1.58704736e-01
2781            	9.02713029e-01	8.02819238e-03	-4.78450537e-02	2.02063172e-02	1.57129144e-01
2782            	9.02804240e-01	8.84769798e-03	-5.31283370e-02	2.01287705e-02	1.57455248e-01
2783            	9.02855664e-01	9.56884114e-03	-5.76037832e-02	2.01264718e-02	1.59089687e-01
2784            	9.02868941e-01	1.00394474e-02	-6.05420224e-02	2.02020825e-02	1.62531426e-01
2785            	9.02786618e-01	1.01769145e-02	-6.12368444e-02	2.03383855e-02	1.67192344e-01
2786            	9.02727810e-01	9.98452206e-03	-5.99919353e-02	2.05191799e-02	1.72997337e-01
2787            	9.02680127e-01	9.61968906e-03	-5.76336786e-02	2.07330749e-02	1.78781021e-01
2788            	9.02697796e-01	9.10214489e-03	-5.44651994e-02	2.09967406e-02	1.84977438e-01
2789            	9.02693891e-01	8.40961786e-03	-5.00521580e-02	2.13180211e-02	1.91023701e-01
2790            	9.02716649e-01	7.50112036e-03	-4.43176628e-02	2.16699408e-02	1.96924505e-01
2791            	9.02709540e-01	6.43058109e-03	-3.74384516e-02	2.20113048e-02	2.01518362e-01
2792            	9.02732481e-01	5.21947710e-03	-2.98095314e-02	2.23047438e-02	2.05400200e-01
2793            	9.02715665e-01	3.96714984e-03	-2.18440816e-02	2.25379760e-02	2.08094594e-01
2794            	9.02729221e-01	2.82189981e-03	-1.46847853e-02	2.27149475e-02	2.10489654e-01
2795            	9.02734925e-01	1.84478294e-03	-8.45820960e-03	2.28408248e-02	2.12107578e-01
2796            	9.02792643e-01	1.05998863e-03	-3.52817519e-03	2.29017521e-02	2.12980770e-01
2797            	9.02802496e-01	4.89732067e-04	1.84203356e-04	2.28833352e-02	2.11980314e-01
2798            	9.02775657e-01	9.82863929e-05	2.68342291e-03	2.27890692e-02	2.09299039e-01
2799            	9.02659464e-01	-9.73730058e-05	4.06092120e-03	2.26346847e-02	2.04852315e-01
2800            	9.02572539e-01	-1.02974727e-05	3.47601652e-03	2.24400162e-02	1.99460618e-01
2801            	9.02507585e-01	4.16439253e-04	7.76845772e-04	2.22157657e-02	1.93071089e-01
2802            	9.02520942e-01	1.18903328e-03	-4.25126272e-03	2.19435343e-02	1.86940536e-01
2803            	9.02522276e-01	2.25935904e-03	-1.10169239e-02	2.16136702e-02	1.80798454e-01
2804            	9.02561770e-01	3.43819402e-03	-1.85329195e-02	2.12598939e-02	1.74954162e-01
2805            	9.02586687e-01	4.61545880e-03	-2.59298679e-02	2.09284230e-02	1.68726052e-01
2806            	9.02640821e-01	5.63602453e-03	-3.24806706e-02	2.06531791e-02	1.63589031e-01
2807            	9.02648577e-01	6.53284237e-03	-3.81814947e-02	2.04350071e-02	1.59302155e-01
2808            	9.02689905e-01	7.40235171e-03	-4.38604518e-02	2.02680477e-02	1.56826062e-01
2809            	9.02732168e-01	8.24710078e-03	-4.92454646e-02	2.01502226e-02	1.55759164e-01
2810            	9.02825991e-01	9.04110612e-03	-5.43468550e-02	2.01009484e-02	1.56703535e-01
2811            	9.02857721e-01	9.71061731e-03	-5.84783054e-02	2.01341058e-02	1.59033851e-01
2812            	9.02849559e-01	1.00984558e-02	-6.08788867e-02	2.02411648e-02	1.63108269e-01
2813            	9.02764673e-01	1.01397169e-02	-6.09719318e-02	2.04026215e-02	1.68282419e-01
2814            	9.02722834e-01	9.89137409e-03	-5.94058661e-02	2.06015221e-02	1.74445559e-01
2815            	9.02690242e-01	9.50007966e-03	-5.68990687e-02	2.08324149e-02	1.80541089e-01
2816            	9.02712250e-01	8.94838096e-03	-5.35050549e-02	2.11188733e-02	1.87020327e-01
2817            	9.02701006e-01	8.18488122e-03	-4.86234661e-02	2.14573870e-02	1.93266232e-01
2818            	9.02713837e-01	7.21294472e-03	-4.25005585e-02	2.18144926e-02	1.99105844e-01
2819            	9.02710445e-01	6.09823489e-03	-3.53509560e-02	2.21428054e-02	2.03460545e-01
2820            	9.02739668e-01	4.85844200e-03	-2.75375787e-02	2.24154833e-02	2.07211506e-01
2821            	9.02721644e-01	3.61966295e-03	-1.96523843e-02	2.26301304e-02	2.09872535e-01
2822            	9.02735535e-01	2.52752705e-03	-1.28338118e-02	2.27913849e-02	2.12261197e-01
2823            	9.02747377e-01	1.60408966e-03	-6.93936922e-03	2.28959995e-02	2.13535087e-01
2824            	9.02803211e-01	8.74075734e-04	-2.33830650e-03	2.29279782e-02	2.13804193e-01
2825            	9.02792291e-01	3.53092196e-04	1.08298650e-03	2.28740213e-02	2.12048370e-01
2826            	9.02742656e-01	1.14917547e-05	3.27764781e-03	2.27473002e-02	2.08627902e-01
2827            	9.02623823e-01	-1.20064049e-04	4.23567270e-03	2.25694058e-02	2.03587407e-01
2828            	9.02557181e-01	4.83820059e-05	3.11009635e-03	2.23596174e-02	1.97740027e-01
2829            	9.02515681e-01	5.99742955e-04	-3.94829007e-04	2.21161098e-02	1.91195998e-01
2830            	9.02531097e-01	1.49021809e-03	-6.16248645e-03	2.18197444e-02	1.84769729e-01
2831            	9.02526253e-01	2.59572084e-03	-1.31295052e-02	2.14764341e-02	1.78316437e-01
2832            	9.02563254e-01	3.77826995e-03	-2.06664134e-02	2.11250211e-02	1.72296546e-01
2833            	9.02593719e-01	4.90709435e-03	-2.77687932e-02	2.08068601e-02	1.66060033e-01
2834            	9.02652446e-01	5.87252819e-03	-3.39876951e-02	2.05470524e-02	1.61101929e-01
2835            	9.02661194e-01	6.75022599e-03	-3.95844894e-02	2.03437091e-02	1.57147730e-01
2836            	9.02706018e-01	7.63003670e-03	-4.53333685e-02	2.01908697e-02	1.55089269e-01
2837            	9.02751603e-01	8.47822845e-03	-5.07185675e-02	2.00959247e-02	1.54540348e-01
2838            	9.02841313e-01	9.23765665e-03	-5.55726459e-02	2.00794084e-02	1.56177896e-01
2839            	9.02854994e-01	9.82055155e-03	-5.91280382e-02	2.01474846e-02	1.59211398e-01
2840            	9.02829337e-01	1.01177207e-02	-6.09562369e-02	2.02831522e-02	1.63928515e-01
2841            	9.02748356e-01	1.00744718e-02	-6.05357847e-02	2.04655582e-02	1.69591808e-01
2842            	9.02727489e-01	9.78201496e-03	-5.87175762e-02	2.06807353e-02	1.76092273e-01
2843            	9.02707502e-01	9.35994210e-03	-5.60237157e-02	2.09322335e-02	1.82556902e-01
2844            	9.02721778e-01	8.76234735e-03	-5.23302474e-02	2.12406317e-02	1.89381948e-01
2845            	9.02700982e-01	7.93846000e-03	-4.70518948e-02	2.15915406e-02	1.95766229e-01
2846            	9.02718214e-01	6.91347315e-03	-4.05880506e-02	2.19471822e-02	2.01455335e-01
2847            	9.02721231e-01	5.74218614e-03	-3.30881172e-02	2.22638177e-02	2.05629618e-01
2848            	9.02748778e-01	4.49292577e-03	-2.52333942e-02	2.25206623e-02	2.09224270e-01
2849            	9.02729172e-01	3.29275325e-03	-1.76054611e-02	2.27184930e-02	2.11797472e-01
2850            	9.02745739e-01	2.25040225e-03	-1.10904861e-02	2.28603023e-02	2.14014999e-01
2851            	9.02761364e-01	1.37796526e-03	-5.49524782e-03	2.29367837e-02	2.14876183e-01
2852            	9.02812697e-01	6.91826984e-04	-1.14912450e-03	2.29321035e-02	2.14537444e-01
2853            	9.02781466e-01	2.11426753e-04	2.02659981e-03	2.28425966e-02	2.11944565e-01
2854            	9.02714747e-01	-8.63260425e-05	3.94174727e-03	2.26879005e-02	2.07807815e-01
2855            	9.02600706e-01	-1.28486135e-04	4.30939021e-03	2.24905878e-02	2.02151841e-01
2856            	9.02555010e-01	1.54992434e-04	2.42774659e-03	2.22677865e-02	1.95887056e-01
2857            	9.02524662e-01	8.11848648e-04	-1.74522336e-03	2.20088950e-02	1.88934341e-01
2858            	9.02536455e-01	1.78251368e-03	-8.00131772e-03	2.16934042e-02	1.82349673e-01
2859            	9.02528299e-01	2.91260966e-03	-1.51145025e-02	2.13394608e-02	1.75779748e-01
2860            	9.02572509e-01	4.08245287e-03	-2.25731871e-02	2.09900786e-02	1.69584241e-01
2861            	9.02608419e-01	5.16134782e-03	-2.93744274e-02	2.06872051e-02	1.63470053e-01
2862            	9.02662079e-01	6.10285051e-03	-3.54660595e-02	2.04450351e-02	1.58732718e-01
2863            	9.02669020e-01	6.99002289e-03	-4.11412655e-02	2.02581834e-02	1.55152203e-01
2864            	9.02719860e-01	7.85612953e-03	-4.67913054e-02	2.01253787e-02	1.53623697e-01
2865            	9.02771515e-01	8.68413948e-03	-5.20192754e-02	2.00596339e-02	1.53759302e-01
2866            	9.02851015e-01	9.41449403e-03	-5.66694997e-02	2.00807604e-02	1.56097884e-01
2867            	9.02844968e-01	9.92855844e-03	-5.97752714e-02	2.01840516e-02	1.59739602e-01
2868            	9.02811899e-01	1.01195109e-02	-6.09339038e-02	2.03471484e-02	1.65126598e-01
2869            	9.02743024e-01	1.00034200e-02	-6.00782176e-02	2.05475664e-02	1.71323244e-01
2870            	9.02736853e-01	9.68541543e-03	-5.81289214e-02	2.07771809e-02	1.78058435e-01
2871            	9.02723308e-01	9.23261449e-03	-5.52425165e-02	2.10496454e-02	1.84749020e-01
2872            	9.02727838e-01	8.56703543e-03	-5.10986931e-02	2.13753833e-02	1.91834983e-01
2873            	9.02699530e-01	7.68515349e-03	-4.54451356e-02	2.17321741e-02	1.98254164e-01
2874            	9.02722503e-01	6.59927314e-03	-3.86012362e-02	2.20822053e-02	2.03758135e-01
2875            	9.02733405e-01	5.37673082e-03	-3.07825630e-02	2.23853684e-02	2.07808418e-01
2876            	9.02755727e-01	4.12986093e-03	-2.29489546e-02	2.26276385e-02	2.11207014e-01
2877            	9.02731547e-01	2.99176764e-03	-1.57184555e-02	2.28072247e-02	2.13621510e-01
2878            	9.02751072e-01	1.98418413e-03	-9.40924583e-03	2.29263546e-02	2.15523683e-01
2879            	9.02769745e-01	1.14519704e-03	-4.00277460e-03	2.29706559e-02	2.15877796e-01
2880            	9.02810382e-01	5.15870858e-04	-1.11627074e-06	2.29269968e-02	2.14769871e-01
2881            	9.02761327e-01	9.10286243e-05	2.83738183e-03	2.28027156e-02	2.11378830e-01
2882            	9.02685316e-01	-1.53062254e-04	4.40776395e-03	2.26225789e-02	2.06689678e-01
2883            	9.02582475e-01	-1.14159378e-04	4.23443714e-03	2.24096136e-02	2.00502493e-01
2884            	9.02554475e-01	2.88741526e-04	1.57615499e-03	2.21718002e-02	1.93793514e-01
2885            	9.02530950e-01	1.05432776e-03	-3.28580982e-03	2.18947276e-02	1.86502632e-01
2886            	9.02541219e-01	2.07024905e-03	-9.81107234e-03	2.15641353e-02	1.79763273e-01
2887            	9.02533004e-01	3.21656317e-03	-1.70181301e-02	2.12036437e-02	1.73052850e-01
2888            	9.02586244e-01	4.35823236e-03	-2.43036566e-02	2.08591337e-02	1.66770937e-01
2889            	9.02625773e-01	5.38991776e-03	-3.08210642e-02	2.05707853e-02	1.60917410e-01
2890            	9.02674642e-01	6.32323196e-03	-3.68822842e-02	2.03460724e-02	1.56411296e-01
2891            	9.02680425e-01	7.23209487e-03	-4.27143511e-02	2.01777921e-02	1.53191699e-01
2892            	9.02736883e-01	8.08314292e-03	-4.82545279e-02	2.00694172e-02	1.52306331e-01
2893            	9.02790755e-01	8.87660557e-03	-5.32311773e-02	2.00361724e-02	1.53258227e-01
2894            	9.02856880e-01	9.55117958e-03	-5.74967022e-02	2.00936409e-02	1.56319165e-01
2895            	9.02834657e-01	9.99325874e-03	-6.01410078e-02	2.02277016e-02	1.60587401e-01
2896            	9.02799417e-01	1.00945693e-02	-6.07504459e-02	2.04151712e-02	1.66591183e-01
2897            	9.02744161e-01	9.91606396e-03	-5.95356652e-02	2.06323439e-02	1.73145836e-01
2898            	9.02744245e-01	9.58650173e-03	-5.75222812e-02	2.08748952e-02	1.80294932e-01
2899            	9.02725773e-01	9.09187434e-03	-5.43595640e-02	2.11656269e-02	1.87315592e-01
2900            	9.02724177e-01	8.34917379e-03	-4.97126708e-02	2.15065972e-02	1.94569941e-01
2901            	9.02700788e-01	7.39767716e-03	-4.36181419e-02	2.18691798e-02	2.00869180e-01
2902            	9.02732610e-01	6.25135151e-03	-3.63916469e-02	2.22111271e-02	2.06077018e-01
2903            	9.02741276e-01	5.01671746e-03	-2.85065664e-02	2.24964513e-02	2.09988224e-01
2904            	9.02754734e-01	3.79135523e-03	-2.08162132e-02	2.27176498e-02	2.13173449e-01
2905            	9.02727969e-01	2.69678524e-03	-1.38589748e-02	2.28757677e-02	2.15384369e-01
2906            	9.02752992e-01	1.72221858e-03	-7.73395858e-03	2.29696983e-02	2.16858000e-01
2907            	9.02774769e-01	9.31872397e-04	-2.61355034e-03	2.29809654e-02	2.16588273e-01
2908            	9.02798371e-01	3.65398323e-04	9.97469214e-04	2.29002811e-02	2.14715285e-01
2909            	9.02732491e-01	-1.07910671e-05	3.53033448e-03	2.27441366e-02	2.10591023e-01
2910            	9.02654942e-01	-1.87892658e-04	4.66470196e-03	2.25416611e-02	2.05298033e-01
2911            	9.02567984e-01	-4.44798844e-05	3.80547631e-03	2.23162007e-02	1.98532539e-01
2912            	9.02551541e-01	4.70377411e-04	4.28586225e-04	2.20681413e-02	1.91342624e-01
2913            	9.02528287e-01	1.32910573e-03	-5.02297679e-03	2.17737169e-02	1.83856833e-01
2914            	9.02535022e-01	2.38304076e-03	-1.17764978e-02	2.14278466e-02	1.77099001e-01
2915            	9.02533921e-01	3.53243060e-03	-1.90000041e-02	2.10645644e-02	1.70435213e-01
2916            	9.02597331e-01	4.63602910e-03	-2.60643277e-02	2.07351196e-02	1.64083470e-01
2917            	9.02635689e-01	5.63395646e-03	-3.23920794e-02	2.04668832e-02	1.58354920e-01
2918            	9.02675156e-01	6.54980858e-03	-3.83528242e-02	2.02610966e-02	1.54176785e-01
2919            	9.02683556e-01	7.46054433e-03	-4.41902830e-02	2.01119936e-02	1.51625317e-01
2920            	9.02748406e-01	8.30068507e-03	-4.96380708e-02	2.00292345e-02	1.51472434e-01
2921            	9.02803052e-01	9.07499109e-03	-5.44784454e-02	2.00320197e-02	1.53200949e-01
2922            	9.02850918e-01	9.68772842e-03	-5.83399527e-02	2.01273689e-02	1.56906236e-01
2923            	9.02817665e-01	1.00380862e-02	-6.04033674e-02	2.02899797e-02	1.61743722e-01
2924            	9.02787768e-01	1.00621305e-02	-6.05429401e-02	2.04956481e-02	1.68260153e-01
2925            	9.02747967e-01	9.84331052e-03	-5.90940955e-02	2.07251389e-02	1.75179150e-01
2926            	9.02755423e-01	9.48100141e-03	-5.68782204e-02	2.09868823e-02	1.82676471e-01
2927            	9.02726640e-01	8.93031344e-03	-5.33460882e-02	2.12976790e-02	1.89931001e-01
2928            	9.02715800e-01	8.12256588e-03	-4.82799904e-02	2.16502163e-02	1.97254431e-01
2929            	9.02700359e-01	7.09704182e-03	-4.17208709e-02	2.20113194e-02	2.03381135e-01
2930            	9.02742970e-01	5.89930161e-03	-3.41735097e-02	2.23395790e-02	2.08316659e-01
2931            	9.02749658e-01	4.66862654e-03	-2.63174546e-02	2.26073998e-02	2.12009560e-01
2932            	9.02754185e-01	3.47688775e-03	-1.88349644e-02	2.28085193e-02	2.15125103e-01
2933            	9.02727984e-01	2.41483204e-03	-1.20725664e-02	2.29422142e-02	2.17095471e-01
2934            	9.02758318e-01	1.47568160e-03	-6.15462559e-03	2.30048960e-02	2.17984474e-01
2935            	9.02776680e-01	7.40931307e-04	-1.36694881e-03	2.29769186e-02	2.16980437e-01
2936            	9.02780303e-01	2.24871699e-04	1.94405131e-03	2.28592166e-02	2.14313746e-01
2937            	9.02700410e-01	-1.01886217e-04	4.16052477e-03	2.26763311e-02	2.09469618e-01
2938            	9.02629955e-01	-1.99940529e-04	4.76036803e-03	2.24582911e-02	2.03572800e-01
2939            	9.02563230e-01	4.70558439e-05	3.22247096e-03	2.22225474e-02	1.96415350e-01
2940            	9.02554738e-01	6.81419333e-04	-9.09160579e-04	2.19577441e-02	1.88915251e-01
2941            	9.02525558e-01	1.61857175e-03	-6.84228824e-03	2.16439121e-02	1.81195593e-01
2942            	9.02525559e-01	2.69475769e-03	-1.37310249e-02	2.12870355e-02	1.74342919e-01
2943            	9.02534308e-01	3.81643034e-03	-2.07837426e-02	2.09265040e-02	1.67566359e-01
2944            	9.02607672e-01	4.88226796e-03	-2.76217751e-02	2.06113903e-02	1.61317440e-01
2945            	9.02644588e-01	5.87474654e-03	-3.39401347e-02	2.03608403e-02	1.55875885e-01
2946            	9.02679560e-01	6.79973985e-03	-3.99805635e-02	2.01736161e-02	1.52124666e-01
2947            	9.02690558e-01	7.69544981e-03	-4.57143714e-02	2.00490282e-02	1.50172189e-01
2948            	9.02758905e-01	8.51512436e-03	-5.09989815e-02	1.99993495e-02	1.50760420e-01
2949            	9.02807724e-01	9.24818639e-03	-5.55452818e-02	2.00422432e-02	1.53289281e-01
2950            	9.02841318e-01	9.79250634e-03	-5.89638295e-02	2.01717852e-02	1.57656408e-01
2951            	9.02801452e-01	1.00589978e-02	-6.05149249e-02	2.03599617e-02	1.63186524e-01
2952            	9.02781186e-01	1.00180824e-02	-6.02718706e-02	2.05807738e-02	1.70197919e-01
2953            	9.02753414e-01	9.77646210e-03	-5.86822780e-02	2.08220823e-02	1.77436084e-01
2954            	9.02758696e-01	9.37107275e-03	-5.61858410e-02	2.11019288e-02	1.85220082e-01
2955            	9.02718362e-01	8.72909600e-03	-5.20678193e-02	2.14313686e-02	1.92718794e-01
2956            	9.02707359e-01	7.84812869e-03	-4.65478723e-02	2.17955312e-02	2.00060904e-01
2957            	9.02703748e-01	6.75792809e-03	-3.95829381e-02	2.21527879e-02	2.05876594e-01
2958            	9.02751822e-01	5.54068084e-03	-3.19097862e-02	2.24625407e-02	2.10578024e-01
2959            	9.02752386e-01	4.31964844e-03	-2.41136286e-02	2.27089032e-02	2.14075001e-01
2960            	9.02750102e-01	3.16453753e-03	-1.68669988e-02	2.28883838e-02	2.17000448e-01
2961            	9.02727669e-01	2.13244627e-03	-1.02785669e-02	2.29972290e-02	2.18564860e-01
2962            	9.02764236e-01	1.23744965e-03	-4.61401766e-03	2.30236317e-02	2.18874432e-01
2963            	9.02775019e-01	5.65514766e-04	-2.10141371e-04	2.29533495e-02	2.17101776e-01
2964            	9.02762642e-01	8.89709513e-05	2.85583472e-03	2.28005708e-02	2.13568533e-01
2965            	9.02673414e-01	-1.85306858e-04	4.72447977e-03	2.25948015e-02	2.08086980e-01
2966            	9.02613372e-01	-1.87887958e-04	4.69405325e-03	2.23657532e-02	2.01663021e-01
2967            	9.02560934e-01	1.88852703e-04	2.31671792e-03	2.21191893e-02	1.94024365e-01
2968            	9.02553573e-01	9.26758380e-04	-2.47255617e-03	2.18383110e-02	1.86237880e-01
2969            	9.02513596e-01	1.90443164e-03	-8.64095621e-03	2.15033354e-02	1.78516005e-01
2970            	9.02518864e-01	3.00194884e-03	-1.56621203e-02	2.11370555e-02	1.71558773e-01
2971            	9.02544640e-01	4.11441707e-03	-2.26681343e-02	2.07860053e-02	1.64657288e-01
2972            	9.02623701e-01	5.15260832e-03	-2.93519567e-02	2.04921782e-02	1.58633709e-01
2973            	9.02650480e-01	6.12748251e-03	-3.55766320e-02	2.02624273e-02	1.53492412e-01
2974            	9.02680128e-01	7.05167561e-03	-4.16172679e-02	2.00959019e-02	1.50287558e-01
2975            	9.02698249e-01	7.92360595e-03	-4.71767674e-02	1.99986043e-02	1.49090053e-01
2976            	9.02771728e-01	8.72218391e-03	-5.23010561e-02	1.99860710e-02	1.50547708e-01
2977            	9.02811906e-01	9.41380759e-03	-5.65673675e-02	2.00698670e-02	1.53758700e-01
2978            	9.02836123e-01	9.88367014e-03	-5.95160841e-02	2.02322685e-02	1.58715958e-01
2979            	9.02796411e-01	1.00611135e-02	-6.05177353e-02	2.04428321e-02	1.64942205e-01
2980            	9.02785343e-01	9.95889239e-03	-5.98992412e-02	2.06760527e-02	1.72421648e-01
2981            	9.02760728e-01	9.69636853e-03	-5.81848685e-02	2.09319994e-02	1.79999058e-01
2982            	9.02757253e-01	9.23619071e-03	-5.53374955e-02	2.12305531e-02	1.88022795e-01
2983            	9.02708003e-01	8.51629028e-03	-5.07257071e-02	2.15742242e-02	1.95635147e-01
2984            	9.02709328e-01	7.55160714e-03	-4.46745989e-02	2.19420435e-02	2.02840687e-01
2985            	9.02721051e-01	6.39273271e-03	-3.72681658e-02	2.22907882e-02	2.08338604e-01
2986            	9.02765073e-01	5.17825871e-03	-2.96207915e-02	2.25830172e-02	2.12930381e-01
2987            	9.02750420e-01	3.98493265e-03	-2.20041536e-02	2.28076975e-02	2.16172848e-01
2988            	9.02743605e-01	2.85900757e-03	-1.49383180e-02	2.29627704e-02	2.18673764e-01
2989            	9.02729555e-01	1.85416455e-03	-8.49789636e-03	2.30401628e-02	2.19744348e-01
2990            	9.02771808e-01	1.00312058e-03	-3.09230897e-03	2.30268709e-02	2.19402402e-01
2991            	9.02769122e-01	3.96433437e-04	9.06022185e-04	2.29172825e-02	2.16841755e-01
2992            	9.02743724e-01	-2.84282058e-05	3.64256617e-03	2.27340641e-02	2.12549438e-01
2993            	9.02653790e-01	-2.32941925e-04	5.04913082e-03	2.25084450e-02	2.06497389e-01
2994            	9.02606430e-01	-1.26329847e-04	4.30594549e-03	2.22683897e-02	1.99481009e-01
2995            	9.02558606e-01	3.66561286e-04	1.18792961e-03	2.20108743e-02	1.91229238e-01
2996            	9.02547820e-01	1.18325341e-03	-4.09103114e-03	2.17121903e-02	1.83215703e-01
2997            	9.02502669e-01	2.19981597e-03	-1.04955381e-02	2.13626794e-02	1.75578251e-01
2998            	9.02524095e-01	3.29310881e-03	-1.74964576e-02	2.09953214e-02	1.68783018e-01
2999            	9.02568967e-01	4.37751112e-03	-2.43492816e-02	2.06592794e-02	1.61812808e-01
3000            	9.02646147e-01	5.40478859e-03	-3.09858330e-02	2.03836091e-02	1.55929271e-01
