# Force and moment coefficients
# dragDir       : (0.00000000e+00 0.00000000e+00 -1.00000000e+00)
# sideDir       : (-0.00000000e+00 1.00000000e+00 0.00000000e+00)
# liftDir       : (1.00000000e+00 0.00000000e+00 0.00000000e+00)
# rollAxis      : (0.00000000e+00 0.00000000e+00 -1.00000000e+00)
# pitchAxis     : (-0.00000000e+00 1.00000000e+00 0.00000000e+00)
# yawAxis       : (1.00000000e+00 0.00000000e+00 0.00000000e+00)
# magUInf       : 2.88200000e+02
# lRef          : 5.78100000e-02
# Aref          : 2.62480000e-03
# CofR          : (0.00000000e+00 0.00000000e+00 3.99000000e-01)
#
# Time          	Cd              	Cl              	CmPitch         	CmRoll          	CmYaw           
5001            	-7.85406279e-03	6.24670143e-04	7.67481680e-03	2.94154897e-02	1.23006563e-01
5002            	-7.87150820e-03	6.51925569e-04	7.53117659e-03	2.95784399e-02	1.23708521e-01
5003            	-7.89876510e-03	6.59311530e-04	7.52755741e-03	2.97439611e-02	1.24412413e-01
5004            	-7.93277330e-03	6.46410858e-04	7.66164946e-03	2.98956662e-02	1.25048769e-01
5005            	-7.96838089e-03	6.17345190e-04	7.89941255e-03	3.00170652e-02	1.25549692e-01
5006            	-8.00653611e-03	5.82593723e-04	8.17573903e-03	3.00903814e-02	1.25843692e-01
5007            	-8.04489362e-03	5.50583071e-04	8.43382805e-03	3.00998725e-02	1.25867299e-01
5008            	-8.07496424e-03	5.20970265e-04	8.66373440e-03	3.00382674e-02	1.25589849e-01
5009            	-8.07364381e-03	4.76767790e-04	8.93913160e-03	2.99221883e-02	1.25077745e-01
5010            	-8.04210309e-03	4.18091064e-04	9.26120896e-03	2.97727815e-02	1.24421450e-01
5011            	-8.00064665e-03	3.64052233e-04	9.53929082e-03	2.96090164e-02	1.23708009e-01
5012            	-7.97190158e-03	3.37161839e-04	9.66453677e-03	2.94431104e-02	1.22996018e-01
5013            	-7.96177925e-03	3.45166469e-04	9.59686019e-03	2.92861310e-02	1.22334144e-01
5014            	-7.95677620e-03	3.76408656e-04	9.39027279e-03	2.91543607e-02	1.21787734e-01
5015            	-7.94341587e-03	4.14950842e-04	9.12587779e-03	2.90632269e-02	1.21417362e-01
5016            	-7.91991098e-03	4.53717249e-04	8.84601840e-03	2.90233564e-02	1.21265663e-01
5017            	-7.88878422e-03	4.91998904e-04	8.55890259e-03	2.90359214e-02	1.21337232e-01
5018            	-7.86220344e-03	5.34539023e-04	8.25227626e-03	2.90975447e-02	1.21618706e-01
5019            	-7.84936930e-03	5.81950022e-04	7.93568453e-03	2.92012210e-02	1.22079743e-01
5020            	-7.85208790e-03	6.25754181e-04	7.66523739e-03	2.93396780e-02	1.22685814e-01
5021            	-7.86893173e-03	6.57168429e-04	7.49427999e-03	2.95006525e-02	1.23381009e-01
5022            	-7.89718961e-03	6.70469355e-04	7.45471344e-03	2.96695706e-02	1.24101344e-01
5023            	-7.93308913e-03	6.63234265e-04	7.55585836e-03	2.98314297e-02	1.24782662e-01
5024            	-7.97038792e-03	6.36947538e-04	7.77874675e-03	2.99699460e-02	1.25357054e-01
5025            	-8.00914070e-03	6.00101629e-04	8.06943085e-03	3.00667548e-02	1.25749893e-01
5026            	-8.05066461e-03	5.63081097e-04	8.36405741e-03	3.01035560e-02	1.25887275e-01
5027            	-8.08647292e-03	5.29578828e-04	8.62705443e-03	3.00709735e-02	1.25731156e-01
5028            	-8.09743586e-03	4.87872706e-04	8.90469152e-03	2.99754526e-02	1.25306115e-01
5029            	-8.07390273e-03	4.29573168e-04	9.23599944e-03	2.98399949e-02	1.24708156e-01
5030            	-8.03089229e-03	3.68372494e-04	9.55678225e-03	2.96836817e-02	1.24023209e-01
5031            	-7.99216139e-03	3.27381993e-04	9.75611140e-03	2.95207510e-02	1.23318968e-01
5032            	-7.97231188e-03	3.21758132e-04	9.75990344e-03	2.93602420e-02	1.22637683e-01
5033            	-7.96333203e-03	3.45969126e-04	9.59156034e-03	2.92188106e-02	1.22047983e-01
5034            	-7.94972262e-03	3.83335984e-04	9.33391076e-03	2.91123320e-02	1.21612076e-01
5035            	-7.92545828e-03	4.22520761e-04	9.04996948e-03	2.90537082e-02	1.21381031e-01
5036            	-7.89232963e-03	4.62144910e-04	8.75121586e-03	2.90463101e-02	1.21368560e-01
5037            	-7.85992313e-03	5.05661498e-04	8.42977577e-03	2.90871668e-02	1.21562715e-01
5038            	-7.83862905e-03	5.55469102e-04	8.08563464e-03	2.91718967e-02	1.21945017e-01
5039            	-7.83329896e-03	6.05215799e-04	7.76590860e-03	2.92939448e-02	1.22484540e-01
5040            	-7.84389864e-03	6.46039780e-04	7.52644137e-03	2.94439779e-02	1.23137878e-01
5041            	-7.86827786e-03	6.70649786e-04	7.40999054e-03	2.96064698e-02	1.23836074e-01
5042            	-7.90202067e-03	6.74213391e-04	7.44017545e-03	2.97673976e-02	1.24518235e-01
5043            	-7.94043141e-03	6.57104643e-04	7.60728508e-03	2.99112297e-02	1.25119006e-01
5044            	-7.97991641e-03	6.25339049e-04	7.86757770e-03	3.00207822e-02	1.25568133e-01
5045            	-8.02312091e-03	5.89734024e-04	8.15633656e-03	3.00772854e-02	1.25789806e-01
5046            	-8.06397972e-03	5.56678497e-04	8.42432350e-03	3.00683578e-02	1.25734264e-01
5047            	-8.09020858e-03	5.21966432e-04	8.68048273e-03	2.99918680e-02	1.25391594e-01
5048            	-8.08139266e-03	4.69832824e-04	8.99467050e-03	2.98687112e-02	1.24846784e-01
5049            	-8.04589160e-03	4.06539927e-04	9.33976227e-03	2.97186187e-02	1.24186205e-01
5050            	-8.00628516e-03	3.54434993e-04	9.60798465e-03	2.95595256e-02	1.23493419e-01
5051            	-7.98290400e-03	3.34133737e-04	9.69915809e-03	2.94008882e-02	1.22814411e-01
5052            	-7.97489674e-03	3.47477403e-04	9.60064982e-03	2.92548080e-02	1.22200513e-01
5053            	-7.96707624e-03	3.79545986e-04	9.38461451e-03	2.91373232e-02	1.21715111e-01
5054            	-7.94866448e-03	4.15864166e-04	9.12688024e-03	2.90636744e-02	1.21418366e-01
5055            	-7.92048967e-03	4.52254299e-04	8.85528459e-03	2.90416638e-02	1.21341883e-01
5056            	-7.88786959e-03	4.90044436e-04	8.56917509e-03	2.90700143e-02	1.21480452e-01
5057            	-7.86213598e-03	5.33616071e-04	8.25739490e-03	2.91451539e-02	1.21819790e-01
5058            	-7.85051656e-03	5.80779272e-04	7.94427328e-03	2.92586395e-02	1.22322407e-01
5059            	-7.85386730e-03	6.22622529e-04	7.68729387e-03	2.94032580e-02	1.22953869e-01
5060            	-7.87049205e-03	6.50787435e-04	7.53667565e-03	2.95651950e-02	1.23651951e-01
5061            	-7.89739359e-03	6.59590799e-04	7.52357624e-03	2.97304220e-02	1.24355192e-01
5062            	-7.93120967e-03	6.48355047e-04	7.64689530e-03	2.98833776e-02	1.24997567e-01
5063            	-7.96629880e-03	6.20246670e-04	7.87792674e-03	3.00077181e-02	1.25511425e-01
5064            	-8.00412408e-03	5.85467004e-04	8.15403531e-03	3.00854308e-02	1.25824138e-01
5065            	-8.04289112e-03	5.52667926e-04	8.41778078e-03	3.00996883e-02	1.25867680e-01
5066            	-8.07418268e-03	5.22845876e-04	8.65083998e-03	3.00433044e-02	1.25612268e-01
5067            	-8.07530600e-03	4.80044920e-04	8.92099322e-03	2.99304565e-02	1.25114187e-01
5068            	-8.04484512e-03	4.22028086e-04	9.24049794e-03	2.97841648e-02	1.24471228e-01
5069            	-8.00265464e-03	3.66792263e-04	9.52506494e-03	2.96220735e-02	1.23764373e-01
5070            	-7.97189427e-03	3.37352507e-04	9.66344725e-03	2.94564733e-02	1.23052771e-01
5071            	-7.96030721e-03	3.42873631e-04	9.60929077e-03	2.92981661e-02	1.22384398e-01
5072            	-7.95517121e-03	3.73114094e-04	9.40880270e-03	2.91637619e-02	1.21826441e-01
5073            	-7.94247701e-03	4.11778540e-04	9.14456452e-03	2.90692174e-02	1.21441576e-01
5074            	-7.91951681e-03	4.50804381e-04	8.86379537e-03	2.90256334e-02	1.21274162e-01
5075            	-7.88849599e-03	4.89051923e-04	8.57699739e-03	2.90342031e-02	1.21328732e-01
5076            	-7.86101071e-03	5.31231379e-04	8.27127091e-03	2.90919544e-02	1.21593679e-01
5077            	-7.84683483e-03	5.78693166e-04	7.95236483e-03	2.91924852e-02	1.22041465e-01
5078            	-7.84822008e-03	6.23227198e-04	7.67532815e-03	2.93287450e-02	1.22638599e-01
5079            	-7.86411405e-03	6.55939869e-04	7.49474641e-03	2.94885501e-02	1.23329471e-01
5080            	-7.89180161e-03	6.70882395e-04	7.44399357e-03	2.96571811e-02	1.24049338e-01
5081            	-7.92761816e-03	6.65350052e-04	7.53432486e-03	2.98194928e-02	1.24733278e-01
5082            	-7.96553223e-03	6.40643775e-04	7.74820308e-03	2.99595698e-02	1.25314868e-01
5083            	-8.00444825e-03	6.04489493e-04	8.03483213e-03	3.00597655e-02	1.25722372e-01
5084            	-8.04637827e-03	5.67218443e-04	8.33171961e-03	3.01012164e-02	1.25879423e-01
5085            	-8.08328693e-03	5.33177909e-04	8.59978843e-03	3.00738249e-02	1.25745137e-01
5086            	-8.09740016e-03	4.92474478e-04	8.87576697e-03	2.99827222e-02	1.25339015e-01
5087            	-8.07670392e-03	4.34947729e-04	9.20640068e-03	2.98500181e-02	1.24752764e-01
5088            	-8.03493272e-03	3.73019002e-04	9.53362097e-03	2.96949131e-02	1.24072429e-01
5089            	-7.99560682e-03	3.29656638e-04	9.74705969e-03	2.95324511e-02	1.23369205e-01
5090            	-7.97468432e-03	3.21266018e-04	9.76673678e-03	2.93718571e-02	1.22686556e-01
5091            	-7.96555528e-03	3.43720353e-04	9.60923509e-03	2.92281825e-02	1.22086666e-01
5092            	-7.95263302e-03	3.80536366e-04	9.35602208e-03	2.91181414e-02	1.21635352e-01
5093            	-7.92901441e-03	4.19350642e-04	9.07527988e-03	2.90555158e-02	1.21387127e-01
5094            	-7.89624662e-03	4.58330096e-04	8.78103452e-03	2.90441931e-02	1.21357733e-01
5095            	-7.86348343e-03	5.01075925e-04	8.46385917e-03	2.90817078e-02	1.21537415e-01
5096            	-7.84100510e-03	5.50479447e-04	8.12045900e-03	2.91637552e-02	1.21908248e-01
5097            	-7.83397631e-03	6.00511194e-04	7.79638044e-03	2.92837215e-02	1.22439182e-01
5098            	-7.84312086e-03	6.42521708e-04	7.54724084e-03	2.94318369e-02	1.23084932e-01
5099            	-7.86595617e-03	6.68667181e-04	7.41880601e-03	2.95937133e-02	1.23781247e-01
5100            	-7.89838054e-03	6.73750110e-04	7.43747422e-03	2.97554360e-02	1.24467515e-01
5101            	-7.93595554e-03	6.58088464e-04	7.59426747e-03	2.99013055e-02	1.25077615e-01
5102            	-7.97478067e-03	6.27174047e-04	7.84830725e-03	3.00139980e-02	1.25540482e-01
5103            	-8.01735718e-03	5.91706808e-04	8.13537087e-03	3.00749429e-02	1.25781152e-01
5104            	-8.05858723e-03	5.58685482e-04	8.40376797e-03	3.00708903e-02	1.25746360e-01
5105            	-8.08677491e-03	5.25019148e-04	8.65624936e-03	2.99987505e-02	1.25422455e-01
5106            	-8.08028979e-03	4.74283038e-04	8.96508697e-03	2.98790999e-02	1.24892883e-01
5107            	-8.04603796e-03	4.11500668e-04	9.30883280e-03	2.97302182e-02	1.24237407e-01
5108            	-8.00591863e-03	3.58121513e-04	9.58438081e-03	2.95713291e-02	1.23544910e-01
5109            	-7.98111201e-03	3.35420963e-04	9.68862178e-03	2.94124561e-02	1.22864046e-01
5110            	-7.97250919e-03	3.46870614e-04	9.60117798e-03	2.92651687e-02	1.22244352e-01
5111            	-7.96544116e-03	3.78254152e-04	9.39055278e-03	2.91451792e-02	1.21748035e-01
5112            	-7.94834506e-03	4.14503556e-04	9.13513854e-03	2.90676971e-02	1.21434917e-01
5113            	-7.92168259e-03	4.50955410e-04	8.86531094e-03	2.90414621e-02	1.21340411e-01
5114            	-7.88950005e-03	4.88286888e-04	8.58267607e-03	2.90661040e-02	1.21463006e-01
5115            	-7.86334136e-03	5.31178586e-04	8.27451947e-03	2.91380190e-02	1.21788350e-01
5116            	-7.85114293e-03	5.78138066e-04	7.96177783e-03	2.92494624e-02	1.22282276e-01
5117            	-7.85388814e-03	6.20378230e-04	7.70135759e-03	2.93927053e-02	1.22908156e-01
5118            	-7.87009394e-03	6.49550244e-04	7.54373484e-03	2.95534574e-02	1.23601641e-01
5119            	-7.89674024e-03	6.59649062e-04	7.52208344e-03	2.97185225e-02	1.24304736e-01
5120            	-7.93043810e-03	6.49808957e-04	7.63644431e-03	2.98724169e-02	1.24951691e-01
5121            	-7.96549840e-03	6.22807911e-04	7.86049054e-03	2.99989305e-02	1.25475264e-01
5122            	-8.00295750e-03	5.88154921e-04	8.13533921e-03	3.00803987e-02	1.25804057e-01
5123            	-8.04174377e-03	5.54803254e-04	8.40269134e-03	3.00992194e-02	1.25866796e-01
5124            	-8.07394667e-03	5.24710792e-04	8.63883792e-03	3.00478028e-02	1.25632335e-01
5125            	-8.07746269e-03	4.82933161e-04	8.90605445e-03	2.99381748e-02	1.25148112e-01
5126            	-8.04879830e-03	4.25684992e-04	9.22333628e-03	2.97935100e-02	1.24512105e-01
5127            	-8.00577136e-03	3.69469990e-04	9.51286020e-03	2.96329478e-02	1.23811346e-01
5128            	-7.97252443e-03	3.37492365e-04	9.66362199e-03	2.94682809e-02	1.23102874e-01
5129            	-7.95923907e-03	3.40711032e-04	9.62150484e-03	2.93091832e-02	1.22430368e-01
5130            	-7.95408472e-03	3.69854553e-04	9.42789739e-03	2.91723918e-02	1.21861852e-01
5131            	-7.94210453e-03	4.08497072e-04	9.16479950e-03	2.90743023e-02	1.21461841e-01
5132            	-7.91945015e-03	4.47724525e-04	8.88313790e-03	2.90270296e-02	1.21278804e-01
5133            	-7.88829221e-03	4.85933515e-04	8.59632598e-03	2.90318056e-02	1.21317260e-01
5134            	-7.85983314e-03	5.27694978e-04	8.29174985e-03	2.90862796e-02	1.21568204e-01
5135            	-7.84429166e-03	5.75136589e-04	7.97091882e-03	2.91842323e-02	1.22005144e-01
5136            	-7.84439218e-03	6.20500732e-04	7.68672848e-03	2.93183511e-02	1.22593599e-01
5137            	-7.85917889e-03	6.54621277e-04	7.49560756e-03	2.94769327e-02	1.23279959e-01
5138            	-7.88632424e-03	6.71303592e-04	7.43307456e-03	2.96451496e-02	1.23998819e-01
5139            	-7.92191488e-03	6.67444357e-04	7.51254418e-03	2.98082437e-02	1.24686791e-01
5140            	-7.96004201e-03	6.44047020e-04	7.71856006e-03	2.99501933e-02	1.25276858e-01
5141            	-7.99934655e-03	6.08642429e-04	8.00111621e-03	3.00535802e-02	1.25698203e-01
5142            	-8.04181739e-03	5.71335632e-04	8.29911066e-03	3.00994086e-02	1.25873830e-01
5143            	-8.07981326e-03	5.36912874e-04	8.57123855e-03	3.00768871e-02	1.25760067e-01
5144            	-8.09682091e-03	4.97006632e-04	8.84647087e-03	2.99900706e-02	1.25372276e-01
5145            	-8.07883748e-03	4.40166995e-04	9.17679012e-03	2.98600407e-02	1.24797395e-01
5146            	-8.03880632e-03	3.77757105e-04	9.50961778e-03	2.97048258e-02	1.24116105e-01
5147            	-7.99883098e-03	3.32306956e-04	9.73528503e-03	2.95428618e-02	1.23414139e-01
5148            	-7.97669062e-03	3.21270119e-04	9.76986675e-03	2.93824740e-02	1.22731437e-01
5149            	-7.96735948e-03	3.41937253e-04	9.62332391e-03	2.92372157e-02	1.22124167e-01
5150            	-7.95521625e-03	3.78076631e-04	9.37548836e-03	2.91238969e-02	1.21658624e-01
5151            	-7.93234429e-03	4.16847943e-04	9.09605483e-03	2.90569823e-02	1.21392079e-01
5152            	-7.90019139e-03	4.55542064e-04	8.80441885e-03	2.90420486e-02	1.21347198e-01
5153            	-7.86713400e-03	4.97562085e-04	8.49131449e-03	2.90764922e-02	1.21513588e-01
5154            	-7.84350941e-03	5.46172361e-04	8.15117513e-03	2.91558419e-02	1.21872750e-01
5155            	-7.83510356e-03	5.96251009e-04	7.82472159e-03	2.92733598e-02	1.22393397e-01
5156            	-7.84247304e-03	6.38919547e-04	7.56878016e-03	2.94205185e-02	1.23035541e-01
5157            	-7.86396559e-03	6.66509707e-04	7.42922628e-03	2.95816720e-02	1.23729444e-01
5158            	-7.89534766e-03	6.73295918e-04	7.43561272e-03	2.97438619e-02	1.24418425e-01
5159            	-7.93243579e-03	6.59125317e-04	7.58230838e-03	2.98914794e-02	1.25036593e-01
5160            	-7.97045513e-03	6.29003997e-04	7.83024904e-03	3.00073771e-02	1.25513468e-01
5161            	-8.01219713e-03	5.93551140e-04	8.11609757e-03	3.00726748e-02	1.25772742e-01
5162            	-8.05347745e-03	5.60427177e-04	8.38530122e-03	3.00732080e-02	1.25757425e-01
5163            	-8.08368550e-03	5.27424196e-04	8.63661502e-03	3.00055567e-02	1.25452737e-01
5164            	-8.08014832e-03	4.78315455e-04	8.93952976e-03	2.98877585e-02	1.24931351e-01
5165            	-8.04636208e-03	4.15692754e-04	9.28297739e-03	2.97416798e-02	1.24287760e-01
5166            	-8.00559541e-03	3.61107217e-04	9.56522518e-03	2.95830418e-02	1.23595787e-01
5167            	-7.97934438e-03	3.36037164e-04	9.68233001e-03	2.94236621e-02	1.22911906e-01
5168            	-7.97032003e-03	3.45530564e-04	9.60662161e-03	2.92749207e-02	1.22285314e-01
5169            	-7.96400248e-03	3.76450317e-04	9.40000131e-03	2.91523956e-02	1.21778006e-01
5170            	-7.94807725e-03	4.13239122e-04	9.14285782e-03	2.90714561e-02	1.21450332e-01
5171            	-7.92239472e-03	4.49992082e-04	8.87250407e-03	2.90414764e-02	1.21339975e-01
5172            	-7.89048796e-03	4.86825472e-04	8.59337301e-03	2.90622746e-02	1.21446036e-01
5173            	-7.86412250e-03	5.28874086e-04	8.29018594e-03	2.91311462e-02	1.21758144e-01
5174            	-7.85149765e-03	5.75629163e-04	7.97806089e-03	2.92400202e-02	1.22241093e-01
5175            	-7.85385147e-03	6.18430143e-04	7.71347046e-03	2.93814198e-02	1.22859428e-01
5176            	-7.86931484e-03	6.48477919e-04	7.54919247e-03	2.95421992e-02	1.23553531e-01
5177            	-7.89581421e-03	6.59932462e-04	7.51877054e-03	2.97073603e-02	1.24257565e-01
5178            	-7.92968882e-03	6.51490271e-04	7.62459955e-03	2.98619649e-02	1.24908052e-01
5179            	-7.96488381e-03	6.25448679e-04	7.84284545e-03	2.99904347e-02	1.25440310e-01
5180            	-8.00203139e-03	5.90879258e-04	8.11678313e-03	3.00750165e-02	1.25782450e-01
5181            	-8.04111294e-03	5.57175729e-04	8.38686281e-03	3.00984756e-02	1.25864791e-01
5182            	-8.07412358e-03	5.26746772e-04	8.62635747e-03	3.00520751e-02	1.25651478e-01
5183            	-8.07971858e-03	4.85685351e-04	8.89212099e-03	2.99459325e-02	1.25182152e-01
5184            	-8.05263936e-03	4.28751398e-04	9.20975164e-03	2.98032044e-02	1.24554292e-01
5185            	-8.00989999e-03	3.71890536e-04	9.50376810e-03	2.96426813e-02	1.23853284e-01
5186            	-7.97469405e-03	3.37795119e-04	9.66501933e-03	2.94785803e-02	1.23146500e-01
5187            	-7.95946559e-03	3.38708305e-04	9.63459771e-03	2.93191583e-02	1.22471879e-01
5188            	-7.95377006e-03	3.66797427e-04	9.44682964e-03	2.91803669e-02	1.21894504e-01
5189            	-7.94216010e-03	4.05485080e-04	9.18396220e-03	2.90789415e-02	1.21480304e-01
5190            	-7.91986374e-03	4.44797610e-04	8.90222754e-03	2.90279966e-02	1.21281681e-01
5191            	-7.88873757e-03	4.83196609e-04	8.61420417e-03	2.90292596e-02	1.21305293e-01
5192            	-7.85955263e-03	5.24846976e-04	8.30921157e-03	2.90804944e-02	1.21542484e-01
5193            	-7.84264402e-03	5.72082185e-04	7.98763619e-03	2.91756543e-02	1.21967589e-01
5194            	-7.84159778e-03	6.17897390e-04	7.69887755e-03	2.93072285e-02	1.22545464e-01
5195            	-7.85529062e-03	6.53170853e-04	7.49882792e-03	2.94647464e-02	1.23227891e-01
5196            	-7.88143360e-03	6.71404760e-04	7.42502659e-03	2.96335464e-02	1.23949972e-01
5197            	-7.91640695e-03	6.69159337e-04	7.49343830e-03	2.97977370e-02	1.24643315e-01
5198            	-7.95483150e-03	6.47262043e-04	7.69049136e-03	2.99412559e-02	1.25240617e-01
5199            	-7.99412503e-03	6.12548307e-04	7.96878809e-03	3.00471624e-02	1.25672932e-01
5200            	-8.03701507e-03	5.75312866e-04	8.26704215e-03	3.00971041e-02	1.25866044e-01
5201            	-8.07590827e-03	5.40685813e-04	8.54183418e-03	3.00794389e-02	1.25772824e-01
5202            	-8.09579349e-03	5.01706596e-04	8.81546555e-03	2.99964496e-02	1.25401453e-01
5203            	-8.08042464e-03	4.45575861e-04	9.14516994e-03	2.98688064e-02	1.24836750e-01
5204            	-8.04139792e-03	3.82441147e-04	9.48406727e-03	2.97152421e-02	1.24162069e-01
5205            	-8.00158603e-03	3.34961739e-04	9.72278696e-03	2.95528553e-02	1.23457388e-01
5206            	-7.97874198e-03	3.21516018e-04	9.77152010e-03	2.93919317e-02	1.22771493e-01
5207            	-7.96919237e-03	3.40644998e-04	9.63433098e-03	2.92454623e-02	1.22158523e-01
5208            	-7.95758712e-03	3.76298938e-04	9.39031201e-03	2.91297461e-02	1.21682593e-01
5209            	-7.93535398e-03	4.14911224e-04	9.11276859e-03	2.90591748e-02	1.21400423e-01
5210            	-7.90385919e-03	4.53460612e-04	8.82295848e-03	2.90402119e-02	1.21338296e-01
5211            	-7.87087547e-03	4.94736343e-04	8.51459254e-03	2.90713671e-02	1.21490423e-01
5212            	-7.84643504e-03	5.42589588e-04	8.17796773e-03	2.91482078e-02	1.21838698e-01
5213            	-7.83681599e-03	5.92617724e-04	7.84998613e-03	2.92636163e-02	1.22350473e-01
5214            	-7.84277526e-03	6.35780417e-04	7.58880094e-03	2.94094438e-02	1.22987288e-01
5215            	-7.86276259e-03	6.64306950e-04	7.44110651e-03	2.95704469e-02	1.23681079e-01
5216            	-7.89314687e-03	6.72439013e-04	7.43754363e-03	2.97328097e-02	1.24371418e-01
5217            	-7.92968223e-03	6.59955486e-04	7.57281620e-03	2.98815367e-02	1.24994985e-01
5218            	-7.96738069e-03	6.31078652e-04	7.81249165e-03	2.99998342e-02	1.25482552e-01
5219            	-8.00804112e-03	5.95892722e-04	8.09514885e-03	3.00693880e-02	1.25760122e-01
5220            	-8.04896274e-03	5.62650048e-04	8.36464796e-03	3.00746847e-02	1.25765091e-01
5221            	-8.08062176e-03	5.30397522e-04	8.61341486e-03	3.00107364e-02	1.25476325e-01
5222            	-8.07928529e-03	4.82378173e-04	8.91271723e-03	2.98957964e-02	1.24967319e-01
5223            	-8.04679625e-03	4.19958629e-04	9.25680528e-03	2.97515194e-02	1.24331284e-01
5224            	-8.00522143e-03	3.63801482e-04	9.54781238e-03	2.95943905e-02	1.23645087e-01
5225            	-7.97759966e-03	3.36470023e-04	9.67719492e-03	2.94345552e-02	1.22958420e-01
5226            	-7.96791577e-03	3.44302634e-04	9.61100693e-03	2.92841820e-02	1.22324281e-01
5227            	-7.96206312e-03	3.74863143e-04	9.40731407e-03	2.91596130e-02	1.21808098e-01
5228            	-7.94705180e-03	4.11958555e-04	9.14953365e-03	2.90756335e-02	1.21467581e-01
5229            	-7.92206920e-03	4.49030128e-04	8.87814486e-03	2.90422405e-02	1.21342805e-01
5230            	-7.89036440e-03	4.85591246e-04	8.60098759e-03	2.90596380e-02	1.21434310e-01
5231            	-7.86397270e-03	5.27077488e-04	8.30127650e-03	2.91253717e-02	1.21732848e-01
5232            	-7.85122225e-03	5.73651250e-04	7.99007020e-03	2.92319281e-02	1.22205891e-01
5233            	-7.85332815e-03	6.16790207e-04	7.72293348e-03	2.93716743e-02	1.22817384e-01
5234            	-7.86864433e-03	6.47477841e-04	7.55434580e-03	2.95316644e-02	1.23508445e-01
5235            	-7.89476798e-03	6.60146709e-04	7.51570259e-03	2.96973874e-02	1.24215410e-01
5236            	-7.92879228e-03	6.53007400e-04	7.61356334e-03	2.98528604e-02	1.24870088e-01
5237            	-7.96446270e-03	6.27933345e-04	7.82645626e-03	2.99827574e-02	1.25408762e-01
5238            	-8.00159100e-03	5.93671344e-04	8.09849135e-03	3.00701117e-02	1.25762843e-01
5239            	-8.04093349e-03	5.59814068e-04	8.37000034e-03	3.00975449e-02	1.25862029e-01
5240            	-8.07456078e-03	5.28984371e-04	8.61297418e-03	3.00558751e-02	1.25668695e-01
5241            	-8.08227406e-03	4.88558196e-04	8.87785890e-03	2.99527810e-02	1.25212390e-01
5242            	-8.05688950e-03	4.32008783e-04	9.19557076e-03	2.98117381e-02	1.24591614e-01
5243            	-8.01442690e-03	3.74287842e-04	9.49542614e-03	2.96517810e-02	1.23892529e-01
5244            	-7.97800583e-03	3.38145197e-04	9.66779913e-03	2.94873153e-02	1.23183411e-01
5245            	-7.96099206e-03	3.36898248e-04	9.64838206e-03	2.93275980e-02	1.22506846e-01
5246            	-7.95455838e-03	3.63807256e-04	9.46696455e-03	2.91873057e-02	1.21922707e-01
5247            	-7.94305808e-03	4.02235717e-04	9.20587919e-03	2.90830391e-02	1.21496322e-01
5248            	-7.92094464e-03	4.41590091e-04	8.92410504e-03	2.90284945e-02	1.21282387e-01
5249            	-7.88984241e-03	4.80144495e-04	8.63507721e-03	2.90263450e-02	1.21291540e-01
5250            	-7.86008699e-03	5.21798912e-04	8.32917092e-03	2.90743508e-02	1.21515055e-01
5251            	-7.84198336e-03	5.68890864e-04	8.00669839e-03	2.91670132e-02	1.21929581e-01
5252            	-7.83959981e-03	6.14969248e-04	7.71427246e-03	2.92969046e-02	1.22500504e-01
5253            	-7.85211347e-03	6.51235842e-04	7.50617442e-03	2.94536973e-02	1.23180380e-01
5254            	-7.87743195e-03	6.71098262e-04	7.42085357e-03	2.96219979e-02	1.23901083e-01
5255            	-7.91138562e-03	6.70519464e-04	7.47727418e-03	2.97873327e-02	1.24600078e-01
5256            	-7.94962549e-03	6.50023013e-04	7.66527678e-03	2.99329186e-02	1.25206747e-01
5257            	-7.98891113e-03	6.16055988e-04	7.93894045e-03	3.00418088e-02	1.25652034e-01
5258            	-8.03190166e-03	5.78871862e-04	8.23712093e-03	3.00952360e-02	1.25859967e-01
5259            	-8.07176703e-03	5.44297985e-04	8.51307305e-03	3.00818914e-02	1.25785095e-01
5260            	-8.09457805e-03	5.06485390e-04	8.78367321e-03	3.00023021e-02	1.25428401e-01
5261            	-8.08188386e-03	4.51352127e-04	9.11102942e-03	2.98769123e-02	1.24873412e-01
5262            	-8.04403796e-03	3.87502433e-04	9.45618389e-03	2.97245779e-02	1.24203495e-01
5263            	-8.00374351e-03	3.37671765e-04	9.70905334e-03	2.95631073e-02	1.23501785e-01
5264            	-7.98036617e-03	3.21545978e-04	9.77391314e-03	2.94013966e-02	1.22811535e-01
5265            	-7.97094431e-03	3.38936092e-04	9.64786657e-03	2.92530951e-02	1.22190107e-01
5266            	-7.96002305e-03	3.73999005e-04	9.40854781e-03	2.91346797e-02	1.21702455e-01
5267            	-7.93847862e-03	4.12756200e-04	9.13104251e-03	2.90609032e-02	1.21406675e-01
5268            	-7.90776449e-03	4.51367942e-04	8.84192302e-03	2.90384800e-02	1.21329803e-01
5269            	-7.87462537e-03	4.92177033e-04	8.53622640e-03	2.90659344e-02	1.21466011e-01
5270            	-7.84951657e-03	5.39257671e-04	8.20344261e-03	2.91402708e-02	1.21803418e-01
5271            	-7.83890094e-03	5.89138882e-04	7.87487251e-03	2.92537042e-02	1.22306850e-01
5272            	-7.84357070e-03	6.32678846e-04	7.60935896e-03	2.93984948e-02	1.22939570e-01
5273            	-7.86220809e-03	6.62064820e-04	7.45422492e-03	2.95592223e-02	1.23632677e-01
5274            	-7.89142461e-03	6.71444384e-04	7.44108444e-03	2.97222554e-02	1.24326454e-01
5275            	-7.92768884e-03	6.60423427e-04	7.56676688e-03	2.98719525e-02	1.24954723e-01
5276            	-7.96519208e-03	6.32788852e-04	7.79838483e-03	2.99923520e-02	1.25451696e-01
5277            	-8.00517520e-03	5.98023381e-04	8.07746719e-03	3.00656570e-02	1.25745440e-01
5278            	-8.04555979e-03	5.64655416e-04	8.34703778e-03	3.00756576e-02	1.25770442e-01
5279            	-8.07785914e-03	5.32751839e-04	8.59459298e-03	3.00156939e-02	1.25498724e-01
5280            	-8.07839179e-03	4.85879212e-04	8.88942652e-03	2.99032299e-02	1.25000516e-01
5281            	-8.04765229e-03	4.24141290e-04	9.23178484e-03	2.97598346e-02	1.24368236e-01
5282            	-8.00562770e-03	3.66793884e-04	9.52963978e-03	2.96038970e-02	1.23686610e-01
5283            	-7.97613165e-03	3.37017336e-04	9.67172017e-03	2.94450460e-02	1.23003315e-01
5284            	-7.96539560e-03	3.42887158e-04	9.61638810e-03	2.92934742e-02	1.22363389e-01
5285            	-7.95986389e-03	3.72792388e-04	9.41728057e-03	2.91660465e-02	1.21834753e-01
5286            	-7.94574740e-03	4.10437762e-04	9.15730000e-03	2.90787965e-02	1.21480450e-01
5287            	-7.92146737e-03	4.47945603e-04	8.88413014e-03	2.90424988e-02	1.21343467e-01
5288            	-7.88985240e-03	4.84630921e-04	8.60629367e-03	2.90573582e-02	1.21424218e-01
5289            	-7.86313967e-03	5.25673967e-04	8.30887349e-03	2.91202885e-02	1.21710703e-01
5290            	-7.85005896e-03	5.72036849e-04	7.99848527e-03	2.92242270e-02	1.22172572e-01
5291            	-7.85198165e-03	6.15368626e-04	7.72983097e-03	2.93622103e-02	1.22776665e-01
5292            	-7.86725325e-03	6.46682543e-04	7.55718318e-03	2.95215719e-02	1.23465356e-01
5293            	-7.89351460e-03	6.60341396e-04	7.51246933e-03	2.96876081e-02	1.24174058e-01
5294            	-7.92750512e-03	6.54416772e-04	7.60262944e-03	2.98444647e-02	1.24835103e-01
5295            	-7.96316072e-03	6.30389953e-04	7.80895004e-03	2.99762352e-02	1.25382149e-01
5296            	-8.00056241e-03	5.96314792e-04	8.08027834e-03	3.00660671e-02	1.25746845e-01
5297            	-8.04062288e-03	5.62135395e-04	8.35495493e-03	3.00968220e-02	1.25860009e-01
5298            	-8.07506276e-03	5.30890011e-04	8.60179261e-03	3.00590894e-02	1.25683245e-01
5299            	-8.08482619e-03	4.91223622e-04	8.86491146e-03	2.99593726e-02	1.25241428e-01
5300            	-8.06098575e-03	4.35243889e-04	9.18130313e-03	2.98205096e-02	1.24629959e-01
5301            	-8.01881562e-03	3.76822826e-04	9.48600476e-03	2.96610622e-02	1.23932625e-01
5302            	-7.98124922e-03	3.38594342e-04	9.66985361e-03	2.94964534e-02	1.23222112e-01
5303            	-7.96289568e-03	3.35114011e-04	9.66253606e-03	2.93358762e-02	1.22541136e-01
5304            	-7.95594570e-03	3.60941368e-04	9.48716291e-03	2.91942207e-02	1.21950847e-01
5305            	-7.94448851e-03	3.99345651e-04	9.22627061e-03	2.90873268e-02	1.21513286e-01
5306            	-7.92242154e-03	4.38712642e-04	8.94446166e-03	2.90291615e-02	1.21283943e-01
5307            	-7.89133160e-03	4.77328090e-04	8.65502199e-03	2.90234880e-02	1.21278123e-01
5308            	-7.86116417e-03	5.18748985e-04	8.34993471e-03	2.90683956e-02	1.21488417e-01
5309            	-7.84186622e-03	5.65667125e-04	8.02675457e-03	2.91586597e-02	1.21892784e-01
5310            	-7.83782211e-03	6.11918989e-04	7.73075192e-03	2.92872456e-02	1.22458397e-01
5311            	-7.84926235e-03	6.49139801e-04	7.51502200e-03	2.94429132e-02	1.23133934e-01
5312            	-7.87376733e-03	6.70313435e-04	7.42021147e-03	2.96108146e-02	1.23853523e-01
5313            	-7.90717895e-03	6.71094667e-04	7.46724904e-03	2.97766100e-02	1.24555082e-01
5314            	-7.94494513e-03	6.51910454e-04	7.64632583e-03	2.99244442e-02	1.25171886e-01
5315            	-7.98380845e-03	6.18779382e-04	7.91418339e-03	3.00365190e-02	1.25631068e-01
5316            	-8.02672316e-03	5.81812129e-04	8.21099194e-03	3.00939344e-02	1.25856041e-01
5317            	-8.06742042e-03	5.47453888e-04	8.48688794e-03	3.00845914e-02	1.25798194e-01
5318            	-8.09286299e-03	5.10808312e-04	8.75403131e-03	3.00083543e-02	1.25455999e-01
5319            	-8.08285153e-03	4.56788816e-04	9.07832051e-03	2.98852562e-02	1.24910940e-01
5320            	-8.04626001e-03	3.92572870e-04	9.42763856e-03	2.97343627e-02	1.24246840e-01
5321            	-8.00581652e-03	3.40772208e-04	9.69273077e-03	2.95733060e-02	1.23546089e-01
5322            	-7.98167107e-03	3.22026437e-04	9.77300377e-03	2.94115451e-02	1.22854674e-01
5323            	-7.97236156e-03	3.37458028e-04	9.65946659e-03	2.92616019e-02	1.22225516e-01
5324            	-7.96242425e-03	3.71880895e-04	9.42559083e-03	2.91403453e-02	1.21725478e-01
5325            	-7.94180179e-03	4.10646483e-04	9.14932333e-03	2.90631057e-02	1.21414944e-01
5326            	-7.91188902e-03	4.49503597e-04	8.85976823e-03	2.90371560e-02	1.21323129e-01
5327            	-7.87852497e-03	4.89938993e-04	8.55604649e-03	2.90614482e-02	1.21445775e-01
5328            	-7.85258836e-03	5.36324118e-04	8.22639215e-03	2.91330758e-02	1.21771466e-01
5329            	-7.84106646e-03	5.86063955e-04	7.89733748e-03	2.92442464e-02	1.22265316e-01
5330            	-7.84471722e-03	6.30041426e-04	7.62751975e-03	2.93875624e-02	1.22892061e-01
5331            	-7.86221143e-03	6.60128262e-04	7.46625043e-03	2.95479281e-02	1.23584059e-01
5332            	-7.89055670e-03	6.70638292e-04	7.44468081e-03	2.97113989e-02	1.24280225e-01
5333            	-7.92622793e-03	6.60914143e-04	7.56134868e-03	2.98622198e-02	1.24913817e-01
5334            	-7.96360002e-03	6.34378057e-04	7.78591093e-03	2.99843752e-02	1.25418683e-01
5335            	-8.00313490e-03	6.00160758e-04	8.06095959e-03	3.00606365e-02	1.25725241e-01
5336            	-8.04321992e-03	5.66726606e-04	8.33058745e-03	3.00747071e-02	1.25767549e-01
5337            	-8.07589579e-03	5.34953745e-04	8.57791423e-03	3.00193064e-02	1.25515312e-01
5338            	-8.07804527e-03	4.89117057e-04	8.86861348e-03	2.99096972e-02	1.25029521e-01
5339            	-8.04878608e-03	4.28106348e-04	9.20857870e-03	2.97674145e-02	1.24402022e-01
5340            	-8.00667111e-03	3.69890229e-04	9.51179046e-03	2.96120163e-02	1.23722222e-01
5341            	-7.97558926e-03	3.37895417e-04	9.66552934e-03	2.94536922e-02	1.23040369e-01
5342            	-7.96354951e-03	3.41386741e-04	9.62327493e-03	2.93019809e-02	1.22399062e-01
5343            	-7.95787937e-03	3.70339028e-04	9.42996160e-03	2.91729821e-02	1.21863403e-01
5344            	-7.94447354e-03	4.08305188e-04	9.16897234e-03	2.90825375e-02	1.21495569e-01
5345            	-7.92091221e-03	4.46612405e-04	8.89176310e-03	2.90427934e-02	1.21344168e-01
5346            	-7.88965880e-03	4.83660572e-04	8.61212794e-03	2.90547813e-02	1.21412835e-01
5347            	-7.86244792e-03	5.24471056e-04	8.31540872e-03	2.91151719e-02	1.21688514e-01
5348            	-7.84865753e-03	5.70698827e-04	8.00481927e-03	2.92167271e-02	1.22140230e-01
5349            	-7.85013739e-03	6.14316638e-04	7.73368988e-03	2.93528655e-02	1.22736612e-01
5350            	-7.86534219e-03	6.46378088e-04	7.55618549e-03	2.95114118e-02	1.23422165e-01
5351            	-7.89179566e-03	6.61020750e-04	7.50551812e-03	2.96774931e-02	1.24131467e-01
5352            	-7.92616594e-03	6.55860448e-04	7.59141057e-03	2.98353438e-02	1.24797052e-01
5353            	-7.96206729e-03	6.32498909e-04	7.79393833e-03	2.99690942e-02	1.25352791e-01
5354            	-7.99942160e-03	5.98848698e-04	8.06258255e-03	3.00616141e-02	1.25729094e-01
5355            	-8.03976702e-03	5.64725454e-04	8.33739816e-03	3.00958138e-02	1.25856911e-01
5356            	-8.07507502e-03	5.33267835e-04	8.58689730e-03	3.00619877e-02	1.25696647e-01
5357            	-8.08704097e-03	4.94105421e-04	8.85009508e-03	2.99660888e-02	1.25271127e-01
5358            	-8.06513068e-03	4.38612033e-04	9.16627093e-03	2.98290686e-02	1.24667475e-01
5359            	-8.02351267e-03	3.79515795e-04	9.47605028e-03	2.96702350e-02	1.23972335e-01
5360            	-7.98504216e-03	3.39308060e-04	9.67105993e-03	2.95057193e-02	1.23261445e-01
5361            	-7.96544272e-03	3.33571262e-04	9.67613349e-03	2.93446907e-02	1.22577765e-01
5362            	-7.95801854e-03	3.58000186e-04	9.50885507e-03	2.92012528e-02	1.21979412e-01
5363            	-7.94674480e-03	3.96171348e-04	9.24967601e-03	2.90915779e-02	1.21529958e-01
5364            	-7.92471284e-03	4.35879793e-04	8.96573901e-03	2.90299005e-02	1.21285817e-01
5365            	-7.89353477e-03	4.74606588e-04	8.67543568e-03	2.90209187e-02	1.21265969e-01
5366            	-7.86277713e-03	5.15840734e-04	8.37063366e-03	2.90624209e-02	1.21461706e-01
5367            	-7.84240066e-03	5.62591445e-04	8.04687863e-03	2.91502439e-02	1.21855734e-01
5368            	-7.83699605e-03	6.09157197e-04	7.74683930e-03	2.92770290e-02	1.22413952e-01
5369            	-7.84699577e-03	6.47098468e-04	7.52440860e-03	2.94322738e-02	1.23088146e-01
5370            	-7.87062949e-03	6.69344589e-04	7.42152093e-03	2.95997443e-02	1.23806375e-01
5371            	-7.90320457e-03	6.71192369e-04	7.46060921e-03	2.97664580e-02	1.24512316e-01
5372            	-7.94094534e-03	6.53319611e-04	7.63138550e-03	2.99156309e-02	1.25135343e-01
5373            	-7.97918687e-03	6.21089885e-04	7.89271319e-03	3.00307007e-02	1.25607664e-01
5374            	-8.02138352e-03	5.84580222e-04	8.18567499e-03	3.00922979e-02	1.25850654e-01
5375            	-8.06237693e-03	5.50534176e-04	8.46011340e-03	3.00874979e-02	1.25812236e-01
5376            	-8.09014153e-03	5.15098855e-04	8.72308027e-03	3.00141900e-02	1.25482749e-01
5377            	-8.08280322e-03	4.62226727e-04	9.04409051e-03	2.98935730e-02	1.24948433e-01
5378            	-8.04756953e-03	3.97839044e-04	9.39650629e-03	2.97444880e-02	1.24291786e-01
5379            	-8.00707896e-03	3.44262676e-04	9.67275116e-03	2.95841820e-02	1.23593489e-01
5380            	-7.98234450e-03	3.22889091e-04	9.76874020e-03	2.94223620e-02	1.22900840e-01
5381            	-7.97313373e-03	3.36272059e-04	9.66826335e-03	2.92713208e-02	1.22266221e-01
5382            	-7.96424201e-03	3.69788839e-04	9.44159425e-03	2.91473322e-02	1.21754158e-01
5383            	-7.94466547e-03	4.08465109e-04	9.16736400e-03	2.90664344e-02	1.21427993e-01
5384            	-7.91559644e-03	4.47516688e-04	8.87776720e-03	2.90368861e-02	1.21320922e-01
5385            	-7.88216779e-03	4.87695276e-04	8.57551822e-03	2.90580422e-02	1.21430168e-01
5386            	-7.85558976e-03	5.33430440e-04	8.24897694e-03	2.91266326e-02	1.21742745e-01
5387            	-7.84332178e-03	5.83029978e-04	7.91966493e-03	2.92355486e-02	1.22227063e-01
5388            	-7.84627323e-03	6.27497532e-04	7.64569011e-03	2.93772258e-02	1.22847133e-01
5389            	-7.86293586e-03	6.58431991e-04	7.47782333e-03	2.95370348e-02	1.23537185e-01
5390            	-7.89053499e-03	6.69945858e-04	7.44881763e-03	2.97008079e-02	1.24235115e-01
5391            	-7.92576634e-03	6.61297654e-04	7.55807269e-03	2.98526825e-02	1.24873638e-01
5392            	-7.96259236e-03	6.35635927e-04	7.77638793e-03	2.99766920e-02	1.25386754e-01
5393            	-8.00177293e-03	6.01923809e-04	8.04782748e-03	3.00555529e-02	1.25704585e-01
5394            	-8.04205907e-03	5.68710449e-04	8.31643760e-03	3.00732604e-02	1.25762428e-01
5395            	-8.07520351e-03	5.37355071e-04	8.56186224e-03	3.00222395e-02	1.25528952e-01
5396            	-8.07893531e-03	4.92709456e-04	8.84739189e-03	2.99152016e-02	1.25054420e-01
5397            	-8.05049131e-03	4.32092020e-04	9.18608784e-03	2.97750887e-02	1.24436198e-01
5398            	-8.00856679e-03	3.73099641e-04	9.49448410e-03	2.96194011e-02	1.23754700e-01
5399            	-7.97574847e-03	3.38892497e-04	9.65963213e-03	2.94617751e-02	1.23075030e-01
5400            	-7.96221336e-03	3.40178849e-04	9.62907089e-03	2.93100835e-02	1.22433075e-01
5401            	-7.95639681e-03	3.68072254e-04	9.44218107e-03	2.91795747e-02	1.21890632e-01
5402            	-7.94365588e-03	4.06230757e-04	9.18092181e-03	2.90861069e-02	1.21509959e-01
5403            	-7.92068351e-03	4.44987795e-04	8.90169505e-03	2.90428546e-02	1.21343765e-01
5404            	-7.88948309e-03	4.82460574e-04	8.61941427e-03	2.90518985e-02	1.21400063e-01
5405            	-7.86161943e-03	5.23202506e-04	8.32212850e-03	2.91095806e-02	1.21664264e-01
5406            	-7.84696002e-03	5.69284241e-04	8.01116836e-03	2.92092510e-02	1.22108012e-01
5407            	-7.84794530e-03	6.13293870e-04	7.73683258e-03	2.93435583e-02	1.22696767e-01
5408            	-7.86298119e-03	6.46097847e-04	7.55436904e-03	2.95012117e-02	1.23378837e-01
5409            	-7.88956986e-03	6.61764449e-04	7.49741777e-03	2.96674609e-02	1.24089258e-01
5410            	-7.92415840e-03	6.57514776e-04	7.57788588e-03	2.98264650e-02	1.24760123e-01
5411            	-7.96080470e-03	6.34776746e-04	7.77759723e-03	2.99620342e-02	1.25323831e-01
5412            	-7.99817497e-03	6.01279072e-04	8.04537994e-03	3.00572600e-02	1.25711728e-01
5413            	-8.03892014e-03	5.67013450e-04	8.32176990e-03	3.00947891e-02	1.25853627e-01
5414            	-8.07508478e-03	5.35514379e-04	8.57284159e-03	3.00646993e-02	1.25709199e-01
5415            	-8.08950259e-03	4.97268077e-04	8.83387744e-03	2.99717956e-02	1.25296588e-01
5416            	-8.06927224e-03	4.42158528e-04	9.15011397e-03	2.98373129e-02	1.24703758e-01
5417            	-8.02846033e-03	3.82458525e-04	9.46490139e-03	2.96787660e-02	1.24009443e-01
5418            	-7.98937564e-03	3.40450196e-04	9.67038257e-03	2.95140439e-02	1.23296923e-01
5419            	-7.96860599e-03	3.32533765e-04	9.68748386e-03	2.93524683e-02	1.22610147e-01
5420            	-7.96061240e-03	3.55432331e-04	9.52899866e-03	2.92076028e-02	1.22005193e-01
5421            	-7.94962465e-03	3.93030179e-04	9.27381797e-03	2.90955248e-02	1.21545309e-01
5422            	-7.92783843e-03	4.32741213e-04	8.99018507e-03	2.90302542e-02	1.21285903e-01
5423            	-7.89666900e-03	4.71706936e-04	8.69834700e-03	2.90177394e-02	1.21251147e-01
5424            	-7.86520152e-03	5.12978969e-04	8.39224473e-03	2.90557721e-02	1.21432168e-01
5425            	-7.84374212e-03	5.59690204e-04	8.06712235e-03	2.91404747e-02	1.21812951e-01
5426            	-7.83720805e-03	6.06606290e-04	7.76315669e-03	2.92653194e-02	1.22363142e-01
5427            	-7.84577319e-03	6.45243704e-04	7.53416399e-03	2.94203847e-02	1.23037037e-01
5428            	-7.86796132e-03	6.68412917e-04	7.42329086e-03	2.95883360e-02	1.23757840e-01
5429            	-7.89957402e-03	6.71289077e-04	7.45447761e-03	2.97558561e-02	1.24467691e-01
5430            	-7.93683925e-03	6.54340615e-04	7.61876740e-03	2.99067351e-02	1.25098338e-01
5431            	-7.97523798e-03	6.22842067e-04	7.87575627e-03	3.00241135e-02	1.25580734e-01
5432            	-8.01683479e-03	5.86643895e-04	8.16595009e-03	3.00896448e-02	1.25840618e-01
5433            	-8.05771826e-03	5.52913941e-04	8.43830927e-03	3.00895019e-02	1.25822148e-01
5434            	-8.08713277e-03	5.18546910e-04	8.69701261e-03	3.00199461e-02	1.25508894e-01
5435            	-8.08265549e-03	4.67220468e-04	9.01250340e-03	2.99009321e-02	1.24981683e-01
5436            	-8.04897789e-03	4.03170880e-04	9.36509232e-03	2.97530309e-02	1.24329954e-01
5437            	-8.00800939e-03	3.47945231e-04	9.65106034e-03	2.95944273e-02	1.23638223e-01
5438            	-7.98222827e-03	3.23702439e-04	9.76363002e-03	2.94332322e-02	1.22947211e-01
5439            	-7.97308438e-03	3.34780148e-04	9.67779136e-03	2.92811029e-02	1.22307108e-01
5440            	-7.96556016e-03	3.67514050e-04	9.45803823e-03	2.91547054e-02	1.21784398e-01
5441            	-7.94747264e-03	4.06246403e-04	9.18557749e-03	2.90701749e-02	1.21442717e-01
5442            	-7.91941567e-03	4.45453700e-04	8.89641026e-03	2.90372356e-02	1.21321264e-01
5443            	-7.88585560e-03	4.85326756e-04	8.59585217e-03	2.90551434e-02	1.21416620e-01
5444            	-7.85861116e-03	5.30400000e-04	8.27247595e-03	2.91210213e-02	1.21717475e-01
5445            	-7.84560773e-03	5.79927275e-04	7.94249847e-03	2.92273988e-02	1.22191035e-01
5446            	-7.84781709e-03	6.24803014e-04	7.66480980e-03	2.93675740e-02	1.22805009e-01
5447            	-7.86380937e-03	6.56498875e-04	7.49112131e-03	2.95268595e-02	1.23493243e-01
5448            	-7.89088727e-03	6.69140641e-04	7.45422523e-03	2.96908438e-02	1.24192577e-01
5449            	-7.92577990e-03	6.61657262e-04	7.55565343e-03	2.98437875e-02	1.24836119e-01
5450            	-7.96238278e-03	6.36692348e-04	7.76930206e-03	2.99695316e-02	1.25356894e-01
5451            	-8.00120210e-03	6.03355365e-04	8.03792510e-03	3.00511534e-02	1.25686644e-01
5452            	-8.04143506e-03	5.70334389e-04	8.30533073e-03	3.00721237e-02	1.25758428e-01
5453            	-8.07510249e-03	5.39279627e-04	8.54967780e-03	3.00249556e-02	1.25541441e-01
5454            	-8.08046615e-03	4.95679879e-04	8.83102694e-03	2.99205954e-02	1.25078584e-01
5455            	-8.05320847e-03	4.35629893e-04	9.16790156e-03	2.97820574e-02	1.24467119e-01
5456            	-8.01085262e-03	3.75787488e-04	9.48105135e-03	2.96274524e-02	1.23789829e-01
5457            	-7.97665556e-03	3.39637668e-04	9.65644023e-03	2.94696721e-02	1.23108754e-01
5458            	-7.96179498e-03	3.38911067e-04	9.63661237e-03	2.93174207e-02	1.22463717e-01
5459            	-7.95567664e-03	3.65554642e-04	9.45711373e-03	2.91857802e-02	1.21916024e-01
5460            	-7.94339811e-03	4.03284652e-04	9.19918105e-03	2.90905082e-02	1.21527497e-01
5461            	-7.92070928e-03	4.42189659e-04	8.91940190e-03	2.90440879e-02	1.21347855e-01
5462            	-7.88971263e-03	4.80160864e-04	8.63424030e-03	2.90498396e-02	1.21390316e-01
5463            	-7.86136065e-03	5.21087968e-04	8.33504226e-03	2.91044825e-02	1.21641676e-01
5464            	-7.84580914e-03	5.67332744e-04	8.02171010e-03	2.92022737e-02	1.22077577e-01
5465            	-7.84595989e-03	6.11823100e-04	7.74309617e-03	2.93355796e-02	1.22662360e-01
5466            	-7.86074874e-03	6.45528602e-04	7.55457298e-03	2.94923018e-02	1.23340827e-01
5467            	-7.88743475e-03	6.62314136e-04	7.49070244e-03	2.96580825e-02	1.24049686e-01
5468            	-7.92198395e-03	6.59119932e-04	7.56447059e-03	2.98181403e-02	1.24725463e-01
5469            	-7.95939691e-03	6.37121214e-04	7.76066132e-03	2.99554871e-02	1.25296991e-01
5470            	-7.99728929e-03	6.03753707e-04	8.02842746e-03	3.00532644e-02	1.25695816e-01
5471            	-8.03822552e-03	5.69134940e-04	8.30740680e-03	3.00940384e-02	1.25851409e-01
5472            	-8.07496569e-03	5.37359589e-04	8.56112784e-03	3.00672800e-02	1.25721045e-01
5473            	-8.09157906e-03	5.00142525e-04	8.81891779e-03	2.99770551e-02	1.25320063e-01
5474            	-8.07342240e-03	4.45807843e-04	9.13332016e-03	2.98442680e-02	1.24734548e-01
5475            	-8.03309732e-03	3.85505709e-04	9.45263090e-03	2.96871410e-02	1.24045942e-01
5476            	-7.99352077e-03	3.41809610e-04	9.66806549e-03	2.95226453e-02	1.23333688e-01
5477            	-7.97213589e-03	3.31974441e-04	9.69636865e-03	2.93599272e-02	1.22641331e-01
5478            	-7.96382297e-03	3.53517861e-04	9.54593420e-03	2.92133630e-02	1.22028666e-01
5479            	-7.95293173e-03	3.90635715e-04	9.29387382e-03	2.90990094e-02	1.21558945e-01
5480            	-7.93131049e-03	4.30170589e-04	9.01154977e-03	2.90307095e-02	1.21286619e-01
5481            	-7.90041183e-03	4.69103050e-04	8.72028737e-03	2.90147583e-02	1.21237246e-01
5482            	-7.86862392e-03	5.10228457e-04	8.41461867e-03	2.90496089e-02	1.21404737e-01
5483            	-7.84614179e-03	5.56912896e-04	8.08814726e-03	2.91313470e-02	1.21772952e-01
5484            	-7.83837644e-03	6.04217285e-04	7.77989013e-03	2.92539427e-02	1.22313806e-01
5485            	-7.84564926e-03	6.43564322e-04	7.54447282e-03	2.94078262e-02	1.22983059e-01
5486            	-7.86632474e-03	6.67566886e-04	7.42607671e-03	2.95763645e-02	1.23706862e-01
5487            	-7.89698059e-03	6.71475517e-04	7.44931961e-03	2.97447193e-02	1.24420758e-01
5488            	-7.93365939e-03	6.55463099e-04	7.60686261e-03	2.98973990e-02	1.25059470e-01
5489            	-7.97162090e-03	6.24341078e-04	7.86089449e-03	3.00174383e-02	1.25553328e-01
5490            	-8.01302209e-03	5.88384709e-04	8.14933223e-03	3.00864155e-02	1.25827975e-01
5491            	-8.05376488e-03	5.54904817e-04	8.41997348e-03	3.00903135e-02	1.25826820e-01
5492            	-8.08444692e-03	5.21668729e-04	8.67345949e-03	3.00243410e-02	1.25529131e-01
5493            	-8.08204629e-03	4.71816373e-04	8.98273961e-03	2.99076345e-02	1.25012069e-01
5494            	-8.04966806e-03	4.08222726e-04	9.33438727e-03	2.97612621e-02	1.24366813e-01
5495            	-8.00888870e-03	3.51884536e-04	9.62766757e-03	2.96029227e-02	1.23675657e-01
5496            	-7.98191611e-03	3.25251404e-04	9.75358556e-03	2.94427333e-02	1.22988077e-01
5497            	-7.97249460e-03	3.34247582e-04	9.68047116e-03	2.92903570e-02	1.22346164e-01
5498            	-7.96602648e-03	3.65925087e-04	9.46890106e-03	2.91620409e-02	1.21814836e-01
5499            	-7.94954455e-03	4.04704795e-04	9.19845090e-03	2.90743877e-02	1.21459782e-01
5500            	-7.92262649e-03	4.44030793e-04	8.91013904e-03	2.90380072e-02	1.21323668e-01
5501            	-7.88920446e-03	4.83473309e-04	8.61243437e-03	2.90530235e-02	1.21406607e-01
5502            	-7.86148030e-03	5.27880218e-04	8.29251049e-03	2.91162439e-02	1.21695992e-01
5503            	-7.84772895e-03	5.77084373e-04	7.96343998e-03	2.92203684e-02	1.22159945e-01
5504            	-7.84947640e-03	6.22415945e-04	7.68215550e-03	2.93582357e-02	1.22764331e-01
5505            	-7.86499883e-03	6.55024630e-04	7.50197363e-03	2.95165470e-02	1.23448861e-01
5506            	-7.89166026e-03	6.68837446e-04	7.45705247e-03	2.96807941e-02	1.24149852e-01
5507            	-7.92609395e-03	6.62363296e-04	7.55145645e-03	2.98353091e-02	1.24800532e-01
5508            	-7.96253931e-03	6.38121722e-04	7.76036963e-03	2.99629491e-02	1.25329658e-01
5509            	-8.00123167e-03	6.04884711e-04	8.02826980e-03	3.00465442e-02	1.25667848e-01
5510            	-8.04178677e-03	5.71882517e-04	8.29611978e-03	3.00703589e-02	1.25751711e-01
5511            	-8.07606370e-03	5.41154127e-04	8.53935408e-03	3.00264229e-02	1.25548545e-01
5512            	-8.08281054e-03	4.98601233e-04	8.81616192e-03	2.99248557e-02	1.25097861e-01
5513            	-8.05649390e-03	4.39069340e-04	9.15117870e-03	2.97881258e-02	1.24494160e-01
5514            	-8.01413111e-03	3.78605433e-04	9.46825545e-03	2.96340242e-02	1.23818667e-01
5515            	-7.97874543e-03	3.40558612e-04	9.65387622e-03	2.94762970e-02	1.23137095e-01
5516            	-7.96255438e-03	3.37757363e-04	9.64516741e-03	2.93237306e-02	1.22489992e-01
5517            	-7.95593485e-03	3.62957190e-04	9.47399603e-03	2.91911552e-02	1.21937813e-01
5518            	-7.94371561e-03	4.00269779e-04	9.21873769e-03	2.90942787e-02	1.21542291e-01
5519            	-7.92117047e-03	4.39132297e-04	8.93937506e-03	2.90454605e-02	1.21352433e-01
5520            	-7.89009022e-03	4.77493675e-04	8.65159846e-03	2.90477384e-02	1.21380238e-01
5521            	-7.86139907e-03	5.18749724e-04	8.34979322e-03	2.90993804e-02	1.21618967e-01
5522            	-7.84502186e-03	5.65293189e-04	8.03333455e-03	2.91950309e-02	1.22045943e-01
5523            	-7.84420842e-03	6.10203739e-04	7.75062584e-03	2.93271691e-02	1.22626013e-01
5524            	-7.85817586e-03	6.44734124e-04	7.55568301e-03	2.94839360e-02	1.23305095e-01
5525            	-7.88468507e-03	6.62774738e-04	7.48365017e-03	2.96497021e-02	1.24014375e-01
5526            	-7.91966304e-03	6.60778956e-04	7.55048618e-03	2.98100536e-02	1.24691822e-01
5527            	-7.95742061e-03	6.39576764e-04	7.74219255e-03	2.99494775e-02	1.25272470e-01
5528            	-7.99576993e-03	6.06367493e-04	8.00967189e-03	3.00501313e-02	1.25683596e-01
5529            	-8.03712204e-03	5.71324108e-04	8.29200881e-03	3.00940452e-02	1.25852417e-01
5530            	-8.07460528e-03	5.39180604e-04	8.54919563e-03	3.00707032e-02	1.25736458e-01
5531            	-8.09357894e-03	5.02824143e-04	8.80504508e-03	2.99828673e-02	1.25345804e-01
5532            	-8.07746813e-03	4.49278937e-04	9.11747949e-03	2.98515263e-02	1.24766564e-01
5533            	-8.03786546e-03	3.88514098e-04	9.44077172e-03	2.96952292e-02	1.24081213e-01
5534            	-7.99770519e-03	3.43085379e-04	9.66629057e-03	2.95310026e-02	1.23369435e-01
5535            	-7.97540377e-03	3.31175041e-04	9.70636573e-03	2.93681028e-02	1.22675560e-01
5536            	-7.96698187e-03	3.51365297e-04	9.56430997e-03	2.92197868e-02	1.22054907e-01
5537            	-7.95662664e-03	3.88002022e-04	9.31603359e-03	2.91025152e-02	1.21572545e-01
5538            	-7.93545725e-03	4.27573055e-04	9.03409522e-03	2.90309170e-02	1.21286200e-01
5539            	-7.90492063e-03	4.66663808e-04	8.74232386e-03	2.90117981e-02	1.21223429e-01
5540            	-7.87275645e-03	5.07636543e-04	8.43704228e-03	2.90435885e-02	1.21377904e-01
5541            	-7.84918948e-03	5.54158284e-04	8.10998229e-03	2.91229311e-02	1.21736013e-01
5542            	-7.84038706e-03	6.01950520e-04	7.79711058e-03	2.92426726e-02	1.22264978e-01
5543            	-7.84647632e-03	6.42028756e-04	7.55531513e-03	2.93951614e-02	1.22928667e-01
5544            	-7.86595771e-03	6.66948430e-04	7.42934763e-03	2.95639184e-02	1.23653862e-01
5545            	-7.89553186e-03	6.71715275e-04	7.44556751e-03	2.97336166e-02	1.24373905e-01
5546            	-7.93154161e-03	6.56636256e-04	7.59623864e-03	2.98880593e-02	1.25020524e-01
5547            	-7.96912191e-03	6.26098145e-04	7.84606098e-03	3.00104084e-02	1.25524448e-01
5548            	-8.00979137e-03	5.90134509e-04	8.13352515e-03	3.00828042e-02	1.25813677e-01
5549            	-8.05049721e-03	5.56738051e-04	8.40362836e-03	3.00905261e-02	1.25828843e-01
5550            	-8.08208922e-03	5.24340261e-04	8.65320133e-03	3.00281811e-02	1.25546843e-01
5551            	-8.08132665e-03	4.75945865e-04	8.95572546e-03	2.99137458e-02	1.25039835e-01
5552            	-8.05007609e-03	4.12985822e-04	9.30506288e-03	2.97688152e-02	1.24400748e-01
5553            	-8.00930994e-03	3.55758612e-04	9.60400003e-03	2.96111346e-02	1.23711917e-01
5554            	-7.98158180e-03	3.27083954e-04	9.74169989e-03	2.94509858e-02	1.23023735e-01
5555            	-7.97181722e-03	3.34095632e-04	9.68060670e-03	2.92987774e-02	1.22381810e-01
5556            	-7.96608041e-03	3.64731025e-04	9.47667058e-03	2.91693806e-02	1.21845444e-01
5557            	-7.95097657e-03	4.03108701e-04	9.21072587e-03	2.90791134e-02	1.21479044e-01
5558            	-7.92521374e-03	4.42480006e-04	8.92376856e-03	2.90391650e-02	1.21327715e-01
5559            	-7.89212230e-03	4.81679598e-04	8.62803372e-03	2.90509258e-02	1.21396726e-01
5560            	-7.86415477e-03	5.25571385e-04	8.31095764e-03	2.91114090e-02	1.21674331e-01
5561            	-7.85001395e-03	5.74470336e-04	7.98320110e-03	2.92135733e-02	1.22129948e-01
5562            	-7.85120707e-03	6.20027487e-04	7.69965011e-03	2.93497059e-02	1.22727142e-01
5563            	-7.86640994e-03	6.53447592e-04	7.51385853e-03	2.95066592e-02	1.23406236e-01
5564            	-7.89284915e-03	6.68441287e-04	7.46114814e-03	2.96706690e-02	1.24106694e-01
5565            	-7.92726285e-03	6.63168399e-04	7.54793355e-03	2.98257781e-02	1.24760403e-01
5566            	-7.96328736e-03	6.39695722e-04	7.75142433e-03	2.99556411e-02	1.25299336e-01
5567            	-8.00157692e-03	6.06683042e-04	8.01740040e-03	3.00419378e-02	1.25649145e-01
5568            	-8.04238405e-03	5.73690943e-04	8.28564755e-03	3.00685959e-02	1.25745084e-01
5569            	-8.07731651e-03	5.42954028e-04	8.52994851e-03	3.00277290e-02	1.25554944e-01
5570            	-8.08593411e-03	5.01546255e-04	8.80230497e-03	2.99278222e-02	1.25111592e-01
5571            	-8.06065129e-03	4.42672380e-04	9.13472119e-03	2.97926556e-02	1.24514685e-01
5572            	-8.01807463e-03	3.81600435e-04	9.45533778e-03	2.96395133e-02	1.23842976e-01
5573            	-7.98148704e-03	3.41784869e-04	9.65036439e-03	2.94821109e-02	1.23162112e-01
5574            	-7.96403862e-03	3.36986270e-04	9.65239175e-03	2.93291551e-02	1.22512640e-01
5575            	-7.95688891e-03	3.60996267e-04	9.48791073e-03	2.91954641e-02	1.21955278e-01
5576            	-7.94460765e-03	3.97688467e-04	9.23641947e-03	2.90964176e-02	1.21550309e-01
5577            	-7.92199106e-03	4.36309346e-04	8.95841233e-03	2.90452850e-02	1.21350522e-01
5578            	-7.89091652e-03	4.74652735e-04	8.67069386e-03	2.90454378e-02	1.21369287e-01
5579            	-7.86154895e-03	5.16004598e-04	8.36725845e-03	2.90939936e-02	1.21594915e-01
5580            	-7.84426490e-03	5.62713331e-04	8.04840149e-03	2.91872012e-02	1.22011629e-01
5581            	-7.84251648e-03	6.08155797e-04	7.76093873e-03	2.93178962e-02	1.22585840e-01
5582            	-7.85575031e-03	6.43696983e-04	7.55851801e-03	2.94745104e-02	1.23264741e-01
5583            	-7.88188878e-03	6.62936106e-04	7.47837910e-03	2.96406589e-02	1.23976132e-01
5584            	-7.91658706e-03	6.62019635e-04	7.53802694e-03	2.98023126e-02	1.24659539e-01
5585            	-7.95494310e-03	6.41685629e-04	7.72516953e-03	2.99435335e-02	1.25248103e-01
5586            	-7.99366192e-03	6.08685350e-04	7.99193122e-03	3.00470335e-02	1.25671387e-01
5587            	-8.03558139e-03	5.73438255e-04	8.27644167e-03	3.00944035e-02	1.25854841e-01
5588            	-8.07392825e-03	5.41052301e-04	8.53647131e-03	3.00748329e-02	1.25754845e-01
5589            	-8.09534861e-03	5.05509580e-04	8.79080248e-03	2.99894652e-02	1.25374855e-01
5590            	-8.08158302e-03	4.52768798e-04	9.10161411e-03	2.98592418e-02	1.24800492e-01
5591            	-8.04286050e-03	3.91604555e-04	9.42872286e-03	2.97034681e-02	1.24117096e-01
5592            	-8.00205616e-03	3.44476577e-04	9.66403034e-03	2.95396258e-02	1.23406314e-01
5593            	-7.97869341e-03	3.30478781e-04	9.71572118e-03	2.93764672e-02	1.22710598e-01
5594            	-7.96998927e-03	3.49320857e-04	9.58175290e-03	2.92266299e-02	1.22082991e-01
5595            	-7.96020110e-03	3.85482830e-04	9.33728751e-03	2.91069042e-02	1.21589963e-01
5596            	-7.93975825e-03	4.25022139e-04	9.05657198e-03	2.90320101e-02	1.21289545e-01
5597            	-7.90986096e-03	4.64240134e-04	8.76489524e-03	2.90094150e-02	1.21212011e-01
5598            	-7.87738043e-03	5.04913141e-04	8.46101347e-03	2.90380468e-02	1.21352983e-01
5599            	-7.85287018e-03	5.51016014e-04	8.13518604e-03	2.91145590e-02	1.21698998e-01
5600            	-7.84293113e-03	5.98939789e-04	7.81979789e-03	2.92320291e-02	1.22218502e-01
5601            	-7.84801927e-03	6.39823320e-04	7.57143311e-03	2.93826484e-02	1.22874622e-01
5602            	-7.86635775e-03	6.65800325e-04	7.43709483e-03	2.95510665e-02	1.23598873e-01
5603            	-7.89480326e-03	6.71614309e-04	7.44503783e-03	2.97219837e-02	1.24324598e-01
5604            	-7.93020643e-03	6.57492396e-04	7.58877288e-03	2.98783560e-02	1.24979843e-01
5605            	-7.96722647e-03	6.27560226e-04	7.83398167e-03	3.00033193e-02	1.25495146e-01
5606            	-8.00729330e-03	5.91682487e-04	8.12006223e-03	3.00792007e-02	1.25799265e-01
5607            	-8.04791267e-03	5.58126904e-04	8.39110131e-03	3.00909968e-02	1.25831694e-01
5608            	-8.08030570e-03	5.26179538e-04	8.63905223e-03	3.00325383e-02	1.25566328e-01
5609            	-8.08096710e-03	4.78967479e-04	8.93623704e-03	2.99210459e-02	1.25072199e-01
5610            	-8.05118478e-03	4.16965180e-04	9.28170964e-03	2.97769902e-02	1.24436990e-01
5611            	-8.01051438e-03	3.59237467e-04	9.58396909e-03	2.96196593e-02	1.23749301e-01
5612            	-7.98170388e-03	3.28615362e-04	9.73238551e-03	2.94599732e-02	1.23062338e-01
5613            	-7.97116199e-03	3.33628981e-04	9.68275922e-03	2.93073168e-02	1.22417795e-01
5614            	-7.96575323e-03	3.63414582e-04	9.48464265e-03	2.91770647e-02	1.21877445e-01
5615            	-7.95179709e-03	4.01660440e-04	9.22118557e-03	2.90844183e-02	1.21500793e-01
5616            	-7.92724288e-03	4.40903449e-04	8.93676232e-03	2.90411306e-02	1.21335147e-01
5617            	-7.89488155e-03	4.79761353e-04	8.64420661e-03	2.90494215e-02	1.21389260e-01
5618            	-7.86688930e-03	5.23182664e-04	8.33001933e-03	2.91066915e-02	1.21653066e-01
5619            	-7.85235797e-03	5.71894887e-04	8.00282544e-03	2.92060547e-02	1.22096760e-01
5620            	-7.85289143e-03	6.17665232e-04	7.71691380e-03	2.93406309e-02	1.22687562e-01
5621            	-7.86741146e-03	6.51771468e-04	7.52576612e-03	2.94970932e-02	1.23364978e-01
5622            	-7.89374845e-03	6.67900590e-04	7.46573763e-03	2.96606894e-02	1.24064126e-01
5623            	-7.92819386e-03	6.63837726e-04	7.54494627e-03	2.98162470e-02	1.24720216e-01
5624            	-7.96436124e-03	6.41368395e-04	7.74234086e-03	2.99477151e-02	1.25266376e-01
5625            	-8.00222050e-03	6.08667036e-04	8.00578933e-03	3.00370854e-02	1.25629435e-01
5626            	-8.04292802e-03	5.75575635e-04	8.27462694e-03	3.00672391e-02	1.25740211e-01
5627            	-8.07845882e-03	5.44686992e-04	8.52083622e-03	3.00295931e-02	1.25563679e-01
5628            	-8.08927625e-03	5.04261442e-04	8.79025216e-03	2.99318382e-02	1.25129687e-01
5629            	-8.06593124e-03	4.46389999e-04	9.11919665e-03	2.97971194e-02	1.24534881e-01
5630            	-8.02326098e-03	3.84840108e-04	9.44270119e-03	2.96447130e-02	1.23866085e-01
5631            	-7.98517144e-03	3.43225443e-04	9.64689104e-03	2.94877383e-02	1.23186404e-01
5632            	-7.96631441e-03	3.36477543e-04	9.65914826e-03	2.93344742e-02	1.22534933e-01
5633            	-7.95872439e-03	3.59314434e-04	9.50139077e-03	2.91993626e-02	1.21971079e-01
5634            	-7.94661172e-03	3.95381201e-04	9.25403705e-03	2.90981923e-02	1.21556832e-01
5635            	-7.92400067e-03	4.33508754e-04	8.97908690e-03	2.90445239e-02	1.21346073e-01
5636            	-7.89266994e-03	4.71793553e-04	8.69129559e-03	2.90422775e-02	1.21354612e-01
5637            	-7.86262689e-03	5.13015193e-04	8.38763377e-03	2.90886496e-02	1.21570950e-01
5638            	-7.84416822e-03	5.59804586e-04	8.06650728e-03	2.91791005e-02	1.21976025e-01
5639            	-7.84143743e-03	6.05941358e-04	7.77319401e-03	2.93069978e-02	1.22538636e-01
5640            	-7.85365449e-03	6.42563801e-04	7.56243419e-03	2.94634095e-02	1.23217213e-01
5641            	-7.87904835e-03	6.62969088e-04	7.47384172e-03	2.96305911e-02	1.23933528e-01
5642            	-7.91333198e-03	6.63100478e-04	7.52629477e-03	2.97936477e-02	1.24623349e-01
5643            	-7.95188676e-03	6.43882045e-04	7.70673955e-03	2.99366861e-02	1.25220024e-01
5644            	-7.99089489e-03	6.11328510e-04	7.97116997e-03	3.00431527e-02	1.25656031e-01
5645            	-8.03324768e-03	5.76073536e-04	8.25642597e-03	3.00945933e-02	1.25856770e-01
5646            	-8.07254123e-03	5.43488792e-04	8.51914815e-03	3.00792363e-02	1.25774617e-01
5647            	-8.09637536e-03	5.08639223e-04	8.77267408e-03	2.99966896e-02	1.25406771e-01
5648            	-8.08505079e-03	4.56668597e-04	9.08221746e-03	2.98679619e-02	1.24838891e-01
5649            	-8.04746828e-03	3.95075500e-04	9.41370090e-03	2.97128620e-02	1.24158067e-01
5650            	-8.00647878e-03	3.46403195e-04	9.65847451e-03	2.95486995e-02	1.23445279e-01
5651            	-7.98192414e-03	3.30165304e-04	9.72254540e-03	2.93854293e-02	1.22748330e-01
5652            	-7.97270741e-03	3.47324030e-04	9.59844325e-03	2.92348738e-02	1.22117099e-01
5653            	-7.96357425e-03	3.82850792e-04	9.35892911e-03	2.91127043e-02	1.21613398e-01
5654            	-7.94407448e-03	4.22488728e-04	9.07894388e-03	2.90339665e-02	1.21296585e-01
5655            	-7.91521634e-03	4.61908069e-04	8.78748032e-03	2.90074805e-02	1.21202501e-01
5656            	-7.88253953e-03	5.02363589e-04	8.48465704e-03	2.90326416e-02	1.21328667e-01
5657            	-7.85705007e-03	5.47915675e-04	8.16083946e-03	2.91063164e-02	1.21662522e-01
5658            	-7.84599197e-03	5.95867679e-04	7.84360452e-03	2.92211334e-02	1.22170915e-01
5659            	-7.84988064e-03	6.37336037e-04	7.58977212e-03	2.93700479e-02	1.22820175e-01
5660            	-7.86736881e-03	6.64433826e-04	7.44710315e-03	2.95373542e-02	1.23540182e-01
5661            	-7.89503005e-03	6.71581337e-04	7.44548035e-03	2.97088019e-02	1.24268705e-01
5662            	-7.92978985e-03	6.58521706e-04	7.58157951e-03	2.98671587e-02	1.24932824e-01
5663            	-7.96628451e-03	6.29065911e-04	7.82303511e-03	2.99951386e-02	1.25461164e-01
5664            	-8.00546203e-03	5.93072926e-04	8.10859366e-03	3.00748662e-02	1.25781650e-01
5665            	-8.04573385e-03	5.59343935e-04	8.38026895e-03	3.00908615e-02	1.25831890e-01
5666            	-8.07879840e-03	5.27893516e-04	8.62610958e-03	3.00365787e-02	1.25584412e-01
5667            	-8.08152237e-03	4.82178867e-04	8.91688794e-03	2.99271965e-02	1.25099613e-01
5668            	-8.05249239e-03	4.20696587e-04	9.26020959e-03	2.97859638e-02	1.24476532e-01
5669            	-8.01165106e-03	3.62177746e-04	9.56724753e-03	2.96297085e-02	1.23793016e-01
5670            	-7.98206594e-03	3.29810992e-04	9.72555320e-03	2.94694385e-02	1.23102845e-01
5671            	-7.97077873e-03	3.33116071e-04	9.68561003e-03	2.93160070e-02	1.22454343e-01
5672            	-7.96543328e-03	3.62004409e-04	9.49322451e-03	2.91847716e-02	1.21909457e-01
5673            	-7.95233027e-03	4.00019341e-04	9.23243226e-03	2.90904217e-02	1.21525427e-01
5674            	-7.92881853e-03	4.39209889e-04	8.94982143e-03	2.90443356e-02	1.21347806e-01
5675            	-7.89717723e-03	4.77823197e-04	8.65982487e-03	2.90488826e-02	1.21385880e-01
5676            	-7.86915531e-03	5.20820533e-04	8.34822679e-03	2.91026532e-02	1.21634668e-01
5677            	-7.85423818e-03	5.69196496e-04	8.02253763e-03	2.91993034e-02	1.22066781e-01
5678            	-7.85443927e-03	6.15212860e-04	7.73453575e-03	2.93315530e-02	1.22647830e-01
5679            	-7.86844950e-03	6.50049679e-04	7.53797911e-03	2.94871091e-02	1.23321813e-01
5680            	-7.89437842e-03	6.67307208e-04	7.47022840e-03	2.96506432e-02	1.24021245e-01
5681            	-7.92891143e-03	6.64377426e-04	7.54243541e-03	2.98065379e-02	1.24679233e-01
5682            	-7.96533241e-03	6.42815897e-04	7.73451531e-03	2.99394868e-02	1.25232040e-01
5683            	-8.00303636e-03	6.10613093e-04	7.99466649e-03	3.00315421e-02	1.25606739e-01
5684            	-8.04385589e-03	5.77657224e-04	8.26290668e-03	3.00653911e-02	1.25733299e-01
5685            	-8.07981581e-03	5.46890684e-04	8.50904541e-03	3.00314462e-02	1.25572555e-01
5686            	-8.09270411e-03	5.07518371e-04	8.77489469e-03	2.99365106e-02	1.25150806e-01
5687            	-8.07115258e-03	4.50429202e-04	9.10156481e-03	2.98031384e-02	1.24561874e-01
5688            	-8.02932721e-03	3.88621064e-04	9.42795838e-03	2.96501826e-02	1.23890495e-01
5689            	-7.99018191e-03	3.45355185e-04	9.64102542e-03	2.94929187e-02	1.23208972e-01
5690            	-7.96963709e-03	3.36504301e-04	9.66408519e-03	2.93400015e-02	1.22558279e-01
5691            	-7.96132965e-03	3.57795699e-04	9.51500639e-03	2.92040262e-02	1.21990181e-01
5692            	-7.94940602e-03	3.93247593e-04	9.27175349e-03	2.91008177e-02	1.21566979e-01
5693            	-7.92684128e-03	4.30975092e-04	8.99932049e-03	2.90439765e-02	1.21342569e-01
5694            	-7.89527403e-03	4.69023626e-04	8.71261010e-03	2.90386131e-02	1.21337786e-01
5695            	-7.86436455e-03	5.10045918e-04	8.40888258e-03	2.90823576e-02	1.21542917e-01
5696            	-7.84454571e-03	5.56719768e-04	8.08643311e-03	2.91707862e-02	1.21939426e-01
5697            	-7.84065201e-03	6.03362942e-04	7.78816292e-03	2.92967235e-02	1.22493974e-01
5698            	-7.85208546e-03	6.41230899e-04	7.56834943e-03	2.94514515e-02	1.23165945e-01
5699            	-7.87638432e-03	6.62988673e-04	7.46960463e-03	2.96192027e-02	1.23885332e-01
5700            	-7.90987191e-03	6.64319980e-04	7.51334455e-03	2.97839472e-02	1.24582858e-01
5701            	-7.94836592e-03	6.46000576e-04	7.68808456e-03	2.99295253e-02	1.25190661e-01
5702            	-7.98757655e-03	6.13868460e-04	7.95023207e-03	3.00390839e-02	1.25639925e-01
5703            	-8.03008273e-03	5.78570286e-04	8.23606541e-03	3.00945214e-02	1.25857604e-01
5704            	-8.07036759e-03	5.46111032e-04	8.49950297e-03	3.00833002e-02	1.25793061e-01
5705            	-8.09652272e-03	5.12174169e-04	8.75069744e-03	3.00040190e-02	1.25439333e-01
5706            	-8.08783287e-03	4.61094115e-04	9.05849565e-03	2.98773227e-02	1.24880253e-01
5707            	-8.05168108e-03	3.99081770e-04	9.39472165e-03	2.97230425e-02	1.24202624e-01
5708            	-8.01044571e-03	3.48607673e-04	9.65051298e-03	2.95591158e-02	1.23490152e-01
5709            	-7.98518644e-03	3.30141207e-04	9.72761925e-03	2.93947864e-02	1.22787878e-01
5710            	-7.97564007e-03	3.45500405e-04	9.61437588e-03	2.92427713e-02	1.22149791e-01
5711            	-7.96701967e-03	3.80271677e-04	9.38035534e-03	2.91186457e-02	1.21637455e-01
5712            	-7.94828913e-03	4.20027694e-04	9.10070354e-03	2.90367121e-02	1.21307041e-01
5713            	-7.92024766e-03	4.59907016e-04	8.80749815e-03	2.90061126e-02	1.21195575e-01
5714            	-7.88761258e-03	5.00214029e-04	8.50565061e-03	2.90275069e-02	1.21305689e-01
5715            	-7.86142063e-03	5.45139171e-04	8.18474180e-03	2.90980241e-02	1.21625967e-01
5716            	-7.84935499e-03	5.93063054e-04	7.86618290e-03	2.92101909e-02	1.22123198e-01
5717            	-7.85228170e-03	6.35079660e-04	7.60745305e-03	2.93568825e-02	1.22763364e-01
5718            	-7.86858803e-03	6.63093115e-04	7.45725646e-03	2.95234282e-02	1.23480636e-01
5719            	-7.89563118e-03	6.71576388e-04	7.44629948e-03	2.96946902e-02	1.24208907e-01
5720            	-7.92987691e-03	6.59734613e-04	7.57397312e-03	2.98545116e-02	1.24879726e-01
5721            	-7.96566057e-03	6.30941392e-04	7.81023941e-03	2.99855539e-02	1.25421373e-01
5722            	-8.00415621e-03	5.95007519e-04	8.09446911e-03	3.00696173e-02	1.25760357e-01
5723            	-8.04401214e-03	5.60924112e-04	8.36782409e-03	3.00901072e-02	1.25829607e-01
5724            	-8.07746169e-03	5.29719156e-04	8.61271447e-03	3.00403363e-02	1.25601391e-01
5725            	-8.08204753e-03	4.85355362e-04	8.89771632e-03	2.99338256e-02	1.25129136e-01
5726            	-8.05445997e-03	4.24702842e-04	9.23792457e-03	2.97943754e-02	1.24513753e-01
5727            	-8.01346224e-03	3.65396703e-04	9.54971401e-03	2.96391265e-02	1.23834102e-01
5728            	-7.98220221e-03	3.30865144e-04	9.71925047e-03	2.94798912e-02	1.23147567e-01
5729            	-7.96995720e-03	3.32114711e-04	9.69087503e-03	2.93256826e-02	1.22494997e-01
5730            	-7.96497021e-03	3.59971202e-04	9.50550313e-03	2.91929409e-02	1.21943238e-01
5731            	-7.95292884e-03	3.98057573e-04	9.24577067e-03	2.90962697e-02	1.21549247e-01
5732            	-7.93041517e-03	4.37300938e-04	8.96423355e-03	2.90475572e-02	1.21360421e-01
5733            	-7.89920493e-03	4.75901636e-04	8.67491909e-03	2.90488957e-02	1.21384824e-01
5734            	-7.87091087e-03	5.18463270e-04	8.36563475e-03	2.90992269e-02	1.21618864e-01
5735            	-7.85549771e-03	5.66408098e-04	8.04189720e-03	2.91929440e-02	1.22038418e-01
5736            	-7.85534630e-03	6.12359627e-04	7.75373893e-03	2.93228713e-02	1.22609682e-01
5737            	-7.86912099e-03	6.47835613e-04	7.55274730e-03	2.94768864e-02	1.23277461e-01
5738            	-7.89470005e-03	6.66335497e-04	7.47662831e-03	2.96402104e-02	1.23976573e-01
5739            	-7.92885484e-03	6.64708532e-04	7.54009426e-03	2.97970186e-02	1.24639008e-01
5740            	-7.96570531e-03	6.44208643e-04	7.72614956e-03	2.99314133e-02	1.25198350e-01
5741            	-8.00356542e-03	6.12434839e-04	7.98389914e-03	3.00261874e-02	1.25584765e-01
5742            	-8.04454169e-03	5.79435860e-04	8.25273866e-03	3.00636860e-02	1.25726836e-01
5743            	-8.08096989e-03	5.48712336e-04	8.49936914e-03	3.00337369e-02	1.25583116e-01
5744            	-8.09603145e-03	5.10554793e-04	8.76079430e-03	2.99418626e-02	1.25174692e-01
5745            	-8.07644582e-03	4.54421754e-04	9.08435680e-03	2.98100525e-02	1.24592591e-01
5746            	-8.03549557e-03	3.92243513e-04	9.41439939e-03	2.96570690e-02	1.23920790e-01
5747            	-7.99572923e-03	3.47117350e-04	9.63830799e-03	2.94994107e-02	1.23236866e-01
5748            	-7.97390944e-03	3.36103062e-04	9.67313551e-03	2.93456116e-02	1.22581693e-01
5749            	-7.96471620e-03	3.55915359e-04	9.53207423e-03	2.92087512e-02	1.22009332e-01
5750            	-7.95269963e-03	3.90768539e-04	9.29241427e-03	2.91036972e-02	1.21578047e-01
5751            	-7.93015730e-03	4.28255169e-04	9.02146520e-03	2.90438581e-02	1.21340765e-01
5752            	-7.89856976e-03	4.65937192e-04	8.73695688e-03	2.90352404e-02	1.21322002e-01
5753            	-7.86705876e-03	5.06708733e-04	8.43386210e-03	2.90761627e-02	1.21515065e-01
5754            	-7.84599951e-03	5.53169302e-04	8.11088667e-03	2.91621619e-02	1.21901213e-01
5755            	-7.84062663e-03	5.99956802e-04	7.80948079e-03	2.92864990e-02	1.22449142e-01
5756            	-7.85095224e-03	6.38736272e-04	7.58224352e-03	2.94397581e-02	1.23115305e-01
5757            	-7.87433142e-03	6.62015426e-04	7.47251328e-03	2.96066850e-02	1.23831865e-01
5758            	-7.90680133e-03	6.64789826e-04	7.50567344e-03	2.97730130e-02	1.24536774e-01
5759            	-7.94485492e-03	6.47712611e-04	7.67197669e-03	2.99214005e-02	1.25157018e-01
5760            	-7.98395675e-03	6.16241894e-04	7.92986714e-03	3.00345288e-02	1.25621680e-01
5761            	-8.02644243e-03	5.80940005e-04	8.21578853e-03	3.00939577e-02	1.25856311e-01
5762            	-8.06748928e-03	5.48632951e-04	8.47946475e-03	3.00870290e-02	1.25810026e-01
5763            	-8.09601439e-03	5.15656104e-04	8.72812211e-03	3.00115716e-02	1.25472788e-01
5764            	-8.09025172e-03	4.65759566e-04	9.03276163e-03	2.98871089e-02	1.24923458e-01
5765            	-8.05562167e-03	4.03497910e-04	9.37279361e-03	2.97338762e-02	1.24250054e-01
5766            	-8.01419550e-03	3.51082116e-04	9.64055856e-03	2.95700726e-02	1.23537343e-01
5767            	-7.98782609e-03	3.29892957e-04	9.73322071e-03	2.94051800e-02	1.22831717e-01
5768            	-7.97785702e-03	3.43271299e-04	9.63184880e-03	2.92516460e-02	1.22186481e-01
5769            	-7.96991438e-03	3.77452425e-04	9.40251562e-03	2.91249726e-02	1.21663064e-01
5770            	-7.95228192e-03	4.17187097e-04	9.12456717e-03	2.90398589e-02	1.21319056e-01
5771            	-7.92523438e-03	4.57297593e-04	8.83131630e-03	2.90055540e-02	1.21191846e-01
5772            	-7.89251937e-03	4.97631305e-04	8.52915552e-03	2.90228595e-02	1.21284580e-01
5773            	-7.86565104e-03	5.42125053e-04	8.20994886e-03	2.90900819e-02	1.21590775e-01
5774            	-7.85257262e-03	5.90068554e-04	7.88975416e-03	2.91994420e-02	1.22076224e-01
5775            	-7.85471785e-03	6.32652068e-04	7.62627211e-03	2.93437126e-02	1.22706444e-01
5776            	-7.87029574e-03	6.61635443e-04	7.46885965e-03	2.95090329e-02	1.23418985e-01
5777            	-7.89657376e-03	6.71510219e-04	7.44800355e-03	2.96803897e-02	1.24148280e-01
5778            	-7.93042808e-03	6.61115944e-04	7.56598214e-03	2.98412246e-02	1.24823982e-01
5779            	-7.96572884e-03	6.33277781e-04	7.79555211e-03	2.99748558e-02	1.25377024e-01
5780            	-8.00346473e-03	5.97409496e-04	8.07831331e-03	3.00630959e-02	1.25733829e-01
5781            	-8.04307203e-03	5.62816562e-04	8.35457033e-03	3.00885017e-02	1.25823811e-01
5782            	-8.07680247e-03	5.31573302e-04	8.60015469e-03	3.00434502e-02	1.25615610e-01
5783            	-8.08307674e-03	4.88492081e-04	8.87956297e-03	2.99400052e-02	1.25156700e-01
5784            	-8.05712884e-03	4.28785879e-04	9.21620351e-03	2.98018180e-02	1.24546804e-01
5785            	-8.01583380e-03	3.68661494e-04	9.53271656e-03	2.96479311e-02	1.23872549e-01
5786            	-7.98285616e-03	3.31886917e-04	9.71388963e-03	2.94895938e-02	1.23189037e-01
5787            	-7.96929603e-03	3.30882102e-04	9.69782790e-03	2.93353524e-02	1.22535536e-01
5788            	-7.96438290e-03	3.57667973e-04	9.51930312e-03	2.92007438e-02	1.21975400e-01
5789            	-7.95313163e-03	3.95673838e-04	9.26120077e-03	2.91017429e-02	1.21571371e-01
5790            	-7.93134221e-03	4.35118718e-04	8.97939144e-03	2.90505239e-02	1.21371884e-01
5791            	-7.90067478e-03	4.73888202e-04	8.68976025e-03	2.90492211e-02	1.21385098e-01
5792            	-7.87203483e-03	5.16182554e-04	8.38161859e-03	2.90963076e-02	1.21605271e-01
5793            	-7.85601477e-03	5.63880691e-04	8.05852187e-03	2.91868274e-02	1.22011198e-01
5794            	-7.85540273e-03	6.09928339e-04	7.76903725e-03	2.93144843e-02	1.22572931e-01
5795            	-7.86888040e-03	6.45964386e-04	7.56401646e-03	2.94674304e-02	1.23236510e-01
5796            	-7.89437884e-03	6.65654897e-04	7.48022480e-03	2.96302100e-02	1.23933836e-01
5797            	-7.92819830e-03	6.65200504e-04	7.53580947e-03	2.97879297e-02	1.24600702e-01
5798            	-7.96511722e-03	6.45690475e-04	7.71577900e-03	2.99240913e-02	1.25167981e-01
5799            	-8.00325468e-03	6.14398626e-04	7.97097499e-03	3.00216149e-02	1.25566255e-01
5800            	-8.04452970e-03	5.81205501e-04	8.24157533e-03	3.00625153e-02	1.25722705e-01
5801            	-8.08153582e-03	5.50373867e-04	8.48981065e-03	3.00367741e-02	1.25596858e-01
5802            	-8.09887646e-03	5.13609251e-04	8.74584203e-03	2.99478474e-02	1.25201331e-01
5803            	-8.08132308e-03	4.58640529e-04	9.06507840e-03	2.98176709e-02	1.24626448e-01
5804            	-8.04116798e-03	3.96181502e-04	9.39808849e-03	2.96649273e-02	1.23955438e-01
5805            	-8.00088594e-03	3.49155252e-04	9.63325000e-03	2.95069582e-02	1.23269449e-01
5806            	-7.97806119e-03	3.35848390e-04	9.68107407e-03	2.93523156e-02	1.22609868e-01
5807            	-7.96837958e-03	3.54172560e-04	9.54866395e-03	2.92135782e-02	1.22028992e-01
5808            	-7.95644213e-03	3.88451330e-04	9.31270602e-03	2.91063025e-02	1.21588027e-01
5809            	-7.93397260e-03	4.25664853e-04	9.04352188e-03	2.90437580e-02	1.21339100e-01
5810            	-7.90239218e-03	4.63138886e-04	8.76026803e-03	2.90321839e-02	1.21307633e-01
5811            	-7.87025275e-03	5.03436063e-04	8.45917746e-03	2.90703565e-02	1.21488854e-01
5812            	-7.84780230e-03	5.49632174e-04	8.13577146e-03	2.91538305e-02	1.21864267e-01
5813            	-7.84085924e-03	5.96727393e-04	7.83006513e-03	2.92759234e-02	1.22402884e-01
5814            	-7.84975185e-03	6.36181115e-04	7.59642480e-03	2.94281313e-02	1.23064957e-01
5815            	-7.87206961e-03	6.60595430e-04	7.47793710e-03	2.95950590e-02	1.23782036e-01
5816            	-7.90393783e-03	6.64836531e-04	7.50095204e-03	2.97621129e-02	1.24490637e-01
5817            	-7.94139463e-03	6.49156056e-04	7.65760908e-03	2.99128546e-02	1.25121478e-01
5818            	-7.98007635e-03	6.18455560e-04	7.91009743e-03	3.00295854e-02	1.25601754e-01
5819            	-8.02217580e-03	5.83116090e-04	8.19578289e-03	3.00938844e-02	1.25857076e-01
5820            	-8.06365189e-03	5.50772310e-04	8.46040094e-03	3.00917519e-02	1.25831151e-01
5821            	-8.09442272e-03	5.18942932e-04	8.70515956e-03	3.00197259e-02	1.25508775e-01
5822            	-8.09127284e-03	4.70410443e-04	9.00504082e-03	2.98978510e-02	1.24970807e-01
5823            	-8.05815562e-03	4.08285389e-04	9.34643628e-03	2.97461786e-02	1.24303961e-01
5824            	-8.01682203e-03	3.54093057e-04	9.62555326e-03	2.95827098e-02	1.23591947e-01
5825            	-7.98948352e-03	3.30092002e-04	9.73454850e-03	2.94177611e-02	1.22885088e-01
5826            	-7.97945820e-03	3.41336040e-04	9.64654767e-03	2.92623272e-02	1.22230986e-01
5827            	-7.97239596e-03	3.74850298e-04	9.42268043e-03	2.91328329e-02	1.21695281e-01
5828            	-7.95586152e-03	4.14730404e-04	9.14536773e-03	2.90443687e-02	1.21337035e-01
5829            	-7.92955251e-03	4.54972910e-04	8.85232434e-03	2.90064823e-02	1.21194606e-01
5830            	-7.89680703e-03	4.95130153e-04	8.55121069e-03	2.90200690e-02	1.21271478e-01
5831            	-7.86947105e-03	5.39383339e-04	8.23282010e-03	2.90833757e-02	1.21560998e-01
5832            	-7.85566012e-03	5.87462208e-04	7.91067830e-03	2.91894710e-02	1.22032715e-01
5833            	-7.85702988e-03	6.30703351e-04	7.64188147e-03	2.93311251e-02	1.22652179e-01
5834            	-7.87185504e-03	6.60662574e-04	7.47718462e-03	2.94951830e-02	1.23359861e-01
5835            	-7.89753777e-03	6.71735167e-04	7.44788843e-03	2.96664805e-02	1.24089460e-01
5836            	-7.93088101e-03	6.62596813e-04	7.55722123e-03	2.98283542e-02	1.24770096e-01
5837            	-7.96582796e-03	6.35664101e-04	7.78060779e-03	2.99640489e-02	1.25332251e-01
5838            	-8.00318658e-03	6.00036946e-04	8.06134464e-03	3.00557601e-02	1.25703907e-01
5839            	-8.04257194e-03	5.65194627e-04	8.33890257e-03	3.00858921e-02	1.25813896e-01
5840            	-8.07627722e-03	5.33748328e-04	8.58576868e-03	3.00461387e-02	1.25628171e-01
5841            	-8.08391157e-03	4.91784463e-04	8.86014505e-03	2.99460251e-02	1.25183702e-01
5842            	-8.05905858e-03	4.32876499e-04	9.19336794e-03	2.98097605e-02	1.24582105e-01
5843            	-8.01802385e-03	3.72330012e-04	9.51291710e-03	2.96561347e-02	1.23908624e-01
5844            	-7.98352321e-03	3.33407481e-04	9.70539740e-03	2.94988827e-02	1.23228944e-01
5845            	-7.96851926e-03	3.29967843e-04	9.70256979e-03	2.93449841e-02	1.22576071e-01
5846            	-7.96327843e-03	3.55488536e-04	9.53153724e-03	2.92092675e-02	1.22010743e-01
5847            	-7.95245593e-03	3.93311642e-04	9.27518059e-03	2.91078729e-02	1.21596388e-01
5848            	-7.93114029e-03	4.32777186e-04	8.99387599e-03	2.90539251e-02	1.21385236e-01
5849            	-7.90095777e-03	4.71896295e-04	8.70268960e-03	2.90500626e-02	1.21387650e-01
5850            	-7.87226455e-03	5.14237327e-04	8.39413083e-03	2.90943259e-02	1.21595882e-01
5851            	-7.85550185e-03	5.61921773e-04	8.07001339e-03	2.91817252e-02	1.21988604e-01
5852            	-7.85420132e-03	6.08217318e-04	7.77792816e-03	2.93068258e-02	1.22539636e-01
5853            	-7.86734197e-03	6.44753620e-04	7.56920008e-03	2.94586300e-02	1.23198663e-01
5854            	-7.89275040e-03	6.65280465e-04	7.47996226e-03	2.96211315e-02	1.23895228e-01
5855            	-7.92655148e-03	6.65960836e-04	7.52834455e-03	2.97794013e-02	1.24564936e-01
5856            	-7.96370005e-03	6.47382260e-04	7.70281752e-03	2.99173681e-02	1.25140290e-01
5857            	-8.00188150e-03	6.16543887e-04	7.95529700e-03	3.00175947e-02	1.25550251e-01
5858            	-8.04343832e-03	5.83433995e-04	8.22587971e-03	3.00623860e-02	1.25723269e-01
5859            	-8.08117407e-03	5.52548761e-04	8.47560753e-03	3.00405491e-02	1.25613992e-01
5860            	-8.10106377e-03	5.17054935e-04	8.72742932e-03	2.99540470e-02	1.25229083e-01
5861            	-8.08569751e-03	4.63256770e-04	9.04253845e-03	2.98252086e-02	1.24660140e-01
5862            	-8.04625442e-03	4.00567169e-04	9.37807804e-03	2.96731063e-02	1.23991648e-01
5863            	-8.00537477e-03	3.51690972e-04	9.62406378e-03	2.95150184e-02	1.23304457e-01
5864            	-7.98156410e-03	3.35851327e-04	9.68643165e-03	2.93596511e-02	1.22640893e-01
5865            	-7.97157258e-03	3.52411386e-04	9.56468568e-03	2.92191344e-02	1.22051792e-01
5866            	-7.95988866e-03	3.85868814e-04	9.33424049e-03	2.91090437e-02	1.21598523e-01
5867            	-7.93759076e-03	4.22933178e-04	9.06618693e-03	2.90435804e-02	1.21337092e-01
5868            	-7.90608787e-03	4.60463985e-04	8.78261680e-03	2.90291757e-02	1.21293566e-01
5869            	-7.87304883e-03	5.00471376e-04	8.48197664e-03	2.90643819e-02	1.21462072e-01
5870            	-7.84920083e-03	5.46232006e-04	8.15919510e-03	2.91457048e-02	1.21828284e-01
5871            	-7.84077459e-03	5.93539418e-04	7.84990753e-03	2.92657977e-02	1.22358607e-01
5872            	-7.84805000e-03	6.33620035e-04	7.60989117e-03	2.94170533e-02	1.23017045e-01
5873            	-7.86929149e-03	6.59054109e-04	7.48335525e-03	2.95837003e-02	1.23733390e-01
5874            	-7.90034320e-03	6.64518749e-04	7.49744966e-03	2.97518651e-02	1.24447208e-01
5875            	-7.93762113e-03	6.50204131e-04	7.64523745e-03	2.99044617e-02	1.25086464e-01
5876            	-7.97592598e-03	6.20306076e-04	7.89217305e-03	3.00245944e-02	1.25581524e-01
5877            	-8.01742096e-03	5.85086786e-04	8.17630220e-03	3.00935837e-02	1.25856856e-01
5878            	-8.05920176e-03	5.52567815e-04	8.44256271e-03	3.00965423e-02	1.25852469e-01
5879            	-8.09177433e-03	5.21433211e-04	8.68565018e-03	3.00285272e-02	1.25547271e-01
5880            	-8.09148431e-03	4.74549972e-04	8.97935405e-03	2.99084810e-02	1.25017437e-01
5881            	-8.05998864e-03	4.12836848e-04	9.32053767e-03	2.97586630e-02	1.24358480e-01
5882            	-8.01877356e-03	3.57069069e-04	9.60977131e-03	2.95959479e-02	1.23649039e-01
5883            	-7.99054540e-03	3.30278498e-04	9.73506151e-03	2.94309171e-02	1.22940853e-01
5884            	-7.98031395e-03	3.39230011e-04	9.66122614e-03	2.92741785e-02	1.22280380e-01
5885            	-7.97408991e-03	3.71820013e-04	9.44439952e-03	2.91420473e-02	1.21733052e-01
5886            	-7.95872262e-03	4.11766651e-04	9.16832182e-03	2.90499233e-02	1.21359207e-01
5887            	-7.93320322e-03	4.52278498e-04	8.87467372e-03	2.90084059e-02	1.21201422e-01
5888            	-7.90042471e-03	4.92400089e-04	8.57370772e-03	2.90183038e-02	1.21262633e-01
5889            	-7.87252019e-03	5.36411516e-04	8.25599666e-03	2.90778523e-02	1.21536151e-01
5890            	-7.85801304e-03	5.84629823e-04	7.93194412e-03	2.91805741e-02	1.21993689e-01
5891            	-7.85867240e-03	6.28589670e-04	7.65754569e-03	2.93195302e-02	1.22602071e-01
5892            	-7.87291830e-03	6.59677004e-04	7.48486214e-03	2.94819873e-02	1.23303487e-01
5893            	-7.89814065e-03	6.72071364e-04	7.44654067e-03	2.96530867e-02	1.24032822e-01
5894            	-7.93115939e-03	6.63995810e-04	7.54870737e-03	2.98160972e-02	1.24718761e-01
5895            	-7.96567272e-03	6.37843516e-04	7.76657600e-03	2.99540855e-02	1.25291002e-01
5896            	-8.00221420e-03	6.02406921e-04	8.04498224e-03	3.00491099e-02	1.25676865e-01
5897            	-8.04164535e-03	5.67425798e-04	8.32354640e-03	3.00835014e-02	1.25804891e-01
5898            	-8.07567119e-03	5.35748041e-04	8.57237757e-03	3.00486820e-02	1.25640025e-01
5899            	-8.08482764e-03	4.94747550e-04	8.84292403e-03	2.99527091e-02	1.25213409e-01
5900            	-8.06132305e-03	4.36750506e-04	9.17238785e-03	2.98184324e-02	1.24620407e-01
5901            	-8.02023944e-03	3.75674253e-04	9.49521410e-03	2.96654436e-02	1.23949313e-01
5902            	-7.98423065e-03	3.34713413e-04	9.69833865e-03	2.95086825e-02	1.23270938e-01
5903            	-7.96770066e-03	3.29000431e-04	9.70758824e-03	2.93548909e-02	1.22617713e-01
5904            	-7.96207596e-03	3.53054872e-04	9.54520071e-03	2.92182598e-02	1.22047937e-01
5905            	-7.95159517e-03	3.90434740e-04	9.29211180e-03	2.91146024e-02	1.21623735e-01
5906            	-7.93058183e-03	4.29861755e-04	9.01144059e-03	2.90575974e-02	1.21399525e-01
5907            	-7.90067993e-03	4.69168426e-04	8.71943432e-03	2.90508374e-02	1.21389634e-01
5908            	-7.87170422e-03	5.11587695e-04	8.40993037e-03	2.90920887e-02	1.21585098e-01
5909            	-7.85401316e-03	5.59311279e-04	8.08417448e-03	2.91770946e-02	1.21967789e-01
5910            	-7.85188009e-03	6.06058007e-04	7.78800021e-03	2.92995539e-02	1.22507834e-01
5911            	-7.86462459e-03	6.43448274e-04	7.57325815e-03	2.94497777e-02	1.23160577e-01
5912            	-7.88982333e-03	6.65031237e-04	7.47701444e-03	2.96119617e-02	1.23856289e-01
5913            	-7.92344858e-03	6.66770150e-04	7.51845608e-03	2.97711529e-02	1.24530409e-01
5914            	-7.96106694e-03	6.49226558e-04	7.68709804e-03	2.99109565e-02	1.25113998e-01
5915            	-7.99919520e-03	6.18654623e-04	7.93789335e-03	3.00141737e-02	1.25536837e-01
5916            	-8.04079752e-03	5.85278643e-04	8.21032349e-03	3.00624525e-02	1.25724624e-01
5917            	-8.07939208e-03	5.54443112e-04	8.46107908e-03	3.00448604e-02	1.25633393e-01
5918            	-8.10200716e-03	5.20396386e-04	8.70782438e-03	2.99614722e-02	1.25262080e-01
5919            	-8.08926766e-03	4.67959472e-04	9.01824057e-03	2.98341376e-02	1.24699830e-01
5920            	-8.05081834e-03	4.05130918e-04	9.35615129e-03	2.96822796e-02	1.24032186e-01
5921            	-8.00935449e-03	3.54479429e-04	9.61252145e-03	2.95238313e-02	1.23342769e-01
5922            	-7.98440599e-03	3.36030313e-04	9.68970637e-03	2.93677044e-02	1.22675056e-01
5923            	-7.97398732e-03	3.50550007e-04	9.58019988e-03	2.92256019e-02	1.22078478e-01
5924            	-7.96274350e-03	3.83271474e-04	9.35499159e-03	2.91131057e-02	1.21614639e-01
5925            	-7.94096421e-03	4.20193306e-04	9.08852555e-03	2.90441643e-02	1.21338337e-01
5926            	-7.90991183e-03	4.57708241e-04	8.80565695e-03	2.90261102e-02	1.21279235e-01
5927            	-7.87616501e-03	4.97350125e-04	8.50623803e-03	2.90582653e-02	1.21434639e-01
5928            	-7.85082895e-03	5.42751912e-04	8.18347879e-03	2.91370350e-02	1.21789909e-01
5929            	-7.84084115e-03	5.90303099e-04	7.87029415e-03	2.92552602e-02	1.22312494e-01
5930            	-7.84646869e-03	6.31010026e-04	7.62384058e-03	2.94057885e-02	1.22968283e-01
5931            	-7.86616616e-03	6.57281561e-04	7.48971877e-03	2.95728893e-02	1.23687065e-01
5932            	-7.89647215e-03	6.63969806e-04	7.49499834e-03	2.97418308e-02	1.24404664e-01
5933            	-7.93334330e-03	6.50800279e-04	7.63499819e-03	2.98964824e-02	1.25053048e-01
5934            	-7.97186440e-03	6.21827094e-04	7.87644608e-03	3.00192453e-02	1.25559591e-01
5935            	-8.01261528e-03	5.86887073e-04	8.15779279e-03	3.00926046e-02	1.25853658e-01
5936            	-8.05409222e-03	5.54250300e-04	8.42443250e-03	3.01008192e-02	1.25871599e-01
5937            	-8.08771662e-03	5.23637146e-04	8.66584016e-03	3.00376583e-02	1.25587162e-01
5938            	-8.08997196e-03	4.78198288e-04	8.95420977e-03	2.99201884e-02	1.25068615e-01
5939            	-8.06057931e-03	4.17283293e-04	9.29346840e-03	2.97715043e-02	1.24414565e-01
5940            	-8.01977413e-03	3.60460639e-04	9.58996918e-03	2.96092141e-02	1.23706420e-01
5941            	-7.99046117e-03	3.31024209e-04	9.73036019e-03	2.94443834e-02	1.22998152e-01
5942            	-7.97950672e-03	3.37382045e-04	9.67180957e-03	2.92867554e-02	1.22333002e-01
5943            	-7.97385460e-03	3.68730506e-04	9.46362992e-03	2.91527722e-02	1.21777326e-01
5944            	-7.95975939e-03	4.08589851e-04	9.18992356e-03	2.90572839e-02	1.21389079e-01
5945            	-7.93529769e-03	4.49262626e-04	8.89675295e-03	2.90117736e-02	1.21214312e-01
5946            	-7.90317491e-03	4.89344646e-04	8.59695623e-03	2.90179902e-02	1.21259847e-01
5947            	-7.87493464e-03	5.33221318e-04	8.27959109e-03	2.90736635e-02	1.21516872e-01
5948            	-7.85967372e-03	5.81554978e-04	7.95369620e-03	2.91730595e-02	1.21960412e-01
5949            	-7.85950378e-03	6.26137155e-04	7.67413657e-03	2.93093125e-02	1.22557694e-01
5950            	-7.87323177e-03	6.58353364e-04	7.49355093e-03	2.94700460e-02	1.23252349e-01
5951            	-7.89823507e-03	6.72217731e-04	7.44562637e-03	2.96407005e-02	1.23980405e-01
5952            	-7.93110803e-03	6.65435970e-04	7.53943437e-03	2.98044586e-02	1.24670049e-01
5953            	-7.96550758e-03	6.39998510e-04	7.75267662e-03	2.99446578e-02	1.25251979e-01
5954            	-8.00152600e-03	6.04569097e-04	8.03034147e-03	3.00428066e-02	1.25651172e-01
5955            	-8.04078903e-03	5.69345049e-04	8.31026028e-03	3.00812844e-02	1.25796476e-01
5956            	-8.07522816e-03	5.37486156e-04	8.56087343e-03	3.00511758e-02	1.25651547e-01
5957            	-8.08618230e-03	4.97671986e-04	8.82659265e-03	2.99591159e-02	1.25241838e-01
5958            	-8.06365292e-03	4.40453061e-04	9.15259736e-03	2.98277686e-02	1.24661460e-01
5959            	-8.02249442e-03	3.78775689e-04	9.47912504e-03	2.96756718e-02	1.23993797e-01
5960            	-7.98551834e-03	3.35899537e-04	9.69291396e-03	2.95182191e-02	1.23311685e-01
5961            	-7.96758001e-03	3.27976248e-04	9.71401165e-03	2.93641391e-02	1.22656434e-01
5962            	-7.96117046e-03	3.50482374e-04	9.56018655e-03	2.92270133e-02	1.22084000e-01
5963            	-7.95060793e-03	3.87107685e-04	9.31168767e-03	2.91218701e-02	1.21653196e-01
5964            	-7.92959771e-03	4.26401279e-04	9.03181529e-03	2.90619378e-02	1.21416453e-01
5965            	-7.89992674e-03	4.65863432e-04	8.73911416e-03	2.90522193e-02	1.21393993e-01
5966            	-7.87074207e-03	5.08375836e-04	8.42867418e-03	2.90904757e-02	1.21576743e-01
5967            	-7.85225179e-03	5.56345972e-04	8.10015129e-03	2.91730945e-02	1.21949442e-01
5968            	-7.84886529e-03	6.03649435e-04	7.79859084e-03	2.92937942e-02	1.22482407e-01
5969            	-7.86094629e-03	6.42144178e-04	7.57588138e-03	2.94424940e-02	1.23129196e-01
5970            	-7.88580849e-03	6.64883618e-04	7.47182921e-03	2.96042581e-02	1.23823637e-01
5971            	-7.91913991e-03	6.67673437e-04	7.50621921e-03	2.97645751e-02	1.24503020e-01
5972            	-7.95712983e-03	6.50855894e-04	7.67085648e-03	2.99064168e-02	1.25095602e-01
5973            	-7.99583754e-03	6.20653780e-04	7.92021219e-03	3.00123266e-02	1.25530049e-01
5974            	-8.03771173e-03	5.87153074e-04	8.19389963e-03	3.00643729e-02	1.25733838e-01
5975            	-8.07710801e-03	5.56414038e-04	8.44529775e-03	3.00506845e-02	1.25659237e-01
5976            	-8.10189520e-03	5.23522565e-04	8.68800667e-03	2.99703746e-02	1.25301346e-01
5977            	-8.09185146e-03	4.72581605e-04	8.99299031e-03	2.98441343e-02	1.24744080e-01
5978            	-8.05473036e-03	4.09793028e-04	9.33262641e-03	2.96924998e-02	1.24077249e-01
5979            	-8.01299845e-03	3.57723231e-04	9.59757998e-03	2.95333339e-02	1.23384215e-01
5980            	-7.98698318e-03	3.36942500e-04	9.68793451e-03	2.93763138e-02	1.22711886e-01
5981            	-7.97611364e-03	3.49614403e-04	9.58941843e-03	2.92325113e-02	1.22107412e-01
5982            	-7.96540837e-03	3.81373318e-04	9.37104227e-03	2.91174316e-02	1.21632173e-01
5983            	-7.94426912e-03	4.17928564e-04	9.10775846e-03	2.90451060e-02	1.21341289e-01
5984            	-7.91383695e-03	4.55198173e-04	8.82727101e-03	2.90236937e-02	1.21267790e-01
5985            	-7.87940401e-03	4.94417003e-04	8.52947360e-03	2.90525238e-02	1.21408919e-01
5986            	-7.85250744e-03	5.39376717e-04	8.20717280e-03	2.91287735e-02	1.21753386e-01
5987            	-7.84088048e-03	5.87225358e-04	7.88965849e-03	2.92449731e-02	1.22267575e-01
5988            	-7.84510997e-03	6.28769452e-04	7.63581353e-03	2.93940153e-02	1.22917455e-01
5989            	-7.86335625e-03	6.55994340e-04	7.49348337e-03	2.95611343e-02	1.23636831e-01
5990            	-7.89239159e-03	6.63826690e-04	7.48966345e-03	2.97315130e-02	1.24361093e-01
5991            	-7.92865254e-03	6.51721828e-04	7.62207466e-03	2.98885611e-02	1.25020084e-01
5992            	-7.96668380e-03	6.23297537e-04	7.85940482e-03	3.00146224e-02	1.25540834e-01
5993            	-8.00729642e-03	5.88443569e-04	8.14006969e-03	3.00920014e-02	1.25851997e-01
5994            	-8.04886734e-03	5.55521194e-04	8.40872047e-03	3.01046692e-02	1.25888755e-01
5995            	-8.08321134e-03	5.25417793e-04	8.64802320e-03	3.00464876e-02	1.25625637e-01
5996            	-8.08749214e-03	4.81656375e-04	8.92881209e-03	2.99321624e-02	1.25120933e-01
5997            	-8.05998407e-03	4.21933375e-04	9.26332847e-03	2.97845607e-02	1.24471715e-01
5998            	-8.01927599e-03	3.64301994e-04	9.56508555e-03	2.96229064e-02	1.23765894e-01
5999            	-7.98885279e-03	3.32331019e-04	9.71984478e-03	2.94584372e-02	1.23058275e-01
6000            	-7.97725351e-03	3.36147100e-04	9.67638899e-03	2.93002656e-02	1.22389938e-01
