# y+ ()         
# Time          	patch           	min             	max             	average         
250             	rocket_body	1.20409319e+00	1.84536673e+02	2.82565912e+01
250             	rocket_fins	3.57293055e+00	2.82638305e+02	1.98143040e+01
250             	rocket_tab	1.14331544e+00	1.45114326e+02	2.24222180e+01
250             	rocket_slot	1.23584370e+01	1.36821084e+02	6.92114570e+01
500             	rocket_body	1.72391323e+00	3.47875615e+02	6.05080664e+01
500             	rocket_fins	2.51817747e+00	4.25164616e+02	3.53589067e+01
500             	rocket_tab	2.68339004e+00	2.11404253e+02	3.59036817e+01
500             	rocket_slot	2.41159408e+01	2.09714697e+02	1.06405857e+02
750             	rocket_body	2.71654523e+00	3.92559676e+02	6.91716200e+01
750             	rocket_fins	1.24258322e+00	3.05378679e+02	3.69169904e+01
750             	rocket_tab	3.63858928e+00	2.14614522e+02	3.62013740e+01
750             	rocket_slot	2.61297730e+01	2.13362996e+02	1.06977751e+02
1000            	rocket_body	2.32391435e+00	4.46034753e+02	7.06108204e+01
1000            	rocket_fins	1.69537235e+00	2.98633100e+02	3.78212605e+01
1000            	rocket_tab	3.36305810e+00	2.17729102e+02	3.62590867e+01
1000            	rocket_slot	2.58991194e+01	2.13956948e+02	1.06982459e+02
1250            	rocket_body	2.19235986e+00	4.54938440e+02	7.06538389e+01
1250            	rocket_fins	1.00797194e+00	2.98458556e+02	3.78593474e+01
1250            	rocket_tab	3.26936553e+00	2.17973995e+02	3.62576342e+01
1250            	rocket_slot	2.58841914e+01	2.13994792e+02	1.06958658e+02
1500            	rocket_body	2.30954355e+00	4.52526919e+02	7.06570213e+01
1500            	rocket_fins	1.58106207e+00	2.98455732e+02	3.78603873e+01
1500            	rocket_tab	3.28029785e+00	2.18378936e+02	3.62490549e+01
1500            	rocket_slot	2.59278713e+01	2.14003897e+02	1.06981157e+02
1750            	rocket_body	2.31177663e+00	4.54364160e+02	7.06471084e+01
1750            	rocket_fins	1.69237404e+00	2.98457868e+02	3.78609784e+01
1750            	rocket_tab	3.24872205e+00	2.17201298e+02	3.62519564e+01
1750            	rocket_slot	2.60534005e+01	2.13968198e+02	1.06984343e+02
2000            	rocket_body	2.30905556e+00	4.63134576e+02	7.06665599e+01
2000            	rocket_fins	8.32287608e-01	2.98453163e+02	3.78601472e+01
2000            	rocket_tab	3.30861577e+00	2.16905724e+02	3.62534974e+01
2000            	rocket_slot	2.62231897e+01	2.13991623e+02	1.07012345e+02
2250            	rocket_body	2.30990124e+00	4.38862855e+02	7.06592145e+01
2250            	rocket_fins	1.20904790e+00	2.98454989e+02	3.78600767e+01
2250            	rocket_tab	3.33014786e+00	2.14715545e+02	3.62688030e+01
2250            	rocket_slot	2.63621996e+01	2.13972496e+02	1.07032309e+02
2500            	rocket_body	2.30921592e+00	4.44171301e+02	7.06567246e+01
2500            	rocket_fins	1.26014843e+00	2.98452361e+02	3.78593365e+01
2500            	rocket_tab	3.39610281e+00	2.14171729e+02	3.62782001e+01
2500            	rocket_slot	2.64468178e+01	2.14003192e+02	1.07052913e+02
2750            	rocket_body	2.30879971e+00	4.58804913e+02	7.06539299e+01
2750            	rocket_fins	1.34716683e+00	2.98453580e+02	3.78592779e+01
2750            	rocket_tab	3.44410534e+00	2.13178591e+02	3.62859390e+01
2750            	rocket_slot	2.64702631e+01	2.14010307e+02	1.07065738e+02
3000            	rocket_body	2.31029924e+00	4.41258095e+02	7.06502560e+01
3000            	rocket_fins	1.36229448e+00	2.98452797e+02	3.78592168e+01
3000            	rocket_tab	3.44442888e+00	2.13518068e+02	3.62887811e+01
3000            	rocket_slot	2.64192952e+01	2.14019719e+02	1.07044610e+02
