# y+ ()         
# Time          	patch           	min             	max             	average         
3250            	rocket_body	1.80963728e+00	4.44519703e+02	7.06486097e+01
3250            	rocket_fins	1.77427789e+00	2.97741018e+02	3.78843663e+01
3250            	rocket_tab	1.62713517e+00	2.03559826e+02	2.95741559e+01
3250            	rocket_slot	2.87666274e+01	1.87923987e+02	8.14856210e+01
3500            	rocket_body	1.55960863e+00	4.51744636e+02	7.06557314e+01
3500            	rocket_fins	1.43736208e+00	2.97739758e+02	3.78830984e+01
3500            	rocket_tab	2.25667930e+00	1.92589743e+02	2.93929816e+01
3500            	rocket_slot	2.40938163e+01	1.86949774e+02	8.16433148e+01
3750            	rocket_body	2.48048414e+00	4.43603258e+02	7.06482464e+01
3750            	rocket_fins	1.56685282e+00	2.97739237e+02	3.78846030e+01
3750            	rocket_tab	3.59547077e+00	1.98690796e+02	2.94561926e+01
3750            	rocket_slot	1.93833331e+01	1.92183653e+02	8.08666611e+01
4000            	rocket_body	2.48073758e+00	4.41026350e+02	7.06559177e+01
4000            	rocket_fins	1.15120468e+00	2.97740527e+02	3.78843771e+01
4000            	rocket_tab	2.64361802e+00	2.03197813e+02	2.95514709e+01
4000            	rocket_slot	2.76997263e+01	1.87450322e+02	8.14826061e+01
