# y+ ()         
# Time          	patch           	min             	max             	average         
250             	rocket_body	7.68330253e-01	2.09483081e+02	2.82141929e+01
250             	rocket_fins	3.06220633e+00	2.82482986e+02	1.98060144e+01
250             	rocket_tab	3.87293138e+00	1.46188208e+02	2.63833444e+01
250             	rocket_slot	1.62168877e+01	1.29315332e+02	9.17557311e+01
500             	rocket_body	1.71875382e+00	3.57092400e+02	6.04630289e+01
500             	rocket_fins	2.71242740e+00	4.25752263e+02	3.53531054e+01
500             	rocket_tab	1.05732259e+01	2.17023965e+02	4.26934253e+01
500             	rocket_slot	2.29425126e+01	2.07077592e+02	1.35525264e+02
750             	rocket_body	3.32148473e+00	4.00057489e+02	6.91847456e+01
750             	rocket_fins	1.49567015e+00	3.04595130e+02	3.69184524e+01
750             	rocket_tab	1.20916549e+01	2.00703783e+02	4.30082309e+01
750             	rocket_slot	2.29776435e+01	2.36575804e+02	1.35247022e+02
1000            	rocket_body	1.92347567e+00	4.82931774e+02	7.06216602e+01
1000            	rocket_fins	1.23700499e+00	2.97862450e+02	3.78147094e+01
1000            	rocket_tab	1.16244208e+01	1.97729313e+02	4.30762177e+01
1000            	rocket_slot	2.30140764e+01	2.32179637e+02	1.35276018e+02
1250            	rocket_body	2.30524246e+00	4.79279561e+02	7.06627625e+01
1250            	rocket_fins	1.64963219e+00	2.97682768e+02	3.78585032e+01
1250            	rocket_tab	1.16839076e+01	1.97473296e+02	4.30849989e+01
1250            	rocket_slot	2.30076237e+01	2.31517602e+02	1.35220143e+02
1500            	rocket_body	2.30601568e+00	4.66024277e+02	7.06700268e+01
1500            	rocket_fins	1.51661057e+00	2.97679597e+02	3.78580387e+01
1500            	rocket_tab	1.16728967e+01	1.97443340e+02	4.30908256e+01
1500            	rocket_slot	2.29942225e+01	2.31831730e+02	1.35083217e+02
1750            	rocket_body	2.30887543e+00	4.74322190e+02	7.06705891e+01
1750            	rocket_fins	1.48911214e+00	2.97681562e+02	3.78561471e+01
1750            	rocket_tab	1.16649006e+01	1.97734160e+02	4.30906700e+01
1750            	rocket_slot	2.29923776e+01	2.31815870e+02	1.34897898e+02
2000            	rocket_body	2.30581253e+00	4.75182393e+02	7.06721483e+01
2000            	rocket_fins	1.78478087e+00	2.97679541e+02	3.78568032e+01
2000            	rocket_tab	1.16638951e+01	1.97063736e+02	4.29732054e+01
2000            	rocket_slot	2.29602562e+01	2.31705424e+02	1.36000149e+02
2250            	rocket_body	2.30721896e+00	4.69659580e+02	7.06742707e+01
2250            	rocket_fins	1.60120353e+00	2.97678425e+02	3.78584551e+01
2250            	rocket_tab	1.16558401e+01	1.97358408e+02	4.30479871e+01
2250            	rocket_slot	2.30110542e+01	2.30916704e+02	1.34977916e+02
2500            	rocket_body	2.30829336e+00	4.57787349e+02	7.06712894e+01
2500            	rocket_fins	1.72416283e+00	2.97680804e+02	3.78573909e+01
2500            	rocket_tab	1.16962697e+01	1.97751144e+02	4.30804877e+01
2500            	rocket_slot	2.30104121e+01	2.30766161e+02	1.34842003e+02
2750            	rocket_body	1.88356662e+00	4.70273903e+02	7.06674197e+01
2750            	rocket_fins	1.83258659e+00	2.97680071e+02	3.78570339e+01
2750            	rocket_tab	1.16910064e+01	1.97608315e+02	4.30749627e+01
2750            	rocket_slot	2.30064346e+01	2.31309419e+02	1.34816669e+02
3000            	rocket_body	1.71936919e+00	4.74966741e+02	7.06680272e+01
3000            	rocket_fins	1.58476443e+00	2.97679076e+02	3.78579428e+01
3000            	rocket_tab	1.17043113e+01	1.97533144e+02	4.30769523e+01
3000            	rocket_slot	2.30092022e+01	2.30979230e+02	1.34780260e+02
