# Force and moment coefficients
# dragDir       : (0.00000000e+00 0.00000000e+00 -1.00000000e+00)
# sideDir       : (-0.00000000e+00 1.00000000e+00 0.00000000e+00)
# liftDir       : (1.00000000e+00 0.00000000e+00 0.00000000e+00)
# rollAxis      : (0.00000000e+00 0.00000000e+00 -1.00000000e+00)
# pitchAxis     : (-0.00000000e+00 1.00000000e+00 0.00000000e+00)
# yawAxis       : (1.00000000e+00 0.00000000e+00 0.00000000e+00)
# magUInf       : 2.88200000e+02
# lRef          : 5.78100000e-02
# Aref          : 2.62480000e-03
# CofR          : (0.00000000e+00 0.00000000e+00 3.99000000e-01)
#
# Time          	Cd              	Cl              	CmPitch         	CmRoll          	CmYaw           
5001            	1.10793024e+00	-1.76504338e-03	9.36277759e-03	2.38815439e-02	1.31652151e-01
5002            	1.10796074e+00	-1.36140550e-03	5.40914835e-03	2.37279117e-02	1.33279758e-01
5003            	1.10786142e+00	-8.46069029e-04	7.38977509e-04	2.31857286e-02	1.34450800e-01
5004            	1.10778519e+00	-1.59539236e-04	-4.91712740e-03	2.23963580e-02	1.36017857e-01
5005            	1.10781677e+00	6.49057897e-04	-1.11430225e-02	2.15119256e-02	1.36842634e-01
5006            	1.10794322e+00	1.52016393e-03	-1.74762910e-02	2.06119894e-02	1.36591556e-01
5007            	1.10808018e+00	2.24711382e-03	-2.24928231e-02	1.98425271e-02	1.34226984e-01
5008            	1.10821254e+00	2.90493359e-03	-2.67745376e-02	1.93539393e-02	1.29893870e-01
5009            	1.10830012e+00	3.55295623e-03	-3.07174788e-02	1.91204001e-02	1.24127910e-01
5010            	1.10824561e+00	4.30700000e-03	-3.50244144e-02	1.89356402e-02	1.18439822e-01
5011            	1.10806305e+00	5.16754125e-03	-3.96834330e-02	1.86136220e-02	1.13171966e-01
5012            	1.10791097e+00	6.10786725e-03	-4.45798285e-02	1.81128297e-02	1.09013149e-01
5013            	1.10788367e+00	7.00911743e-03	-4.89749922e-02	1.74691144e-02	1.05192974e-01
5014            	1.10799055e+00	7.68531810e-03	-5.17277248e-02	1.66846878e-02	1.01680879e-01
5015            	1.10817335e+00	7.92826939e-03	-5.15995198e-02	1.58895846e-02	9.88368364e-02
5016            	1.10831840e+00	7.57057073e-03	-4.76259623e-02	1.52875269e-02	9.73359970e-02
5017            	1.10829116e+00	6.65636517e-03	-4.02972964e-02	1.51173899e-02	9.65471117e-02
5018            	1.10814480e+00	5.55472331e-03	-3.21051049e-02	1.53559026e-02	9.51254286e-02
5019            	1.10796295e+00	4.53010032e-03	-2.47028335e-02	1.58575300e-02	9.34541734e-02
5020            	1.10781553e+00	3.59673705e-03	-1.80496672e-02	1.65405305e-02	9.23811550e-02
5021            	1.10770712e+00	2.75318173e-03	-1.20677322e-02	1.74143560e-02	9.38956985e-02
5022            	1.10767427e+00	1.92435598e-03	-6.29700185e-03	1.83752521e-02	9.74453230e-02
5023            	1.10769601e+00	1.20228119e-03	-1.51664944e-03	1.92558911e-02	1.01780496e-01
5024            	1.10765936e+00	5.57222792e-04	2.37510164e-03	1.98765699e-02	1.05965471e-01
5025            	1.10748045e+00	-8.56697194e-05	5.86423931e-03	2.03212183e-02	1.09679921e-01
5026            	1.10724022e+00	-7.72827342e-04	9.32378784e-03	2.07886836e-02	1.12338072e-01
5027            	1.10710209e+00	-1.47943665e-03	1.26417496e-02	2.13927841e-02	1.14507391e-01
5028            	1.10716041e+00	-2.00907660e-03	1.46430791e-02	2.20892283e-02	1.15355075e-01
5029            	1.10742990e+00	-2.17223535e-03	1.41787165e-02	2.29027065e-02	1.15800999e-01
5030            	1.10783476e+00	-2.04889143e-03	1.18704836e-02	2.38444162e-02	1.17703344e-01
5031            	1.10820640e+00	-1.81390780e-03	8.87137846e-03	2.47474343e-02	1.21340092e-01
5032            	1.10839170e+00	-1.44683218e-03	4.98397771e-03	2.53202836e-02	1.26205119e-01
5033            	1.10841372e+00	-7.87990187e-04	-7.69340840e-04	2.53615466e-02	1.30678847e-01
5034            	1.10837581e+00	8.44690272e-05	-7.66893173e-03	2.48598792e-02	1.34018636e-01
5035            	1.10833248e+00	1.01632654e-03	-1.44890794e-02	2.39431027e-02	1.34786830e-01
5036            	1.10828151e+00	1.90432737e-03	-2.05699944e-02	2.27338720e-02	1.33651272e-01
5037            	1.10825753e+00	2.59367841e-03	-2.50357761e-02	2.14213339e-02	1.29975789e-01
5038            	1.10829337e+00	3.11631074e-03	-2.81927631e-02	2.02462129e-02	1.23943068e-01
5039            	1.10826359e+00	3.76321857e-03	-3.18878126e-02	1.93549982e-02	1.17038448e-01
5040            	1.10807199e+00	4.49539731e-03	-3.57910974e-02	1.86125233e-02	1.10954306e-01
5041            	1.10774904e+00	5.33571470e-03	-4.00701822e-02	1.77930194e-02	1.05251944e-01
5042            	1.10747329e+00	6.20460928e-03	-4.43190300e-02	1.68611733e-02	1.00794192e-01
5043            	1.10737285e+00	6.99975448e-03	-4.79574565e-02	1.59527650e-02	9.67014897e-02
5044            	1.10751336e+00	7.48435823e-03	-4.95419246e-02	1.51646667e-02	9.35617051e-02
5045            	1.10782087e+00	7.49909588e-03	-4.80440046e-02	1.45044426e-02	9.12271745e-02
5046            	1.10812890e+00	6.97412152e-03	-4.31615814e-02	1.39396046e-02	8.91996441e-02
5047            	1.10821905e+00	6.10382666e-03	-3.63234744e-02	1.36716946e-02	8.67525892e-02
5048            	1.10812585e+00	5.22315109e-03	-2.97736118e-02	1.38836263e-02	8.41899933e-02
5049            	1.10795290e+00	4.39266377e-03	-2.37498687e-02	1.46181993e-02	8.33138868e-02
5050            	1.10782090e+00	3.55810343e-03	-1.78100213e-02	1.57277398e-02	8.41595915e-02
5051            	1.10777145e+00	2.76109627e-03	-1.22912079e-02	1.70862591e-02	8.72712781e-02
5052            	1.10786275e+00	1.94799647e-03	-6.89047651e-03	1.86239027e-02	9.23705201e-02
5053            	1.10799996e+00	1.31105009e-03	-2.91808810e-03	2.01807265e-02	9.87904204e-02
5054            	1.10804848e+00	7.75854276e-04	5.70594855e-05	2.15709459e-02	1.05558577e-01
5055            	1.10793340e+00	1.98631633e-04	2.97324685e-03	2.27065274e-02	1.11927623e-01
5056            	1.10771609e+00	-4.98611994e-04	6.41597948e-03	2.36115324e-02	1.16378256e-01
5057            	1.10751950e+00	-1.16655728e-03	9.51932805e-03	2.43515936e-02	1.19403417e-01
5058            	1.10745067e+00	-1.68093998e-03	1.15852214e-02	2.49082841e-02	1.19829298e-01
5059            	1.10760437e+00	-1.96075694e-03	1.21735483e-02	2.53043844e-02	1.18809752e-01
5060            	1.10795227e+00	-2.03049191e-03	1.13905340e-02	2.55967884e-02	1.18330974e-01
5061            	1.10829351e+00	-1.88514235e-03	9.14166762e-03	2.57499897e-02	1.19043507e-01
5062            	1.10838516e+00	-1.41682699e-03	4.75754779e-03	2.55259200e-02	1.20177625e-01
5063            	1.10823053e+00	-6.35567818e-04	-1.47404646e-03	2.47623318e-02	1.19853765e-01
5064            	1.10795175e+00	2.37564543e-04	-7.91885493e-03	2.35368767e-02	1.17992151e-01
5065            	1.10773013e+00	1.09719323e-03	-1.39307609e-02	2.21130684e-02	1.14852785e-01
5066            	1.10767730e+00	1.82797109e-03	-1.89292298e-02	2.07111357e-02	1.11601083e-01
5067            	1.10778616e+00	2.40066345e-03	-2.27599088e-02	1.94132712e-02	1.07031522e-01
5068            	1.10794352e+00	2.94341659e-03	-2.62105207e-02	1.82003845e-02	1.00878180e-01
5069            	1.10797843e+00	3.61648665e-03	-3.01691538e-02	1.71236651e-02	9.36235196e-02
5070            	1.10781881e+00	4.33663599e-03	-3.40929425e-02	1.62247879e-02	8.73825093e-02
5071            	1.10754531e+00	5.11799605e-03	-3.81538976e-02	1.54929363e-02	8.25981199e-02
5072            	1.10736074e+00	5.96700694e-03	-4.25270093e-02	1.48538754e-02	7.99326062e-02
5073            	1.10740659e+00	6.69539106e-03	-4.59796922e-02	1.43303157e-02	7.81864773e-02
5074            	1.10774424e+00	7.06697430e-03	-4.70344890e-02	1.40770267e-02	7.84556949e-02
5075            	1.10825603e+00	7.02341170e-03	-4.53819103e-02	1.41424801e-02	8.05624895e-02
5076            	1.10866391e+00	6.62009929e-03	-4.15014627e-02	1.45074066e-02	8.42203338e-02
5077            	1.10875873e+00	5.95328473e-03	-3.61127202e-02	1.51513594e-02	8.80470194e-02
5078            	1.10858532e+00	5.19554476e-03	-3.02725964e-02	1.60452614e-02	9.14255463e-02
5079            	1.10827771e+00	4.37877276e-03	-2.41209447e-02	1.71192255e-02	9.47549006e-02
5080            	1.10802031e+00	3.54045886e-03	-1.79800843e-02	1.82238240e-02	9.76368571e-02
5081            	1.10790377e+00	2.69637665e-03	-1.20358062e-02	1.92518951e-02	1.00875863e-01
5082            	1.10794307e+00	1.95181119e-03	-6.97632546e-03	2.02133656e-02	1.03705200e-01
5083            	1.10800752e+00	1.33226841e-03	-2.98454288e-03	2.11187577e-02	1.06292028e-01
5084            	1.10792966e+00	7.72473595e-04	3.18941491e-04	2.18596284e-02	1.08695356e-01
5085            	1.10762370e+00	1.31020842e-04	3.85131746e-03	2.24103955e-02	1.10529049e-01
5086            	1.10719682e+00	-5.84709468e-04	7.59193981e-03	2.28711519e-02	1.11026267e-01
5087            	1.10690077e+00	-1.32425845e-03	1.12460073e-02	2.33891853e-02	1.10961730e-01
5088            	1.10693064e+00	-2.01579217e-03	1.44223071e-02	2.39811967e-02	1.09553419e-01
5089            	1.10733593e+00	-2.45195975e-03	1.58225462e-02	2.45035571e-02	1.07535724e-01
5090            	1.10790054e+00	-2.40590701e-03	1.40364129e-02	2.47182197e-02	1.05396297e-01
5091            	1.10828458e+00	-1.96140371e-03	9.70473660e-03	2.45471203e-02	1.03072370e-01
5092            	1.10830323e+00	-1.28091502e-03	3.97853763e-03	2.39920884e-02	1.00360886e-01
5093            	1.10808444e+00	-4.53313597e-04	-2.48554838e-03	2.31331315e-02	9.73651719e-02
5094            	1.10786185e+00	3.86662924e-04	-8.81109145e-03	2.20524855e-02	9.48137528e-02
5095            	1.10783027e+00	1.17254879e-03	-1.46061364e-02	2.09101341e-02	9.25700389e-02
5096            	1.10796836e+00	1.94996937e-03	-2.01607355e-02	1.99860323e-02	9.20114173e-02
5097            	1.10820371e+00	2.57234915e-03	-2.44850085e-02	1.93627767e-02	9.20412606e-02
5098            	1.10842157e+00	3.14792178e-03	-2.82388436e-02	1.89961911e-02	9.17464919e-02
5099            	1.10847548e+00	3.77206533e-03	-3.19533611e-02	1.86878524e-02	9.08709753e-02
5100            	1.10827536e+00	4.48365380e-03	-3.58542090e-02	1.82690754e-02	9.01653993e-02
5101            	1.10793734e+00	5.23264662e-03	-3.96566801e-02	1.76777852e-02	8.95640190e-02
5102            	1.10769347e+00	5.93598400e-03	-4.28651361e-02	1.68807558e-02	8.94145740e-02
5103            	1.10772328e+00	6.45623503e-03	-4.46976029e-02	1.59825989e-02	8.86591833e-02
5104            	1.10805546e+00	6.66490046e-03	-4.44886734e-02	1.52322893e-02	8.87662331e-02
5105            	1.10847840e+00	6.59892869e-03	-4.25244064e-02	1.48277995e-02	9.04373155e-02
5106            	1.10868199e+00	6.24587417e-03	-3.87150995e-02	1.47673636e-02	9.38630018e-02
5107            	1.10849131e+00	5.61267656e-03	-3.31506858e-02	1.50408407e-02	9.72534847e-02
5108            	1.10806855e+00	4.85111057e-03	-2.69510525e-02	1.56343727e-02	9.94768802e-02
5109            	1.10768944e+00	3.89618081e-03	-1.97932592e-02	1.65257056e-02	1.01080620e-01
5110            	1.10750924e+00	2.97577500e-03	-1.32184662e-02	1.76476196e-02	1.02422762e-01
5111            	1.10751935e+00	2.14776438e-03	-7.57195425e-03	1.87702009e-02	1.03480406e-01
5112            	1.10766611e+00	1.43853310e-03	-2.93457936e-03	1.96561083e-02	1.03005326e-01
5113            	1.10778113e+00	8.40093846e-04	7.27338148e-04	2.02648043e-02	1.01258682e-01
5114            	1.10771363e+00	3.10884233e-04	3.61997846e-03	2.07641040e-02	9.97678664e-02
5115            	1.10742968e+00	-2.88036149e-04	6.61175764e-03	2.13440790e-02	9.89354583e-02
5116            	1.10712317e+00	-1.05937991e-03	1.04315378e-02	2.20778646e-02	9.78710238e-02
5117            	1.10705468e+00	-1.88780979e-03	1.43882623e-02	2.29211241e-02	9.70436168e-02
5118            	1.10732568e+00	-2.50137339e-03	1.68007469e-02	2.39267116e-02	9.61855268e-02
5119            	1.10786323e+00	-2.64499189e-03	1.60974333e-02	2.49639271e-02	9.61761805e-02
5120            	1.10843435e+00	-2.33733365e-03	1.25325675e-02	2.58253871e-02	9.67364551e-02
5121            	1.10875202e+00	-1.80361573e-03	7.70871475e-03	2.62204501e-02	9.68542236e-02
5122            	1.10869390e+00	-1.15461781e-03	2.32487651e-03	2.59928224e-02	9.64107646e-02
5123            	1.10842804e+00	-3.68991935e-04	-3.76144592e-03	2.51862157e-02	9.56802688e-02
5124            	1.10815778e+00	3.91696625e-04	-9.40200380e-03	2.38807879e-02	9.46812362e-02
5125            	1.10802357e+00	1.20951253e-03	-1.51580883e-02	2.22978939e-02	9.36753230e-02
5126            	1.10803816e+00	1.91636372e-03	-1.99586986e-02	2.07792714e-02	9.35779355e-02
5127            	1.10814937e+00	2.39466550e-03	-2.30927656e-02	1.95254860e-02	9.33333379e-02
5128            	1.10820366e+00	2.81590224e-03	-2.56113269e-02	1.84715778e-02	9.18608198e-02
5129            	1.10804037e+00	3.37151023e-03	-2.86472426e-02	1.74999951e-02	8.93139686e-02
5130            	1.10765370e+00	3.97852159e-03	-3.16199269e-02	1.65207867e-02	8.67634373e-02
5131            	1.10726971e+00	4.53166927e-03	-3.39542897e-02	1.55605717e-02	8.47015375e-02
5132            	1.10716343e+00	5.03248371e-03	-3.58562018e-02	1.47300417e-02	8.40396422e-02
5133            	1.10737455e+00	5.53653865e-03	-3.77558493e-02	1.40355501e-02	8.34004583e-02
5134            	1.10778500e+00	5.90236388e-03	-3.87300981e-02	1.34376932e-02	8.35440203e-02
5135            	1.10815716e+00	6.03096579e-03	-3.80238797e-02	1.30016510e-02	8.50035328e-02
5136            	1.10826466e+00	5.77657199e-03	-3.48067963e-02	1.29678567e-02	8.81446176e-02
5137            	1.10808573e+00	5.12548548e-03	-2.92607335e-02	1.34887785e-02	9.10217045e-02
5138            	1.10783060e+00	4.29574301e-03	-2.29458506e-02	1.45093439e-02	9.33154274e-02
5139            	1.10766878e+00	3.43611607e-03	-1.67950796e-02	1.58526951e-02	9.50426671e-02
5140            	1.10767108e+00	2.65759030e-03	-1.14747776e-02	1.74888802e-02	9.67433570e-02
5141            	1.10780779e+00	1.94800152e-03	-6.82072466e-03	1.92342096e-02	9.91368781e-02
5142            	1.10800405e+00	1.31694166e-03	-2.84952213e-03	2.09028399e-02	1.01286436e-01
5143            	1.10810508e+00	8.02813401e-04	1.21187332e-04	2.22898588e-02	1.02575404e-01
5144            	1.10801650e+00	2.78740121e-04	2.87078873e-03	2.33613525e-02	1.03757785e-01
5145            	1.10775570e+00	-4.46622875e-04	6.68977698e-03	2.42088054e-02	1.04740538e-01
5146            	1.10751072e+00	-1.34284467e-03	1.14159464e-02	2.48193593e-02	1.04279342e-01
5147            	1.10746164e+00	-2.16814682e-03	1.54756948e-02	2.52221452e-02	1.02537987e-01
5148            	1.10766620e+00	-2.67126970e-03	1.73507018e-02	2.55659860e-02	9.92622787e-02
5149            	1.10803036e+00	-2.74132001e-03	1.65093717e-02	2.58612085e-02	9.55913795e-02
5150            	1.10834185e+00	-2.47337077e-03	1.36848351e-02	2.59226475e-02	9.17622924e-02
5151            	1.10838205e+00	-1.98791057e-03	9.60553367e-03	2.55619901e-02	8.81285018e-02
5152            	1.10814529e+00	-1.49087686e-03	5.48444993e-03	2.47112104e-02	8.48334292e-02
5153            	1.10782312e+00	-8.57072828e-04	5.24193543e-04	2.34971363e-02	8.25539917e-02
5154            	1.10761278e+00	-1.87206665e-04	-4.54613448e-03	2.21445200e-02	8.23407714e-02
5155            	1.10759427e+00	5.40288477e-04	-9.83332197e-03	2.07404256e-02	8.32134759e-02
5156            	1.10770368e+00	1.14917708e-03	-1.41665346e-02	1.93022132e-02	8.41550923e-02
5157            	1.10782607e+00	1.59459431e-03	-1.72153267e-02	1.78814944e-02	8.35102485e-02
5158            	1.10785330e+00	2.01548655e-03	-1.98400252e-02	1.66675774e-02	8.11945363e-02
5159            	1.10774041e+00	2.46291674e-03	-2.22832468e-02	1.57252729e-02	7.88770492e-02
5160            	1.10755148e+00	2.92782925e-03	-2.45494474e-02	1.50024444e-02	7.75870196e-02
5161            	1.10743601e+00	3.49046372e-03	-2.72733683e-02	1.44531749e-02	7.73220892e-02
5162            	1.10751068e+00	4.21552822e-03	-3.09334088e-02	1.42109989e-02	7.92448835e-02
5163            	1.10777982e+00	5.00141282e-03	-3.48253183e-02	1.42776205e-02	8.29356460e-02
5164            	1.10815203e+00	5.52341757e-03	-3.67798219e-02	1.46244781e-02	8.92014743e-02
5165            	1.10848245e+00	5.70051588e-03	-3.63477341e-02	1.51264373e-02	9.68821951e-02
5166            	1.10860180e+00	5.40349399e-03	-3.29318270e-02	1.57761866e-02	1.04349603e-01
5167            	1.10845932e+00	4.73826997e-03	-2.73897301e-02	1.66389144e-02	1.09648683e-01
5168            	1.10816177e+00	4.02993423e-03	-2.18381350e-02	1.75917636e-02	1.11919764e-01
5169            	1.10789645e+00	3.22646045e-03	-1.58757939e-02	1.85439966e-02	1.11815662e-01
5170            	1.10778041e+00	2.43884354e-03	-1.02837378e-02	1.95995326e-02	1.10797976e-01
5171            	1.10778776e+00	1.65425325e-03	-4.95159067e-03	2.07265388e-02	1.09949424e-01
5172            	1.10782529e+00	1.01433782e-03	-7.66544666e-04	2.17651854e-02	1.08452868e-01
5173            	1.10776651e+00	4.23211361e-04	2.88596411e-03	2.25617688e-02	1.05912744e-01
5174            	1.10757048e+00	-3.05090799e-04	7.15914673e-03	2.31026364e-02	1.03570916e-01
5175            	1.10732514e+00	-1.20915854e-03	1.22423204e-02	2.35050768e-02	1.01674304e-01
5176            	1.10717097e+00	-2.08410912e-03	1.67949802e-02	2.39126825e-02	9.93323137e-02
5177            	1.10718343e+00	-2.79459651e-03	2.00657592e-02	2.42867030e-02	9.56531868e-02
5178            	1.10737095e+00	-3.20087059e-03	2.13897736e-02	2.44555409e-02	8.88490415e-02
5179            	1.10766839e+00	-3.24163056e-03	2.04758836e-02	2.43181202e-02	8.06437846e-02
5180            	1.10795542e+00	-3.01462279e-03	1.78867536e-02	2.39815614e-02	7.35385789e-02
5181            	1.10807324e+00	-2.65356104e-03	1.44258022e-02	2.34736430e-02	6.84388035e-02
5182            	1.10797939e+00	-2.13802858e-03	9.93566676e-03	2.27536588e-02	6.57554768e-02
5183            	1.10781943e+00	-1.49094188e-03	4.65474256e-03	2.18255774e-02	6.57487334e-02
5184            	1.10772725e+00	-7.97371661e-04	-7.63966107e-04	2.09232224e-02	6.85871677e-02
5185            	1.10776825e+00	-7.07856636e-05	-6.22252547e-03	2.01281017e-02	7.37051504e-02
5186            	1.10788683e+00	5.70584732e-04	-1.09102378e-02	1.94440750e-02	7.99723561e-02
5187            	1.10804366e+00	9.99716128e-04	-1.39725677e-02	1.87897192e-02	8.52579237e-02
5188            	1.10814359e+00	1.30402135e-03	-1.58635661e-02	1.81350778e-02	8.82807284e-02
5189            	1.10810733e+00	1.63923676e-03	-1.75514939e-02	1.74981459e-02	9.03681655e-02
5190            	1.10792976e+00	2.11355786e-03	-1.97873812e-02	1.67808100e-02	9.17904965e-02
5191            	1.10769095e+00	2.87861982e-03	-2.36067790e-02	1.59328963e-02	9.30466003e-02
5192            	1.10758039e+00	3.74160260e-03	-2.77977134e-02	1.52468620e-02	9.58021844e-02
5193            	1.10765508e+00	4.49995497e-03	-3.10931450e-02	1.48493718e-02	9.97635879e-02
5194            	1.10784917e+00	4.97648072e-03	-3.24248604e-02	1.47061632e-02	1.04708455e-01
5195            	1.10804489e+00	5.02021999e-03	-3.09207289e-02	1.47290828e-02	1.09926406e-01
5196            	1.10803458e+00	4.65509966e-03	-2.69064285e-02	1.49459082e-02	1.14134571e-01
5197            	1.10780477e+00	3.98833868e-03	-2.12648316e-02	1.54694012e-02	1.15300938e-01
5198            	1.10752331e+00	3.24410900e-03	-1.55080648e-02	1.63693912e-02	1.14461791e-01
5199            	1.10735504e+00	2.37337735e-03	-9.28214588e-03	1.75123033e-02	1.12202773e-01
5200            	1.10732673e+00	1.60701518e-03	-4.05845542e-03	1.86765662e-02	1.08942272e-01
5201            	1.10738002e+00	8.67240907e-04	7.77706541e-04	1.96779331e-02	1.04980953e-01
5202            	1.10748598e+00	1.82184987e-04	5.09047204e-03	2.05654016e-02	1.00565773e-01
5203            	1.10759513e+00	-5.24609833e-04	9.27717704e-03	2.13648785e-02	9.61906974e-02
5204            	1.10762287e+00	-1.22632720e-03	1.30557074e-02	2.20889698e-02	9.33839219e-02
5205            	1.10753930e+00	-1.94272664e-03	1.65761801e-02	2.27509532e-02	9.12898182e-02
5206            	1.10744656e+00	-2.60397946e-03	1.95433331e-02	2.35101336e-02	8.87847971e-02
5207            	1.10744870e+00	-3.17202028e-03	2.19160313e-02	2.43262689e-02	8.54543558e-02
5208            	1.10762399e+00	-3.52615280e-03	2.29615877e-02	2.50852696e-02	8.11169207e-02
5209            	1.10797635e+00	-3.59308641e-03	2.21418328e-02	2.56023257e-02	7.71349884e-02
5210            	1.10835532e+00	-3.38635287e-03	1.95885372e-02	2.57567796e-02	7.45319192e-02
5211            	1.10850009e+00	-2.95536743e-03	1.56165822e-02	2.55123978e-02	7.39783079e-02
5212            	1.10835418e+00	-2.42872186e-03	1.11404110e-02	2.47565016e-02	7.47247598e-02
5213            	1.10807816e+00	-1.83482164e-03	6.39976043e-03	2.35022626e-02	7.68941629e-02
5214            	1.10783195e+00	-1.25252756e-03	1.94392233e-03	2.20636592e-02	8.05716910e-02
5215            	1.10769852e+00	-5.81967314e-04	-2.91519899e-03	2.06491008e-02	8.55412607e-02
5216            	1.10766178e+00	-7.59225861e-05	-6.46624353e-03	1.93520161e-02	9.08735276e-02
5217            	1.10771720e+00	1.64040605e-04	-8.01767742e-03	1.81554569e-02	9.45404712e-02
5218            	1.10778128e+00	3.31435142e-04	-8.82381596e-03	1.70640487e-02	9.56454901e-02
5219            	1.10771708e+00	6.96399155e-04	-1.06036601e-02	1.61392957e-02	9.62198324e-02
5220            	1.10748942e+00	1.38458860e-03	-1.41679119e-02	1.54392442e-02	9.80868837e-02
5221            	1.10723982e+00	2.25355990e-03	-1.85906958e-02	1.49291456e-02	1.01263595e-01
5222            	1.10711360e+00	3.16163472e-03	-2.30140681e-02	1.45102752e-02	1.04837842e-01
5223            	1.10720361e+00	3.94909834e-03	-2.65486301e-02	1.40961885e-02	1.07486197e-01
5224            	1.10748120e+00	4.40476105e-03	-2.79033430e-02	1.38352583e-02	1.10219140e-01
5225            	1.10780367e+00	4.48733204e-03	-2.68917252e-02	1.38435750e-02	1.13005145e-01
5226            	1.10794655e+00	4.11824381e-03	-2.31589535e-02	1.42438033e-02	1.14838459e-01
5227            	1.10786603e+00	3.46242548e-03	-1.79083055e-02	1.50611610e-02	1.14127388e-01
5228            	1.10769120e+00	2.74684754e-03	-1.26207256e-02	1.63888703e-02	1.12564155e-01
5229            	1.10756681e+00	1.99480534e-03	-7.38978939e-03	1.81144998e-02	1.10927766e-01
5230            	1.10757428e+00	1.31722108e-03	-2.91216739e-03	2.00114705e-02	1.09668851e-01
5231            	1.10773218e+00	4.95292276e-04	2.34548761e-03	2.17750140e-02	1.08690616e-01
5232            	1.10799513e+00	-3.26361848e-04	7.42932448e-03	2.31928817e-02	1.07177654e-01
5233            	1.10819469e+00	-1.00991783e-03	1.13683748e-02	2.42110378e-02	1.05166669e-01
5234            	1.10815123e+00	-1.58660065e-03	1.44072950e-02	2.48006107e-02	1.03043896e-01
5235            	1.10784560e+00	-2.22129723e-03	1.77554225e-02	2.49796415e-02	9.91244854e-02
5236            	1.10748661e+00	-2.94090636e-03	2.16066316e-02	2.50120553e-02	9.34743154e-02
5237            	1.10728773e+00	-3.61544788e-03	2.50551661e-02	2.50202441e-02	8.69712763e-02
5238            	1.10737137e+00	-4.12711569e-03	2.73444134e-02	2.50024501e-02	7.99723914e-02
5239            	1.10764209e+00	-4.25775506e-03	2.71260027e-02	2.48353908e-02	7.39810855e-02
5240            	1.10789955e+00	-4.06448382e-03	2.48501022e-02	2.44165950e-02	7.03937805e-02
5241            	1.10791356e+00	-3.69059374e-03	2.14343860e-02	2.37014783e-02	6.90665493e-02
5242            	1.10769679e+00	-3.30000244e-03	1.78809547e-02	2.27289077e-02	6.97835852e-02
5243            	1.10740550e+00	-2.78194941e-03	1.35382949e-02	2.15239244e-02	7.27341068e-02
5244            	1.10718882e+00	-2.23085102e-03	9.12456017e-03	2.00969078e-02	7.64360723e-02
5245            	1.10714234e+00	-1.64909148e-03	4.73271504e-03	1.84935626e-02	8.02847435e-02
5246            	1.10726997e+00	-1.26917909e-03	1.86929815e-03	1.69762730e-02	8.39657844e-02
5247            	1.10751107e+00	-9.89306017e-04	-1.58975357e-04	1.57843857e-02	8.65729446e-02
5248            	1.10770087e+00	-5.81360147e-04	-2.77732054e-03	1.50070873e-02	8.82007117e-02
5249            	1.10768875e+00	8.50352945e-05	-6.69264327e-03	1.45705247e-02	9.10638447e-02
5250            	1.10748441e+00	9.27844137e-04	-1.13039045e-02	1.45369544e-02	9.63372825e-02
5251            	1.10727407e+00	1.87294635e-03	-1.62760421e-02	1.48272799e-02	1.03544578e-01
5252            	1.10722735e+00	2.81366617e-03	-2.10443612e-02	1.52816247e-02	1.11489314e-01
5253            	1.10742779e+00	3.62549676e-03	-2.48915529e-02	1.57225377e-02	1.18693429e-01
5254            	1.10778904e+00	4.15676801e-03	-2.68649680e-02	1.60744200e-02	1.24132396e-01
5255            	1.10813568e+00	4.25393537e-03	-2.59760994e-02	1.64270976e-02	1.28275525e-01
5256            	1.10821791e+00	3.82561875e-03	-2.17787116e-02	1.68668303e-02	1.30062819e-01
5257            	1.10799567e+00	3.13555866e-03	-1.61535533e-02	1.74188534e-02	1.28034798e-01
5258            	1.10766377e+00	2.43501567e-03	-1.08071542e-02	1.82568430e-02	1.24323252e-01
5259            	1.10742367e+00	1.58507717e-03	-4.74736640e-03	1.93866987e-02	1.19728053e-01
5260            	1.10738143e+00	6.99349885e-04	1.30869646e-03	2.06689625e-02	1.15358042e-01
5261            	1.10751715e+00	-2.86665220e-04	7.83616142e-03	2.18426264e-02	1.11401221e-01
5262            	1.10768937e+00	-1.08823534e-03	1.29836927e-02	2.26881269e-02	1.06755274e-01
5263            	1.10771976e+00	-1.69251514e-03	1.66427167e-02	2.31602078e-02	1.01064586e-01
5264            	1.10752855e+00	-2.29160316e-03	2.00673410e-02	2.33984524e-02	9.53994753e-02
5265            	1.10718308e+00	-3.02344368e-03	2.41446364e-02	2.35308128e-02	8.91941416e-02
5266            	1.10690252e+00	-3.84651886e-03	2.85602508e-02	2.35577330e-02	8.23293637e-02
5267            	1.10683952e+00	-4.61378357e-03	3.24258341e-02	2.33959403e-02	7.40473674e-02
5268            	1.10703895e+00	-5.05559675e-03	3.40969616e-02	2.31594669e-02	6.60219528e-02
5269            	1.10741176e+00	-5.16475277e-03	3.35693723e-02	2.29325096e-02	6.03417375e-02
5270            	1.10777609e+00	-5.00438396e-03	3.12803969e-02	2.26886557e-02	5.83036040e-02
5271            	1.10788780e+00	-4.66216208e-03	2.77726587e-02	2.22674436e-02	5.94601324e-02
5272            	1.10772898e+00	-4.15994160e-03	2.32026335e-02	2.17151742e-02	6.32397080e-02
5273            	1.10751069e+00	-3.55054652e-03	1.80356422e-02	2.10754895e-02	7.01067535e-02
5274            	1.10743032e+00	-3.01012368e-03	1.35535751e-02	2.03705445e-02	7.86330237e-02
5275            	1.10758179e+00	-2.48057051e-03	9.33593366e-03	1.95860656e-02	8.80421206e-02
5276            	1.10786428e+00	-2.01949900e-03	5.79784618e-03	1.87752860e-02	9.69952769e-02
5277            	1.10812372e+00	-1.54167026e-03	2.45903208e-03	1.80732671e-02	1.04510330e-01
5278            	1.10815612e+00	-9.15088707e-04	-1.32637101e-03	1.75197660e-02	1.10666982e-01
5279            	1.10789598e+00	-1.73736992e-04	-5.28222785e-03	1.70054963e-02	1.16304937e-01
5280            	1.10748098e+00	7.03778722e-04	-9.73142548e-03	1.66034826e-02	1.21766283e-01
5281            	1.10717266e+00	1.57240000e-03	-1.39536341e-02	1.63329440e-02	1.27706494e-01
5282            	1.10709017e+00	2.44521283e-03	-1.81061673e-02	1.61907572e-02	1.32784625e-01
5283            	1.10723695e+00	3.19410281e-03	-2.13797839e-02	1.60825305e-02	1.35955829e-01
5284            	1.10750297e+00	3.63430723e-03	-2.25724141e-02	1.59398964e-02	1.37162092e-01
5285            	1.10771881e+00	3.61247422e-03	-2.07817502e-02	1.58901160e-02	1.37042486e-01
5286            	1.10768337e+00	3.14339457e-03	-1.63264092e-02	1.61735497e-02	1.35581480e-01
5287            	1.10744653e+00	2.41133719e-03	-1.05588884e-02	1.68764333e-02	1.31771485e-01
5288            	1.10721474e+00	1.54114272e-03	-4.25031868e-03	1.78673044e-02	1.26285498e-01
5289            	1.10717810e+00	5.06469866e-04	2.82295674e-03	1.88853897e-02	1.19028133e-01
5290            	1.10732372e+00	-3.47065214e-04	8.45001810e-03	1.98725780e-02	1.11590839e-01
5291            	1.10755638e+00	-1.09399122e-03	1.32294960e-02	2.07689997e-02	1.04605445e-01
5292            	1.10774569e+00	-1.65667646e-03	1.67147440e-02	2.15118417e-02	9.72449931e-02
5293            	1.10775017e+00	-2.21726604e-03	2.00590072e-02	2.20299441e-02	8.93393679e-02
5294            	1.10755193e+00	-2.85319384e-03	2.36501008e-02	2.25148267e-02	8.29735526e-02
5295            	1.10729123e+00	-3.64466375e-03	2.79205531e-02	2.31106617e-02	7.80798331e-02
5296            	1.10714372e+00	-4.46145518e-03	3.20861440e-02	2.37749778e-02	7.46016475e-02
5297            	1.10720980e+00	-5.11081661e-03	3.50013558e-02	2.43583326e-02	7.18754435e-02
5298            	1.10750364e+00	-5.46274686e-03	3.59746325e-02	2.47297278e-02	6.97201824e-02
5299            	1.10789823e+00	-5.56574432e-03	3.53718610e-02	2.48527657e-02	6.94423270e-02
5300            	1.10813148e+00	-5.41826954e-03	3.32385991e-02	2.46482748e-02	7.13839018e-02
5301            	1.10801980e+00	-5.02451390e-03	2.95778905e-02	2.39241920e-02	7.46969481e-02
5302            	1.10768608e+00	-4.57084415e-03	2.55950516e-02	2.27862259e-02	7.90253335e-02
5303            	1.10740125e+00	-4.11047512e-03	2.16644735e-02	2.14163254e-02	8.51512296e-02
5304            	1.10732653e+00	-3.68347120e-03	1.80833801e-02	2.00196080e-02	9.22213088e-02
5305            	1.10741841e+00	-3.07773587e-03	1.35310786e-02	1.87017091e-02	1.00167936e-01
5306            	1.10754705e+00	-2.45964546e-03	9.24098491e-03	1.75073301e-02	1.07989825e-01
5307            	1.10757599e+00	-1.86881880e-03	5.57735545e-03	1.65510072e-02	1.14758471e-01
5308            	1.10741936e+00	-1.22549587e-03	1.99745291e-03	1.59402197e-02	1.20405148e-01
5309            	1.10713094e+00	-5.24944385e-04	-1.65633374e-03	1.56236231e-02	1.26014079e-01
5310            	1.10684588e+00	2.51582871e-04	-5.60057146e-03	1.54379836e-02	1.30947067e-01
5311            	1.10667588e+00	1.17166910e-03	-1.03351729e-02	1.51528132e-02	1.34476452e-01
5312            	1.10671381e+00	2.07040187e-03	-1.48110234e-02	1.48415358e-02	1.35667168e-01
5313            	1.10698624e+00	2.75015507e-03	-1.78064174e-02	1.46425498e-02	1.35313306e-01
5314            	1.10736456e+00	3.10961720e-03	-1.87083263e-02	1.46728086e-02	1.34281065e-01
5315            	1.10764566e+00	3.14732222e-03	-1.76121335e-02	1.49866837e-02	1.33165353e-01
5316            	1.10768998e+00	2.68505271e-03	-1.34979024e-02	1.57957087e-02	1.31638383e-01
5317            	1.10760322e+00	1.83964189e-03	-7.23642208e-03	1.71391748e-02	1.29173950e-01
5318            	1.10757087e+00	8.70203792e-04	-5.03362243e-04	1.88154092e-02	1.26155693e-01
5319            	1.10766846e+00	-3.94751010e-05	5.58647405e-03	2.05051128e-02	1.21997219e-01
5320            	1.10784581e+00	-7.20416643e-04	1.00322164e-02	2.19592110e-02	1.16995298e-01
5321            	1.10801059e+00	-1.35977683e-03	1.42580722e-02	2.30334495e-02	1.10743257e-01
5322            	1.10804632e+00	-1.93442673e-03	1.80946404e-02	2.36849834e-02	1.03442459e-01
5323            	1.10788475e+00	-2.56612572e-03	2.21369396e-02	2.38528666e-02	9.54512579e-02
5324            	1.10759379e+00	-3.37118874e-03	2.69883542e-02	2.37640923e-02	8.83250860e-02
5325            	1.10726535e+00	-4.22448700e-03	3.18169497e-02	2.36617464e-02	8.21829881e-02
5326            	1.10703507e+00	-5.04721199e-03	3.61985126e-02	2.36799130e-02	7.80950734e-02
5327            	1.10698948e+00	-5.71356717e-03	3.94473233e-02	2.37347412e-02	7.47938204e-02
5328            	1.10713869e+00	-6.12245244e-03	4.09974728e-02	2.36463120e-02	7.21159073e-02
5329            	1.10735966e+00	-6.22948327e-03	4.05614216e-02	2.33549680e-02	7.10901811e-02
5330            	1.10750112e+00	-6.10297757e-03	3.85735530e-02	2.28750482e-02	7.24550625e-02
5331            	1.10745399e+00	-5.83501907e-03	3.56199995e-02	2.21480159e-02	7.60284531e-02
5332            	1.10732456e+00	-5.47217547e-03	3.19998626e-02	2.11151873e-02	8.07085049e-02
5333            	1.10723533e+00	-4.92911183e-03	2.72852979e-02	1.97638653e-02	8.64863718e-02
5334            	1.10725628e+00	-4.21147584e-03	2.16678446e-02	1.83362095e-02	9.28814211e-02
5335            	1.10734848e+00	-3.33495121e-03	1.53499417e-02	1.70931083e-02	1.01126828e-01
5336            	1.10746271e+00	-2.62446634e-03	1.04964718e-02	1.62303857e-02	1.10369340e-01
5337            	1.10753133e+00	-2.00180989e-03	6.52229426e-03	1.57650640e-02	1.18777157e-01
5338            	1.10750808e+00	-1.38757692e-03	2.89029786e-03	1.57650322e-02	1.26259502e-01
5339            	1.10738300e+00	-6.45902758e-04	-1.27060131e-03	1.61556164e-02	1.34004386e-01
5340            	1.10721816e+00	2.40472812e-04	-6.09193958e-03	1.66767064e-02	1.40652682e-01
5341            	1.10715612e+00	1.22848330e-03	-1.13739998e-02	1.71188884e-02	1.46575206e-01
5342            	1.10726883e+00	2.11446744e-03	-1.58206323e-02	1.73935590e-02	1.49811200e-01
5343            	1.10753260e+00	2.77650773e-03	-1.86921303e-02	1.75397961e-02	1.50852398e-01
5344            	1.10780496e+00	3.10909165e-03	-1.93226057e-02	1.76725602e-02	1.50288317e-01
5345            	1.10794279e+00	2.94581716e-03	-1.66873764e-02	1.78005990e-02	1.48301672e-01
5346            	1.10789053e+00	2.21292536e-03	-1.05743296e-02	1.81409324e-02	1.44718231e-01
5347            	1.10777066e+00	1.21555133e-03	-3.15793419e-03	1.88019977e-02	1.39312756e-01
5348            	1.10767375e+00	2.79797155e-04	3.50697554e-03	1.97625134e-02	1.32974686e-01
5349            	1.10762192e+00	-5.52556845e-04	9.36171558e-03	2.07813746e-02	1.24873576e-01
5350            	1.10756561e+00	-1.25879746e-03	1.43879907e-02	2.15785804e-02	1.15496420e-01
5351            	1.10749962e+00	-1.98204795e-03	1.95343772e-02	2.20638155e-02	1.05296338e-01
5352            	1.10744436e+00	-2.68861785e-03	2.43414159e-02	2.23065355e-02	9.52392544e-02
5353            	1.10733778e+00	-3.42987838e-03	2.89918934e-02	2.23752500e-02	8.62844751e-02
5354            	1.10714547e+00	-4.20791280e-03	3.34728190e-02	2.23287925e-02	7.95117784e-02
5355            	1.10692399e+00	-5.04098045e-03	3.79808314e-02	2.21555939e-02	7.34775389e-02
5356            	1.10679601e+00	-5.88700412e-03	4.23299410e-02	2.19728495e-02	6.89687935e-02
5357            	1.10682967e+00	-6.55721633e-03	4.53845665e-02	2.18542030e-02	6.50891802e-02
5358            	1.10704027e+00	-6.83883589e-03	4.58202704e-02	2.17837367e-02	6.25325887e-02
5359            	1.10735557e+00	-6.85352773e-03	4.44818467e-02	2.16846474e-02	6.25519235e-02
5360            	1.10763695e+00	-6.68033743e-03	4.19391987e-02	2.15965321e-02	6.61517815e-02
5361            	1.10776520e+00	-6.34377687e-03	3.82796759e-02	2.14774640e-02	7.31388925e-02
5362            	1.10776850e+00	-5.74222135e-03	3.28770947e-02	2.12206966e-02	8.26959967e-02
5363            	1.10774376e+00	-4.90086126e-03	2.60876492e-02	2.07563918e-02	9.47430455e-02
5364            	1.10774928e+00	-3.98683914e-03	1.92465255e-02	2.01230086e-02	1.08005360e-01
5365            	1.10776056e+00	-3.06378662e-03	1.28055007e-02	1.94259945e-02	1.21964139e-01
5366            	1.10777120e+00	-2.34378292e-03	8.09103791e-03	1.88062907e-02	1.34477213e-01
5367            	1.10773844e+00	-1.79163585e-03	4.81139983e-03	1.82227755e-02	1.43828243e-01
5368            	1.10759057e+00	-1.11870602e-03	1.06114885e-03	1.77428755e-02	1.49880708e-01
5369            	1.10734144e+00	-3.50814559e-04	-3.01283341e-03	1.73860745e-02	1.53756310e-01
5370            	1.10707124e+00	4.78244095e-04	-7.22604354e-03	1.71504913e-02	1.55909583e-01
5371            	1.10689333e+00	1.33039370e-03	-1.13967160e-02	1.69425232e-02	1.56993655e-01
5372            	1.10684856e+00	2.13947949e-03	-1.51321358e-02	1.66875938e-02	1.55585920e-01
5373            	1.10696503e+00	2.68983577e-03	-1.70982431e-02	1.64477953e-02	1.52739249e-01
5374            	1.10720923e+00	2.78970775e-03	-1.61276363e-02	1.63847606e-02	1.49210257e-01
5375            	1.10747908e+00	2.33901130e-03	-1.17419894e-02	1.65869721e-02	1.45465102e-01
5376            	1.10758749e+00	1.55109589e-03	-5.49406879e-03	1.70499774e-02	1.40342592e-01
5377            	1.10753565e+00	7.17871996e-04	6.92097723e-04	1.76325017e-02	1.32466341e-01
5378            	1.10741042e+00	-4.24301172e-05	6.20825431e-03	1.83020848e-02	1.22251447e-01
5379            	1.10731088e+00	-8.22184996e-04	1.17759187e-02	1.90457025e-02	1.10492192e-01
5380            	1.10728929e+00	-1.55900745e-03	1.69143536e-02	1.98031679e-02	9.92828555e-02
5381            	1.10739477e+00	-2.37367541e-03	2.23652856e-02	2.04550980e-02	8.88267546e-02
5382            	1.10752979e+00	-3.06636734e-03	2.67551822e-02	2.10537514e-02	8.02562602e-02
5383            	1.10757797e+00	-3.70607625e-03	3.04631645e-02	2.16999628e-02	7.54263789e-02
5384            	1.10747614e+00	-4.43678275e-03	3.44402718e-02	2.23541259e-02	7.38326817e-02
5385            	1.10729792e+00	-5.27336345e-03	3.88230485e-02	2.29261961e-02	7.36911915e-02
5386            	1.10717308e+00	-6.07962283e-03	4.27867659e-02	2.33460753e-02	7.47429347e-02
5387            	1.10719791e+00	-6.68851054e-03	4.53467302e-02	2.35788142e-02	7.56399867e-02
5388            	1.10740959e+00	-6.98369064e-03	4.59071812e-02	2.36221843e-02	7.71436131e-02
5389            	1.10774341e+00	-7.02334896e-03	4.48774925e-02	2.33743813e-02	7.97340691e-02
5390            	1.10802738e+00	-6.82735173e-03	4.23084846e-02	2.28857158e-02	8.42175162e-02
5391            	1.10806887e+00	-6.34568030e-03	3.78384804e-02	2.22014563e-02	9.10910589e-02
5392            	1.10789520e+00	-5.56747315e-03	3.15712064e-02	2.14270239e-02	1.00873521e-01
5393            	1.10761330e+00	-4.62667558e-03	2.46042459e-02	2.05647667e-02	1.13369691e-01
5394            	1.10736541e+00	-3.68803306e-03	1.80698448e-02	1.95931923e-02	1.26163507e-01
5395            	1.10724386e+00	-2.87326608e-03	1.26216039e-02	1.86188294e-02	1.38610543e-01
5396            	1.10726823e+00	-2.27939610e-03	8.78835841e-03	1.78391612e-02	1.48973687e-01
5397            	1.10734019e+00	-1.70347699e-03	5.21853318e-03	1.73162124e-02	1.55962976e-01
5398            	1.10732885e+00	-1.00695065e-03	1.13871896e-03	1.69748031e-02	1.59666300e-01
5399            	1.10718003e+00	-2.59464364e-04	-2.94800603e-03	1.66217656e-02	1.60422213e-01
5400            	1.10694756e+00	5.50657172e-04	-7.14591572e-03	1.62657034e-02	1.58883942e-01
5401            	1.10678415e+00	1.44894465e-03	-1.17523791e-02	1.60170163e-02	1.56671461e-01
5402            	1.10683113e+00	2.22581750e-03	-1.54800395e-02	1.59422067e-02	1.53056614e-01
5403            	1.10716081e+00	2.62962840e-03	-1.67824492e-02	1.60230516e-02	1.49264206e-01
5404            	1.10765276e+00	2.66422854e-03	-1.57112292e-02	1.63714186e-02	1.45860902e-01
5405            	1.10806116e+00	2.34979893e-03	-1.25016589e-02	1.70879701e-02	1.43395835e-01
5406            	1.10818440e+00	1.77164360e-03	-7.77218652e-03	1.81213841e-02	1.39612566e-01
5407            	1.10808279e+00	1.08250001e-03	-2.49575809e-03	1.93035049e-02	1.33156225e-01
5408            	1.10789533e+00	3.21270454e-04	3.12844175e-03	2.04291698e-02	1.24665796e-01
5409            	1.10777820e+00	-4.89837464e-04	8.92002726e-03	2.13843585e-02	1.15034368e-01
5410            	1.10775152e+00	-1.33390873e-03	1.47938043e-02	2.21114367e-02	1.05869568e-01
5411            	1.10777974e+00	-2.10678984e-03	2.01095989e-02	2.25117352e-02	9.70749340e-02
5412            	1.10778926e+00	-2.82588731e-03	2.48713169e-02	2.26393605e-02	8.95675410e-02
5413            	1.10770053e+00	-3.54760343e-03	2.93098227e-02	2.26200142e-02	8.48607377e-02
5414            	1.10745935e+00	-4.39857761e-03	3.42152291e-02	2.26134753e-02	8.30682322e-02
5415            	1.10711776e+00	-5.25901386e-03	3.88743918e-02	2.25918242e-02	8.22881458e-02
5416            	1.10683776e+00	-6.10536889e-03	4.32352119e-02	2.24620989e-02	8.20378888e-02
5417            	1.10678562e+00	-6.83135524e-03	4.67250486e-02	2.22286408e-02	8.12490944e-02
5418            	1.10706520e+00	-7.24817762e-03	4.81130247e-02	2.19868861e-02	8.15131621e-02
5419            	1.10752239e+00	-7.21329052e-03	4.64736905e-02	2.17592164e-02	8.41487994e-02
5420            	1.10785072e+00	-6.72685381e-03	4.18814891e-02	2.14335113e-02	8.94027364e-02
5421            	1.10784357e+00	-6.00105529e-03	3.58299862e-02	2.08237722e-02	9.68794135e-02
5422            	1.10756559e+00	-5.10326571e-03	2.88805296e-02	1.99898351e-02	1.06577509e-01
5423            	1.10727331e+00	-4.14281779e-03	2.18084764e-02	1.90987892e-02	1.18040460e-01
5424            	1.10717749e+00	-3.28331448e-03	1.56309996e-02	1.83131367e-02	1.30167974e-01
5425            	1.10726477e+00	-2.44878022e-03	9.79122265e-03	1.76867831e-02	1.41965956e-01
5426            	1.10745173e+00	-1.78423937e-03	5.24854196e-03	1.73430345e-02	1.51419023e-01
5427            	1.10761924e+00	-1.14464576e-03	1.10783698e-03	1.73985450e-02	1.58512888e-01
5428            	1.10766067e+00	-4.28511131e-04	-3.20722067e-03	1.77599061e-02	1.63508455e-01
5429            	1.10752368e+00	3.71391762e-04	-7.71664727e-03	1.81959406e-02	1.66718431e-01
5430            	1.10731040e+00	1.19664937e-03	-1.20886491e-02	1.84960091e-02	1.67616678e-01
5431            	1.10721428e+00	1.94839575e-03	-1.57442783e-02	1.86274726e-02	1.66923000e-01
5432            	1.10732835e+00	2.52542145e-03	-1.80967512e-02	1.86132161e-02	1.63960380e-01
5433            	1.10763363e+00	2.86526084e-03	-1.88206253e-02	1.84243473e-02	1.59740680e-01
5434            	1.10799179e+00	2.95791312e-03	-1.79047101e-02	1.81725544e-02	1.54230615e-01
5435            	1.10819123e+00	2.65997768e-03	-1.44874341e-02	1.80467974e-02	1.47502484e-01
5436            	1.10807403e+00	2.00463159e-03	-8.85838398e-03	1.82286605e-02	1.38562291e-01
5437            	1.10774260e+00	1.24443028e-03	-2.75424182e-03	1.86476144e-02	1.27677181e-01
5438            	1.10740774e+00	3.60594229e-04	3.90255384e-03	1.91366312e-02	1.15936202e-01
5439            	1.10720875e+00	-5.32155045e-04	1.03777647e-02	1.96048439e-02	1.04092940e-01
5440            	1.10717254e+00	-1.37609251e-03	1.62750205e-02	2.00770963e-02	9.43304005e-02
5441            	1.10726003e+00	-2.19652382e-03	2.18020429e-02	2.05143378e-02	8.65181911e-02
5442            	1.10735877e+00	-2.99765561e-03	2.68967627e-02	2.07911063e-02	8.05018776e-02
5443            	1.10732188e+00	-3.74279311e-03	3.12533888e-02	2.07626929e-02	7.66405066e-02
5444            	1.10708511e+00	-4.51186544e-03	3.53888832e-02	2.05622430e-02	7.44545856e-02
5445            	1.10680519e+00	-5.36151310e-03	3.97615089e-02	2.03959820e-02	7.31324885e-02
5446            	1.10672237e+00	-6.21817958e-03	4.39279358e-02	2.03728650e-02	7.31444153e-02
5447            	1.10695846e+00	-6.87937707e-03	4.66333813e-02	2.04851904e-02	7.38017212e-02
5448            	1.10744583e+00	-7.01158799e-03	4.58005069e-02	2.07581808e-02	7.65369009e-02
5449            	1.10797546e+00	-6.60180927e-03	4.14978392e-02	2.12485955e-02	8.35919524e-02
5450            	1.10825462e+00	-5.88982264e-03	3.54407841e-02	2.17947954e-02	9.49628820e-02
5451            	1.10817734e+00	-5.07077446e-03	2.88654897e-02	2.21213372e-02	1.08833103e-01
5452            	1.10793723e+00	-4.15564282e-03	2.18144369e-02	2.20738334e-02	1.23732976e-01
5453            	1.10774552e+00	-3.22710513e-03	1.48921887e-02	2.16802191e-02	1.38856008e-01
5454            	1.10768749e+00	-2.26784780e-03	8.07363227e-03	2.10602403e-02	1.52451859e-01
5455            	1.10772624e+00	-1.40062230e-03	2.18172692e-03	2.02894251e-02	1.63573910e-01
5456            	1.10781560e+00	-7.95641721e-04	-1.72748410e-03	1.95309297e-02	1.70846407e-01
5457            	1.10784221e+00	-2.70038340e-04	-4.86003031e-03	1.89869148e-02	1.74132326e-01
5458            	1.10769959e+00	4.01181843e-04	-8.62985459e-03	1.87493987e-02	1.75155822e-01
5459            	1.10738613e+00	1.10799050e-03	-1.22670010e-02	1.86423069e-02	1.74454504e-01
5460            	1.10706791e+00	1.73565386e-03	-1.50826454e-02	1.84497380e-02	1.71647091e-01
5461            	1.10695219e+00	2.29233533e-03	-1.73059497e-02	1.81347975e-02	1.67401976e-01
5462            	1.10711441e+00	2.81774027e-03	-1.93116940e-02	1.78086687e-02	1.61651129e-01
5463            	1.10746962e+00	3.24438044e-03	-2.06691365e-02	1.75329333e-02	1.55232000e-01
5464            	1.10781939e+00	3.42187994e-03	-2.02930670e-02	1.72827564e-02	1.47414005e-01
5465            	1.10793371e+00	3.15322198e-03	-1.69918488e-02	1.70232327e-02	1.37684902e-01
5466            	1.10776616e+00	2.48413731e-03	-1.13020632e-02	1.69235673e-02	1.25646487e-01
5467            	1.10751003e+00	1.61322538e-03	-4.66082355e-03	1.71266357e-02	1.12686886e-01
5468            	1.10733195e+00	7.24143836e-04	1.76403166e-03	1.76389481e-02	1.00651573e-01
5469            	1.10731852e+00	-1.36467286e-04	7.72432318e-03	1.83445395e-02	9.05879564e-02
5470            	1.10744117e+00	-9.54019373e-04	1.31791319e-02	1.92084960e-02	8.36442419e-02
5471            	1.10762939e+00	-1.76506671e-03	1.83914446e-02	2.01761764e-02	7.97412973e-02
5472            	1.10775699e+00	-2.47500753e-03	2.26605496e-02	2.10675242e-02	7.83299851e-02
5473            	1.10773318e+00	-3.15069283e-03	2.63614410e-02	2.17395562e-02	8.00729493e-02
5474            	1.10756401e+00	-3.98829606e-03	3.08186425e-02	2.21693950e-02	8.34968319e-02
5475            	1.10740488e+00	-4.96823882e-03	3.59410448e-02	2.24305093e-02	8.68760118e-02
5476            	1.10741258e+00	-5.78888386e-03	3.98322283e-02	2.26057830e-02	9.03944273e-02
5477            	1.10760384e+00	-6.20856831e-03	4.10887009e-02	2.26790649e-02	9.38444537e-02
5478            	1.10790724e+00	-6.14418721e-03	3.92930096e-02	2.26962237e-02	9.92331467e-02
5479            	1.10816777e+00	-5.69303992e-03	3.51684202e-02	2.27154605e-02	1.07583619e-01
5480            	1.10819900e+00	-5.01419714e-03	2.97020858e-02	2.27017165e-02	1.18280617e-01
5481            	1.10799640e+00	-4.31716994e-03	2.41718762e-02	2.24327938e-02	1.29916333e-01
5482            	1.10769626e+00	-3.46598269e-03	1.77456593e-02	2.17964528e-02	1.41669137e-01
5483            	1.10744510e+00	-2.53447105e-03	1.09877082e-02	2.08717062e-02	1.52218876e-01
5484            	1.10734687e+00	-1.61718000e-03	4.55178703e-03	1.98917901e-02	1.61394073e-01
5485            	1.10740137e+00	-8.57658572e-04	-6.66099238e-04	1.90420764e-02	1.68869081e-01
5486            	1.10751855e+00	-3.25218939e-04	-4.20207364e-03	1.83773345e-02	1.73052197e-01
5487            	1.10756061e+00	2.02728775e-04	-7.46397972e-03	1.78383777e-02	1.72828016e-01
5488            	1.10747486e+00	8.07427836e-04	-1.08794440e-02	1.74538683e-02	1.69959601e-01
5489            	1.10729681e+00	1.40301308e-03	-1.39290669e-02	1.72143524e-02	1.65872597e-01
5490            	1.10717790e+00	2.04396888e-03	-1.70887536e-02	1.70831034e-02	1.61094471e-01
5491            	1.10723100e+00	2.79095205e-03	-2.08424723e-02	1.69676437e-02	1.55747220e-01
5492            	1.10748515e+00	3.57331706e-03	-2.47187476e-02	1.69117896e-02	1.49159771e-01
5493            	1.10783469e+00	4.12889990e-03	-2.69184153e-02	1.70111354e-02	1.42501645e-01
5494            	1.10815563e+00	4.28350031e-03	-2.63874312e-02	1.72770245e-02	1.36492939e-01
5495            	1.10828796e+00	3.96836837e-03	-2.29020319e-02	1.76997884e-02	1.30453199e-01
5496            	1.10818670e+00	3.28370095e-03	-1.72650092e-02	1.82258147e-02	1.22385690e-01
5497            	1.10797128e+00	2.50659339e-03	-1.13128642e-02	1.88284973e-02	1.13881156e-01
5498            	1.10778124e+00	1.63417924e-03	-4.94287343e-03	1.94733265e-02	1.05830871e-01
5499            	1.10768760e+00	7.40446790e-04	1.37745161e-03	2.00425863e-02	9.89451529e-02
5500            	1.10768294e+00	-1.70841909e-04	7.62176075e-03	2.04510893e-02	9.36550503e-02
5501            	1.10770721e+00	-9.79859502e-04	1.29702289e-02	2.07324476e-02	8.97729229e-02
5502            	1.10767563e+00	-1.74864436e-03	1.77878876e-02	2.09196308e-02	8.75174952e-02
5503            	1.10753997e+00	-2.59275195e-03	2.27918373e-02	2.09679109e-02	8.78546426e-02
5504            	1.10731798e+00	-3.58590157e-03	2.84261791e-02	2.08938867e-02	8.96621267e-02
5505            	1.10711659e+00	-4.52814639e-03	3.34184818e-02	2.08122753e-02	9.19465383e-02
5506            	1.10704786e+00	-5.17256672e-03	3.62523250e-02	2.08735409e-02	9.52772878e-02
5507            	1.10716600e+00	-5.43535451e-03	3.65859257e-02	2.11171056e-02	9.98837744e-02
5508            	1.10743659e+00	-5.27186277e-03	3.42253104e-02	2.14232042e-02	1.06426304e-01
5509            	1.10773777e+00	-4.80189223e-03	2.99212888e-02	2.15739839e-02	1.14761701e-01
5510            	1.10787116e+00	-4.18349876e-03	2.46932890e-02	2.14717361e-02	1.24076916e-01
5511            	1.10777105e+00	-3.42049099e-03	1.85346686e-02	2.11133152e-02	1.33186753e-01
5512            	1.10759614e+00	-2.52072320e-03	1.15787250e-02	2.05805086e-02	1.42346568e-01
5513            	1.10750564e+00	-1.60332713e-03	4.68169906e-03	1.99455227e-02	1.51022799e-01
5514            	1.10755009e+00	-6.94332689e-04	-1.94303632e-03	1.93944699e-02	1.59203497e-01
5515            	1.10769146e+00	9.50161761e-05	-7.55708573e-03	1.91689431e-02	1.67030822e-01
5516            	1.10785453e+00	6.53332506e-04	-1.14209975e-02	1.92673724e-02	1.72578591e-01
5517            	1.10799683e+00	1.08051192e-03	-1.41259505e-02	1.95928850e-02	1.74891872e-01
5518            	1.10806648e+00	1.54864502e-03	-1.67664823e-02	1.99054913e-02	1.74790941e-01
5519            	1.10801384e+00	2.16343266e-03	-2.00561892e-02	2.00424334e-02	1.72664338e-01
5520            	1.10789618e+00	2.93763479e-03	-2.40664732e-02	1.99283847e-02	1.68517369e-01
5521            	1.10779376e+00	3.82067417e-03	-2.84205950e-02	1.95019123e-02	1.61797942e-01
5522            	1.10780377e+00	4.60197336e-03	-3.18271116e-02	1.88454667e-02	1.52638768e-01
5523            	1.10793669e+00	5.10385650e-03	-3.32925653e-02	1.81883567e-02	1.43106982e-01
5524            	1.10813430e+00	5.06620027e-03	-3.12804921e-02	1.77357078e-02	1.34715077e-01
5525            	1.10815916e+00	4.61970004e-03	-2.67672804e-02	1.75208013e-02	1.26759062e-01
5526            	1.10793682e+00	3.91664197e-03	-2.08573438e-02	1.75209198e-02	1.17845856e-01
5527            	1.10762378e+00	3.12419206e-03	-1.46652739e-02	1.77243810e-02	1.09023636e-01
5528            	1.10738513e+00	2.14430244e-03	-7.54935760e-03	1.81367294e-02	1.01290990e-01
5529            	1.10728205e+00	1.18276774e-03	-8.63472449e-04	1.86771916e-02	9.53122743e-02
5530            	1.10728830e+00	2.28297009e-04	5.52071578e-03	1.91587489e-02	9.09211973e-02
5531            	1.10737563e+00	-6.77279984e-04	1.13609542e-02	1.93580698e-02	8.67556937e-02
5532            	1.10748090e+00	-1.57339578e-03	1.68249912e-02	1.92933477e-02	8.30590525e-02
5533            	1.10752089e+00	-2.40103103e-03	2.14490063e-02	1.91925230e-02	8.21853711e-02
5534            	1.10742773e+00	-3.16630759e-03	2.53023949e-02	1.92426255e-02	8.38618555e-02
5535            	1.10728845e+00	-3.81786803e-03	2.81889816e-02	1.95119838e-02	8.75130765e-02
5536            	1.10723307e+00	-4.33637723e-03	3.01466453e-02	2.00707627e-02	9.33981697e-02
5537            	1.10737489e+00	-4.54373438e-03	3.00896641e-02	2.09688373e-02	1.01271281e-01
5538            	1.10771680e+00	-4.36750010e-03	2.75187250e-02	2.20372996e-02	1.11044703e-01
5539            	1.10812648e+00	-3.86602569e-03	2.28616100e-02	2.30527636e-02	1.23243218e-01
5540            	1.10835189e+00	-3.13634355e-03	1.67626398e-02	2.36935877e-02	1.35691447e-01
5541            	1.10831311e+00	-2.33872913e-03	1.03256713e-02	2.37923626e-02	1.46938595e-01
5542            	1.10812712e+00	-1.47705424e-03	3.67203319e-03	2.33926246e-02	1.57006283e-01
5543            	1.10792456e+00	-6.18914850e-04	-2.62216130e-03	2.26179128e-02	1.65060169e-01
5544            	1.10778392e+00	2.79907966e-04	-8.89801117e-03	2.16770786e-02	1.71391045e-01
5545            	1.10775494e+00	9.45040198e-04	-1.34026077e-02	2.08346380e-02	1.75881657e-01
5546            	1.10784616e+00	1.27210821e-03	-1.54967653e-02	2.02578224e-02	1.77634024e-01
5547            	1.10797029e+00	1.53726006e-03	-1.69696366e-02	1.98518938e-02	1.75699551e-01
5548            	1.10797279e+00	2.04045281e-03	-1.96877688e-02	1.94490824e-02	1.71240128e-01
5549            	1.10776092e+00	2.82073870e-03	-2.38150308e-02	1.89355320e-02	1.64312886e-01
5550            	1.10746277e+00	3.67303891e-03	-2.80095632e-02	1.83297099e-02	1.55592887e-01
5551            	1.10725902e+00	4.52128922e-03	-3.19177186e-02	1.76792652e-02	1.45658194e-01
5552            	1.10729391e+00	5.27502986e-03	-3.51522249e-02	1.69913705e-02	1.34984165e-01
5553            	1.10756096e+00	5.65590315e-03	-3.59993506e-02	1.62436830e-02	1.24086622e-01
5554            	1.10785874e+00	5.66851838e-03	-3.44975390e-02	1.55659607e-02	1.14496170e-01
5555            	1.10795921e+00	5.20312768e-03	-3.00496006e-02	1.52014954e-02	1.06398700e-01
5556            	1.10784008e+00	4.42216616e-03	-2.38671618e-02	1.53055380e-02	9.86558713e-02
5557            	1.10765417e+00	3.58747067e-03	-1.77080459e-02	1.58400050e-02	9.21024331e-02
5558            	1.10752784e+00	2.68808143e-03	-1.14356788e-02	1.66445542e-02	8.68698383e-02
5559            	1.10752819e+00	1.80356423e-03	-5.52102150e-03	1.76796076e-02	8.43495095e-02
5560            	1.10766936e+00	8.15061192e-04	9.06503061e-04	1.87890376e-02	8.44873597e-02
5561            	1.10791741e+00	-1.71100025e-04	7.09657613e-03	1.98053232e-02	8.60166627e-02
5562            	1.10814375e+00	-1.00458665e-03	1.19620149e-02	2.05715337e-02	8.84561172e-02
5563            	1.10818563e+00	-1.65854338e-03	1.53429323e-02	2.10774488e-02	9.29568289e-02
5564            	1.10798646e+00	-2.26289508e-03	1.82551814e-02	2.14857575e-02	9.94839792e-02
5565            	1.10768799e+00	-2.86965589e-03	2.11613643e-02	2.18506800e-02	1.07127446e-01
5566            	1.10750050e+00	-3.35380987e-03	2.32173673e-02	2.22004974e-02	1.14380621e-01
5567            	1.10758511e+00	-3.63003500e-03	2.38394060e-02	2.26198015e-02	1.21184869e-01
5568            	1.10786440e+00	-3.48614142e-03	2.16708783e-02	2.31385128e-02	1.28564905e-01
5569            	1.10814546e+00	-3.00181663e-03	1.73132558e-02	2.35121962e-02	1.36551897e-01
5570            	1.10819971e+00	-2.30724472e-03	1.16788118e-02	2.35073155e-02	1.44330454e-01
5571            	1.10799941e+00	-1.59811023e-03	6.03940963e-03	2.30794807e-02	1.51007923e-01
5572            	1.10770809e+00	-8.13255174e-04	3.47017881e-05	2.23852330e-02	1.57325400e-01
5573            	1.10749819e+00	-5.33771286e-05	-5.65190435e-03	2.16254077e-02	1.62843918e-01
5574            	1.10746022e+00	6.76944303e-04	-1.09767638e-02	2.08657395e-02	1.67366018e-01
5575            	1.10763992e+00	1.14025336e-03	-1.43895440e-02	2.00761603e-02	1.69615685e-01
5576            	1.10792703e+00	1.50842623e-03	-1.69847034e-02	1.93285690e-02	1.68344422e-01
5577            	1.10812240e+00	2.05042751e-03	-2.04286547e-02	1.87357106e-02	1.63516393e-01
5578            	1.10809069e+00	2.82271186e-03	-2.49471323e-02	1.82894499e-02	1.56314748e-01
5579            	1.10784603e+00	3.68828644e-03	-2.96119773e-02	1.78853971e-02	1.47094665e-01
5580            	1.10758968e+00	4.61875358e-03	-3.43923513e-02	1.74566639e-02	1.37685492e-01
5581            	1.10754134e+00	5.47974240e-03	-3.86064336e-02	1.71814922e-02	1.29080965e-01
5582            	1.10776353e+00	6.18620071e-03	-4.17791115e-02	1.70589294e-02	1.21659586e-01
5583            	1.10814313e+00	6.61710151e-03	-4.31344286e-02	1.70819227e-02	1.16532723e-01
5584            	1.10848450e+00	6.64962814e-03	-4.18663583e-02	1.71577502e-02	1.13164392e-01
5585            	1.10857879e+00	6.15975867e-03	-3.73125694e-02	1.73235839e-02	1.10667410e-01
5586            	1.10839290e+00	5.34383067e-03	-3.08836705e-02	1.76441150e-02	1.07398680e-01
5587            	1.10806703e+00	4.47392652e-03	-2.43664978e-02	1.80282023e-02	1.03714650e-01
5588            	1.10781065e+00	3.43859806e-03	-1.69758200e-02	1.84162109e-02	9.97697965e-02
5589            	1.10775074e+00	2.34365688e-03	-9.44120293e-03	1.88812308e-02	9.71975058e-02
5590            	1.10788135e+00	1.17295601e-03	-1.66485947e-03	1.94393227e-02	9.65621827e-02
5591            	1.10805723e+00	2.16618386e-04	4.44407840e-03	1.99152354e-02	9.70036636e-02
5592            	1.10809777e+00	-4.74305523e-04	8.58987752e-03	2.01908269e-02	9.87926046e-02
5593            	1.10786710e+00	-1.09518380e-03	1.21105706e-02	2.03737621e-02	1.03167943e-01
5594            	1.10745277e+00	-1.75953845e-03	1.57419418e-02	2.06166671e-02	1.09028987e-01
5595            	1.10710932e+00	-2.44124963e-03	1.92134321e-02	2.10307843e-02	1.15786407e-01
5596            	1.10702157e+00	-3.01597120e-03	2.17456962e-02	2.15431703e-02	1.21982154e-01
5597            	1.10723091e+00	-3.22417076e-03	2.17434243e-02	2.19565150e-02	1.26136530e-01
5598            	1.10761314e+00	-3.05430845e-03	1.92592919e-02	2.21839692e-02	1.29165065e-01
5599            	1.10796712e+00	-2.60726512e-03	1.50028655e-02	2.22848935e-02	1.32591308e-01
5600            	1.10806851e+00	-1.96184284e-03	9.49496261e-03	2.22633875e-02	1.36748931e-01
5601            	1.10791337e+00	-1.19861672e-03	3.25100644e-03	2.20665809e-02	1.41182367e-01
5602            	1.10770316e+00	-3.79310240e-04	-3.23020984e-03	2.17160945e-02	1.46141264e-01
5603            	1.10764628e+00	2.88439144e-04	-8.50150865e-03	2.14320989e-02	1.51574392e-01
5604            	1.10782931e+00	9.20662071e-04	-1.33757421e-02	2.12711857e-02	1.57492781e-01
5605            	1.10817418e+00	1.50365473e-03	-1.77672002e-02	2.12030106e-02	1.62360866e-01
5606            	1.10850601e+00	2.10867028e-03	-2.20361823e-02	2.10919500e-02	1.63489350e-01
5607            	1.10862839e+00	2.82560997e-03	-2.65298660e-02	2.08515151e-02	1.59781302e-01
5608            	1.10845460e+00	3.61687563e-03	-3.09034827e-02	2.04537069e-02	1.53047596e-01
5609            	1.10806916e+00	4.48019523e-03	-3.52628107e-02	1.97784920e-02	1.43997187e-01
5610            	1.10773461e+00	5.27143548e-03	-3.88969985e-02	1.88555602e-02	1.34499103e-01
5611            	1.10760277e+00	6.10861078e-03	-4.27322738e-02	1.79120199e-02	1.25295726e-01
5612            	1.10772701e+00	6.81341595e-03	-4.56956157e-02	1.71375943e-02	1.17853165e-01
5613            	1.10799447e+00	7.17549750e-03	-4.63857523e-02	1.65079571e-02	1.12120571e-01
5614            	1.10819304e+00	7.06338476e-03	-4.39673612e-02	1.59957127e-02	1.07802464e-01
5615            	1.10810033e+00	6.46598647e-03	-3.85297082e-02	1.56679058e-02	1.04112022e-01
5616            	1.10777149e+00	5.56344433e-03	-3.14244830e-02	1.56446475e-02	9.99301336e-02
5617            	1.10746483e+00	4.49223851e-03	-2.35929464e-02	1.59651509e-02	9.60615042e-02
5618            	1.10738302e+00	3.24014757e-03	-1.49368052e-02	1.65099648e-02	9.24346863e-02
5619            	1.10752090e+00	2.13523339e-03	-7.57679638e-03	1.70684873e-02	8.95402793e-02
5620            	1.10773932e+00	1.19787786e-03	-1.52166721e-03	1.75197695e-02	8.76339054e-02
5621            	1.10789862e+00	5.00959054e-04	2.81990791e-03	1.79588655e-02	8.78572511e-02
5622            	1.10788079e+00	-9.98049025e-05	6.37298449e-03	1.84842601e-02	9.09574771e-02
5623            	1.10767918e+00	-7.04883469e-04	9.66938970e-03	1.91055280e-02	9.67662857e-02
5624            	1.10742036e+00	-1.40510925e-03	1.32388489e-02	1.98239537e-02	1.03474472e-01
5625            	1.10725783e+00	-2.06281084e-03	1.62428574e-02	2.07922878e-02	1.11485407e-01
5626            	1.10731240e+00	-2.51815165e-03	1.77526610e-02	2.19602439e-02	1.18867975e-01
5627            	1.10762465e+00	-2.62998680e-03	1.69875947e-02	2.31637678e-02	1.25432176e-01
5628            	1.10808269e+00	-2.44770736e-03	1.43268913e-02	2.41676652e-02	1.31322279e-01
5629            	1.10843236e+00	-2.00739285e-03	1.00752275e-02	2.48237635e-02	1.36986762e-01
5630            	1.10846848e+00	-1.35173643e-03	4.50426999e-03	2.50688587e-02	1.42545848e-01
5631            	1.10823988e+00	-6.67890049e-04	-1.10016752e-03	2.47959834e-02	1.47026706e-01
5632            	1.10800949e+00	-1.24008902e-05	-6.32307091e-03	2.40735249e-02	1.50932675e-01
5633            	1.10797892e+00	5.46631165e-04	-1.07238702e-02	2.32030560e-02	1.54266593e-01
5634            	1.10812796e+00	1.23983244e-03	-1.58287139e-02	2.23760872e-02	1.57353087e-01
5635            	1.10830183e+00	1.91758003e-03	-2.05400767e-02	2.15720040e-02	1.57866705e-01
5636            	1.10834429e+00	2.58131470e-03	-2.47080961e-02	2.07315257e-02	1.53652429e-01
5637            	1.10819345e+00	3.27925659e-03	-2.86231555e-02	1.98640608e-02	1.45565597e-01
5638            	1.10789858e+00	3.99204911e-03	-3.22672028e-02	1.90159731e-02	1.36079985e-01
5639            	1.10757466e+00	4.74671689e-03	-3.59421527e-02	1.82165478e-02	1.26190440e-01
5640            	1.10736373e+00	5.61931170e-03	-4.02642403e-02	1.74241527e-02	1.17970037e-01
5641            	1.10736989e+00	6.47282726e-03	-4.43847096e-02	1.65735867e-02	1.10076765e-01
5642            	1.10761089e+00	7.09446451e-03	-4.69492613e-02	1.56717903e-02	1.02852850e-01
5643            	1.10793469e+00	7.36243590e-03	-4.71462128e-02	1.48919556e-02	9.71348899e-02
5644            	1.10813497e+00	7.24426187e-03	-4.48548834e-02	1.43778468e-02	9.31995462e-02
5645            	1.10809951e+00	6.62283538e-03	-3.95177556e-02	1.42603370e-02	9.04586879e-02
5646            	1.10795588e+00	5.58414141e-03	-3.18285568e-02	1.45661391e-02	8.76956472e-02
5647            	1.10789340e+00	4.41832562e-03	-2.37000883e-02	1.53828324e-02	8.61707672e-02
5648            	1.10798750e+00	3.31571141e-03	-1.63013333e-02	1.66173758e-02	8.60092483e-02
5649            	1.10817929e+00	2.48122144e-03	-1.08843970e-02	1.80451686e-02	8.82517874e-02
5650            	1.10836456e+00	1.74438397e-03	-6.13825993e-03	1.94202198e-02	9.27974927e-02
5651            	1.10844637e+00	1.11373738e-03	-2.13729609e-03	2.05593087e-02	9.87088549e-02
5652            	1.10835047e+00	5.15083981e-04	1.45457893e-03	2.14466735e-02	1.05502759e-01
5653            	1.10807826e+00	-1.92302245e-04	5.48328283e-03	2.20561527e-02	1.12856232e-01
5654            	1.10771419e+00	-8.93162158e-04	9.21098816e-03	2.24554704e-02	1.18878974e-01
5655            	1.10744619e+00	-1.56806457e-03	1.25392007e-02	2.28826875e-02	1.24223128e-01
5656            	1.10739573e+00	-2.08708956e-03	1.46653462e-02	2.34118530e-02	1.27901174e-01
5657            	1.10758805e+00	-2.27234356e-03	1.45633599e-02	2.39463379e-02	1.30179229e-01
5658            	1.10787636e+00	-2.08991464e-03	1.21105148e-02	2.43244252e-02	1.31840946e-01
5659            	1.10803648e+00	-1.68721489e-03	8.31422080e-03	2.44317939e-02	1.33414804e-01
5660            	1.10796323e+00	-1.23215482e-03	4.23565522e-03	2.42399502e-02	1.35235645e-01
5661            	1.10780928e+00	-8.06424290e-04	3.30485953e-04	2.37874413e-02	1.37330701e-01
5662            	1.10773877e+00	-2.15282830e-04	-4.60483044e-03	2.30828085e-02	1.39736149e-01
5663            	1.10779608e+00	5.35857616e-04	-1.03983889e-02	2.21022803e-02	1.40551127e-01
5664            	1.10791619e+00	1.45858436e-03	-1.69869044e-02	2.08891231e-02	1.39137427e-01
5665            	1.10800576e+00	2.21760703e-03	-2.20954989e-02	1.96726274e-02	1.34583779e-01
5666            	1.10803690e+00	2.88224223e-03	-2.62475672e-02	1.86643099e-02	1.27288405e-01
5667            	1.10800792e+00	3.50254008e-03	-2.98324125e-02	1.79147750e-02	1.18520564e-01
5668            	1.10789958e+00	4.21524968e-03	-3.37512608e-02	1.73351066e-02	1.10014744e-01
5669            	1.10773063e+00	5.06445992e-03	-3.83026802e-02	1.69782649e-02	1.03297292e-01
5670            	1.10764398e+00	5.98414349e-03	-4.31273405e-02	1.68161826e-02	9.96275137e-02
5671            	1.10772191e+00	6.84515144e-03	-4.74234476e-02	1.67285941e-02	9.74417839e-02
5672            	1.10797154e+00	7.48490410e-03	-5.01744402e-02	1.65677897e-02	9.66026232e-02
5673            	1.10828368e+00	7.71078731e-03	-5.01531164e-02	1.63029819e-02	9.65165798e-02
5674            	1.10848299e+00	7.38224058e-03	-4.64711462e-02	1.60693713e-02	9.70278730e-02
5675            	1.10844652e+00	6.50065442e-03	-3.93236335e-02	1.59404268e-02	9.69691698e-02
5676            	1.10828383e+00	5.37479457e-03	-3.09299638e-02	1.59695129e-02	9.52491275e-02
5677            	1.10814139e+00	4.30927541e-03	-2.33147519e-02	1.63472709e-02	9.36606121e-02
5678            	1.10808068e+00	3.34012384e-03	-1.65619138e-02	1.70931830e-02	9.34554693e-02
5679            	1.10804056e+00	2.52659653e-03	-1.08916557e-02	1.80674428e-02	9.57824845e-02
5680            	1.10798097e+00	1.76675591e-03	-5.58183907e-03	1.90329414e-02	9.92302175e-02
5681            	1.10787745e+00	1.08316825e-03	-9.65811008e-04	1.97987997e-02	1.02903582e-01
5682            	1.10768059e+00	3.75423245e-04	3.46494728e-03	2.03887011e-02	1.07331832e-01
5683            	1.10740133e+00	-3.65635366e-04	7.67241655e-03	2.09362514e-02	1.12232826e-01
5684            	1.10713294e+00	-1.12966371e-03	1.16457291e-02	2.14970220e-02	1.16275736e-01
5685            	1.10700975e+00	-1.86917651e-03	1.51622107e-02	2.20141191e-02	1.19077267e-01
5686            	1.10706638e+00	-2.40030462e-03	1.71671221e-02	2.24245299e-02	1.19073463e-01
5687            	1.10729810e+00	-2.48237647e-03	1.62141819e-02	2.28149189e-02	1.17843422e-01
5688            	1.10763589e+00	-2.25302021e-03	1.32868673e-02	2.32189571e-02	1.17073233e-01
5689            	1.10794824e+00	-1.94141150e-03	9.86770255e-03	2.35582215e-02	1.17536490e-01
5690            	1.10811348e+00	-1.54375308e-03	5.84578552e-03	2.36516087e-02	1.19142536e-01
5691            	1.10814850e+00	-9.06590492e-04	2.55357548e-04	2.35673789e-02	1.21910842e-01
5692            	1.10815790e+00	-1.63725122e-05	-6.80462460e-03	2.33336102e-02	1.25396344e-01
5693            	1.10820270e+00	9.33780178e-04	-1.38646963e-02	2.29308102e-02	1.27613189e-01
5694            	1.10829717e+00	1.89206133e-03	-2.05954509e-02	2.23383163e-02	1.28568745e-01
5695            	1.10841381e+00	2.62889593e-03	-2.55561869e-02	2.15793207e-02	1.26885016e-01
5696            	1.10852211e+00	3.22698004e-03	-2.93128363e-02	2.08108155e-02	1.22463166e-01
5697            	1.10848262e+00	3.92757814e-03	-3.33452164e-02	2.00263583e-02	1.16484788e-01
5698            	1.10826490e+00	4.67955984e-03	-3.73028585e-02	1.91426633e-02	1.10101855e-01
5699            	1.10795492e+00	5.49347929e-03	-4.13590874e-02	1.82796307e-02	1.04417254e-01
5700            	1.10771461e+00	6.32975514e-03	-4.53797021e-02	1.74814842e-02	1.00893150e-01
5701            	1.10763100e+00	7.09979173e-03	-4.88439416e-02	1.67462074e-02	9.80066546e-02
5702            	1.10774439e+00	7.54108875e-03	-5.00771162e-02	1.60150381e-02	9.60892829e-02
5703            	1.10797007e+00	7.49570973e-03	-4.80429569e-02	1.52615674e-02	9.45972828e-02
5704            	1.10816711e+00	6.90832239e-03	-4.25540904e-02	1.46590109e-02	9.35797529e-02
5705            	1.10819237e+00	5.94946549e-03	-3.49697047e-02	1.44635781e-02	9.25614169e-02
5706            	1.10807686e+00	4.96514188e-03	-2.76464373e-02	1.47505622e-02	9.12817076e-02
5707            	1.10790854e+00	4.08167975e-03	-2.12455067e-02	1.53947804e-02	9.07779806e-02
5708            	1.10777721e+00	3.19761292e-03	-1.49678922e-02	1.61849770e-02	9.07286372e-02
5709            	1.10771199e+00	2.40719239e-03	-9.46518261e-03	1.70584161e-02	9.16693750e-02
5710            	1.10775265e+00	1.58593945e-03	-3.95862274e-03	1.79890611e-02	9.31654319e-02
5711            	1.10781009e+00	9.08366545e-04	3.05288906e-04	1.89208281e-02	9.53810636e-02
5712            	1.10778010e+00	2.71354887e-04	3.93245863e-03	1.97813518e-02	9.84668180e-02
5713            	1.10761997e+00	-3.89175963e-04	7.33580065e-03	2.07417028e-02	1.02826180e-01
5714            	1.10741752e+00	-1.09962151e-03	1.07413173e-02	2.18838182e-02	1.07447847e-01
5715            	1.10729882e+00	-1.74886127e-03	1.35049517e-02	2.31361368e-02	1.11972393e-01
5716            	1.10738570e+00	-2.18784005e-03	1.47772907e-02	2.43255156e-02	1.14589170e-01
5717            	1.10771472e+00	-2.32497031e-03	1.41317131e-02	2.52976812e-02	1.16055603e-01
5718            	1.10817296e+00	-2.24217862e-03	1.21566352e-02	2.59847108e-02	1.17514386e-01
5719            	1.10850893e+00	-1.93041312e-03	8.79557371e-03	2.62471048e-02	1.18956723e-01
5720            	1.10854612e+00	-1.38618700e-03	3.99324300e-03	2.59001251e-02	1.19714686e-01
5721            	1.10837073e+00	-6.08667891e-04	-2.16590257e-03	2.50743345e-02	1.19488086e-01
5722            	1.10814588e+00	2.79253475e-04	-8.74383945e-03	2.39497386e-02	1.18640513e-01
5723            	1.10799541e+00	1.14973887e-03	-1.48752789e-02	2.26865986e-02	1.16822500e-01
5724            	1.10795682e+00	1.97092089e-03	-2.04359701e-02	2.13786002e-02	1.14508670e-01
5725            	1.10798327e+00	2.59437809e-03	-2.44437533e-02	2.00395035e-02	1.10034987e-01
5726            	1.10797696e+00	3.21274037e-03	-2.81483105e-02	1.88256373e-02	1.04111460e-01
5727            	1.10789624e+00	3.86138096e-03	-3.17460112e-02	1.78717609e-02	9.83460224e-02
5728            	1.10771592e+00	4.50527181e-03	-3.50618549e-02	1.71275680e-02	9.35036768e-02
5729            	1.10745481e+00	5.24531385e-03	-3.87680149e-02	1.63829852e-02	8.91240269e-02
5730            	1.10724321e+00	6.06780380e-03	-4.28555390e-02	1.54834564e-02	8.51894736e-02
5731            	1.10722852e+00	6.75373959e-03	-4.59096315e-02	1.45385321e-02	8.11971760e-02
5732            	1.10750311e+00	7.03931919e-03	-4.62893476e-02	1.37325657e-02	7.87495053e-02
5733            	1.10796214e+00	6.91431656e-03	-4.40084670e-02	1.32077453e-02	7.78859229e-02
5734            	1.10834163e+00	6.45050385e-03	-3.96796582e-02	1.30515364e-02	7.84113634e-02
5735            	1.10844785e+00	5.74827447e-03	-3.40528856e-02	1.35087599e-02	8.02744221e-02
5736            	1.10832347e+00	4.98147042e-03	-2.82398016e-02	1.46245773e-02	8.36652024e-02
5737            	1.10811834e+00	4.18605559e-03	-2.24086330e-02	1.61920577e-02	8.86071082e-02
5738            	1.10800372e+00	3.34776864e-03	-1.65043842e-02	1.78903950e-02	9.36665482e-02
5739            	1.10803447e+00	2.52256458e-03	-1.09192786e-02	1.94547829e-02	9.87279476e-02
5740            	1.10814954e+00	1.81064725e-03	-6.23956070e-03	2.07701371e-02	1.02574493e-01
5741            	1.10819478e+00	1.19870001e-03	-2.39897101e-03	2.17466377e-02	1.05258312e-01
5742            	1.10807098e+00	5.98887257e-04	1.09996218e-03	2.23278544e-02	1.07467928e-01
5743            	1.10777355e+00	-1.02380924e-04	4.92925545e-03	2.27711986e-02	1.09469066e-01
5744            	1.10741848e+00	-8.46031607e-04	8.73022814e-03	2.32843874e-02	1.10778000e-01
5745            	1.10716846e+00	-1.57578035e-03	1.22236704e-02	2.39392514e-02	1.11518647e-01
5746            	1.10716713e+00	-2.17880507e-03	1.48358679e-02	2.46223924e-02	1.10646870e-01
5747            	1.10747137e+00	-2.50561516e-03	1.56444018e-02	2.51285905e-02	1.09033200e-01
5748            	1.10791656e+00	-2.43081872e-03	1.38450441e-02	2.53645234e-02	1.07684574e-01
5749            	1.10822509e+00	-1.99961795e-03	9.75331293e-03	2.53126871e-02	1.06661430e-01
5750            	1.10823331e+00	-1.37126935e-03	4.46841535e-03	2.48842175e-02	1.04902097e-01
5751            	1.10802964e+00	-5.85246759e-04	-1.66659390e-03	2.40020741e-02	1.02201494e-01
5752            	1.10781483e+00	2.82417419e-04	-8.10465314e-03	2.26724528e-02	9.89427449e-02
5753            	1.10775738e+00	1.06751025e-03	-1.37697291e-02	2.11382399e-02	9.51832857e-02
5754            	1.10784684e+00	1.86604411e-03	-1.93332051e-02	1.96723933e-02	9.20429796e-02
5755            	1.10801869e+00	2.47016336e-03	-2.34241051e-02	1.84545470e-02	8.87050336e-02
5756            	1.10816175e+00	3.04243037e-03	-2.70583826e-02	1.75511734e-02	8.47924107e-02
5757            	1.10817353e+00	3.67577923e-03	-3.07708433e-02	1.70425934e-02	8.19924603e-02
5758            	1.10799437e+00	4.39362647e-03	-3.47183719e-02	1.68396082e-02	8.10335650e-02
5759            	1.10774754e+00	5.14970083e-03	-3.86607784e-02	1.67336103e-02	8.15302068e-02
5760            	1.10764244e+00	5.85152541e-03	-4.20524204e-02	1.65443466e-02	8.31798466e-02
5761            	1.10781613e+00	6.37206130e-03	-4.41150079e-02	1.62048125e-02	8.45465835e-02
5762            	1.10824553e+00	6.60064659e-03	-4.42049591e-02	1.58188265e-02	8.64387190e-02
5763            	1.10868590e+00	6.54786945e-03	-4.23692596e-02	1.55022050e-02	8.90283462e-02
5764            	1.10885629e+00	6.17820533e-03	-3.84029547e-02	1.53084503e-02	9.25006595e-02
5765            	1.10865612e+00	5.51232953e-03	-3.25817168e-02	1.54759773e-02	9.60129753e-02
5766            	1.10828249e+00	4.71324614e-03	-2.61775669e-02	1.60918130e-02	9.90287140e-02
5767            	1.10796219e+00	3.79786363e-03	-1.93669754e-02	1.70929480e-02	1.01860902e-01
5768            	1.10780008e+00	2.89466891e-03	-1.29312639e-02	1.82518772e-02	1.04113289e-01
5769            	1.10775561e+00	2.11352206e-03	-7.52772470e-03	1.92824047e-02	1.05212398e-01
5770            	1.10777750e+00	1.41158475e-03	-2.80214237e-03	2.00933172e-02	1.04628643e-01
5771            	1.10777694e+00	7.29273404e-04	1.50422183e-03	2.07362975e-02	1.03154550e-01
5772            	1.10765608e+00	7.62306609e-05	5.23269394e-03	2.12928615e-02	1.02636390e-01
5773            	1.10736895e+00	-6.11360815e-04	8.78480960e-03	2.18172937e-02	1.02377399e-01
5774            	1.10706322e+00	-1.38844070e-03	1.26426969e-02	2.22736058e-02	1.00832202e-01
5775            	1.10695150e+00	-2.20041377e-03	1.65173174e-02	2.27379720e-02	9.82488086e-02
5776            	1.10715776e+00	-2.79193086e-03	1.88528742e-02	2.32559288e-02	9.46654600e-02
5777            	1.10763994e+00	-2.89309100e-03	1.79422415e-02	2.37807551e-02	9.14565970e-02
5778            	1.10817610e+00	-2.54695575e-03	1.41718300e-02	2.41719977e-02	8.91174162e-02
5779            	1.10847513e+00	-1.95943227e-03	9.01421959e-03	2.43994456e-02	8.74875678e-02
5780            	1.10844793e+00	-1.27189382e-03	3.33833285e-03	2.43910304e-02	8.66225967e-02
5781            	1.10827242e+00	-4.64576117e-04	-3.01138732e-03	2.40608471e-02	8.68798023e-02
5782            	1.10816350e+00	3.49142074e-04	-9.21065476e-03	2.33682208e-02	8.78645577e-02
5783            	1.10820132e+00	1.17618309e-03	-1.52279060e-02	2.23776870e-02	8.92788078e-02
5784            	1.10832522e+00	1.95050105e-03	-2.06078937e-02	2.12496343e-02	9.10572013e-02
5785            	1.10842971e+00	2.49681046e-03	-2.41864536e-02	2.01285670e-02	9.17186944e-02
5786            	1.10840099e+00	2.97464567e-03	-2.69782429e-02	1.90013807e-02	9.02766898e-02
5787            	1.10821179e+00	3.57305089e-03	-3.02199262e-02	1.79716860e-02	8.81096457e-02
5788            	1.10787957e+00	4.19020853e-03	-3.32603466e-02	1.70607331e-02	8.64444535e-02
5789            	1.10756354e+00	4.74567472e-03	-3.56273401e-02	1.62702837e-02	8.58179359e-02
5790            	1.10744875e+00	5.24336550e-03	-3.74648021e-02	1.55467609e-02	8.59925555e-02
5791            	1.10757242e+00	5.71412673e-03	-3.90079589e-02	1.48221059e-02	8.58082709e-02
5792            	1.10785756e+00	6.01025059e-03	-3.93366667e-02	1.41918944e-02	8.65895648e-02
5793            	1.10814570e+00	6.03602149e-03	-3.78055085e-02	1.38475153e-02	8.97294284e-02
5794            	1.10822369e+00	5.69963786e-03	-3.39531503e-02	1.39250718e-02	9.46300766e-02
5795            	1.10805140e+00	5.00639836e-03	-2.80683123e-02	1.44180962e-02	9.82705429e-02
5796            	1.10780687e+00	4.11245156e-03	-2.12899582e-02	1.51549520e-02	9.99055711e-02
5797            	1.10761923e+00	3.24020254e-03	-1.50027592e-02	1.60881349e-02	1.00006110e-01
5798            	1.10757622e+00	2.42969339e-03	-9.40800531e-03	1.71797434e-02	9.91317900e-02
5799            	1.10767605e+00	1.70505725e-03	-4.62914152e-03	1.83347282e-02	9.80668823e-02
5800            	1.10783490e+00	1.04405531e-03	-4.93507750e-04	1.94493672e-02	9.63506526e-02
5801            	1.10790414e+00	4.80541852e-04	2.71581108e-03	2.05797898e-02	9.49138984e-02
5802            	1.10782725e+00	-7.15305250e-05	5.50287768e-03	2.17964093e-02	9.57064802e-02
5803            	1.10762745e+00	-8.23902714e-04	9.28877592e-03	2.30745685e-02	9.77787494e-02
5804            	1.10751237e+00	-1.70954286e-03	1.36763949e-02	2.42884709e-02	9.96344754e-02
5805            	1.10759460e+00	-2.44610930e-03	1.68935411e-02	2.53061546e-02	1.00289621e-01
5806            	1.10789882e+00	-2.83785742e-03	1.78480020e-02	2.60540849e-02	9.89328137e-02
5807            	1.10829334e+00	-2.78243990e-03	1.60917420e-02	2.64876200e-02	9.59090614e-02
5808            	1.10858406e+00	-2.42634899e-03	1.26638750e-02	2.64675512e-02	9.20376869e-02
5809            	1.10861551e+00	-1.89543080e-03	8.28664688e-03	2.60198994e-02	8.82669518e-02
5810            	1.10843205e+00	-1.36609297e-03	3.94352107e-03	2.52043204e-02	8.53803596e-02
5811            	1.10818083e+00	-6.98007104e-04	-1.25919836e-03	2.41402741e-02	8.41739594e-02
5812            	1.10798222e+00	6.17827468e-05	-6.88128184e-03	2.28848853e-02	8.45849374e-02
5813            	1.10788921e+00	8.27287594e-04	-1.22652048e-02	2.14424963e-02	8.55302169e-02
5814            	1.10788022e+00	1.46062996e-03	-1.65540364e-02	1.99506488e-02	8.68069698e-02
5815            	1.10789713e+00	1.85965462e-03	-1.91044138e-02	1.85980756e-02	8.73463784e-02
5816            	1.10785420e+00	2.23349769e-03	-2.12674396e-02	1.74872741e-02	8.63776587e-02
5817            	1.10771562e+00	2.68779939e-03	-2.36274696e-02	1.65266298e-02	8.45842416e-02
5818            	1.10752571e+00	3.13288659e-03	-2.56705127e-02	1.55543727e-02	8.22178686e-02
5819            	1.10737819e+00	3.66164366e-03	-2.80421769e-02	1.45978203e-02	8.01580742e-02
5820            	1.10738758e+00	4.32726823e-03	-3.11717356e-02	1.37878934e-02	7.89914016e-02
5821            	1.10758191e+00	5.00951777e-03	-3.42590652e-02	1.32322359e-02	7.91165690e-02
5822            	1.10789579e+00	5.43284739e-03	-3.54873113e-02	1.29981134e-02	8.17878185e-02
5823            	1.10818991e+00	5.52663078e-03	-3.44687048e-02	1.32277240e-02	8.73752797e-02
5824            	1.10829512e+00	5.22551579e-03	-3.10193754e-02	1.40268097e-02	9.48030389e-02
5825            	1.10821811e+00	4.54857581e-03	-2.54840874e-02	1.53306846e-02	1.01338583e-01
5826            	1.10809190e+00	3.79473595e-03	-1.98464004e-02	1.69082116e-02	1.05990089e-01
5827            	1.10802328e+00	3.00091615e-03	-1.42247129e-02	1.85071934e-02	1.08585490e-01
5828            	1.10802903e+00	2.24354168e-03	-9.04293164e-03	1.99746777e-02	1.09441238e-01
5829            	1.10805160e+00	1.54320989e-03	-4.36028968e-03	2.12327750e-02	1.09183377e-01
5830            	1.10802210e+00	9.14723622e-04	-2.60149810e-04	2.21611649e-02	1.07183054e-01
5831            	1.10791043e+00	2.62676196e-04	3.76619048e-03	2.28070408e-02	1.03997174e-01
5832            	1.10774184e+00	-5.03661842e-04	8.19629769e-03	2.33035606e-02	1.01946018e-01
5833            	1.10753955e+00	-1.46336710e-03	1.34974637e-02	2.38113858e-02	1.00762078e-01
5834            	1.10738953e+00	-2.35270224e-03	1.80502498e-02	2.42841106e-02	9.91430235e-02
5835            	1.10734937e+00	-2.98380509e-03	2.08111094e-02	2.46005981e-02	9.55216246e-02
5836            	1.10744647e+00	-3.31873427e-03	2.17894845e-02	2.47110252e-02	8.92144105e-02
5837            	1.10766239e+00	-3.32642624e-03	2.07861786e-02	2.46778398e-02	8.21179453e-02
5838            	1.10790161e+00	-3.06900055e-03	1.80773845e-02	2.45039363e-02	7.65028779e-02
5839            	1.10800989e+00	-2.66487684e-03	1.44008806e-02	2.40508260e-02	7.21611563e-02
5840            	1.10792205e+00	-2.13832161e-03	9.89715584e-03	2.31426681e-02	6.87462225e-02
5841            	1.10776187e+00	-1.48332130e-03	4.63669376e-03	2.18948207e-02	6.73420882e-02
5842            	1.10765549e+00	-7.76883309e-04	-7.76050294e-04	2.05390297e-02	6.78568861e-02
5843            	1.10765897e+00	-8.50079091e-05	-5.89342920e-03	1.92354812e-02	7.00959249e-02
5844            	1.10773665e+00	5.47729643e-04	-1.04530729e-02	1.80437510e-02	7.32828337e-02
5845            	1.10783248e+00	9.67247012e-04	-1.33972827e-02	1.71208940e-02	7.63431117e-02
5846            	1.10791236e+00	1.28977585e-03	-1.54001730e-02	1.66123088e-02	7.89196976e-02
5847            	1.10795319e+00	1.65863843e-03	-1.73820295e-02	1.64199053e-02	8.19251953e-02
5848            	1.10789950e+00	2.19350867e-03	-2.01582894e-02	1.63135515e-02	8.52113334e-02
5849            	1.10781523e+00	2.92798213e-03	-2.39730641e-02	1.61311425e-02	8.90191847e-02
5850            	1.10779243e+00	3.82337925e-03	-2.85246450e-02	1.58716248e-02	9.36009260e-02
5851            	1.10787037e+00	4.58959475e-03	-3.19105260e-02	1.56331903e-02	9.85218536e-02
5852            	1.10803093e+00	5.02232850e-03	-3.29179724e-02	1.54138110e-02	1.03612991e-01
5853            	1.10820856e+00	5.05181669e-03	-3.12886328e-02	1.53227987e-02	1.09024843e-01
5854            	1.10824856e+00	4.65140734e-03	-2.70646686e-02	1.55493400e-02	1.14120867e-01
5855            	1.10808960e+00	3.96937878e-03	-2.13696649e-02	1.62170956e-02	1.16785512e-01
5856            	1.10783875e+00	3.26294872e-03	-1.58581756e-02	1.72016019e-02	1.17157130e-01
5857            	1.10761815e+00	2.44763613e-03	-9.90133531e-03	1.82822194e-02	1.15203306e-01
5858            	1.10748481e+00	1.65097713e-03	-4.31652058e-03	1.93477053e-02	1.12010535e-01
5859            	1.10744416e+00	8.65610466e-04	9.48951668e-04	2.04010998e-02	1.08689183e-01
5860            	1.10747995e+00	6.44308114e-05	6.07125473e-03	2.13950606e-02	1.04970011e-01
5861            	1.10753748e+00	-7.87380167e-04	1.11839018e-02	2.21962083e-02	1.00727189e-01
5862            	1.10755399e+00	-1.57278970e-03	1.54817215e-02	2.26709264e-02	9.71777867e-02
5863            	1.10745147e+00	-2.30064269e-03	1.90840097e-02	2.29466766e-02	9.35371259e-02
5864            	1.10731603e+00	-2.97611864e-03	2.21821737e-02	2.31949970e-02	8.88234109e-02
5865            	1.10727007e+00	-3.52611585e-03	2.44669034e-02	2.34594427e-02	8.23237179e-02
5866            	1.10740840e+00	-3.85232017e-03	2.53424827e-02	2.36882805e-02	7.46836600e-02
5867            	1.10773397e+00	-3.86491642e-03	2.41508456e-02	2.39407982e-02	6.82580578e-02
5868            	1.10811132e+00	-3.57636605e-03	2.09966213e-02	2.42278805e-02	6.49930374e-02
5869            	1.10831441e+00	-3.06905210e-03	1.64487861e-02	2.43850515e-02	6.51308425e-02
5870            	1.10830195e+00	-2.50663281e-03	1.15881839e-02	2.41930422e-02	6.75172036e-02
5871            	1.10819156e+00	-1.87403222e-03	6.40032413e-03	2.35635869e-02	7.19485174e-02
5872            	1.10808080e+00	-1.22330830e-03	1.31941894e-03	2.25605205e-02	7.73532592e-02
5873            	1.10799289e+00	-4.96588709e-04	-3.97324660e-03	2.13304161e-02	8.33859104e-02
5874            	1.10793732e+00	6.83237438e-05	-7.88379543e-03	1.99644750e-02	8.90320994e-02
5875            	1.10794864e+00	3.14550536e-04	-9.40733335e-03	1.86471663e-02	9.28904710e-02
5876            	1.10798791e+00	4.86883308e-04	-1.02031103e-02	1.75680311e-02	9.49292457e-02
5877            	1.10794985e+00	8.84972383e-04	-1.21985307e-02	1.68090387e-02	9.69995654e-02
5878            	1.10775327e+00	1.58229339e-03	-1.58085388e-02	1.62254325e-02	9.94612950e-02
5879            	1.10746011e+00	2.47760872e-03	-2.02783200e-02	1.56437835e-02	1.02990438e-01
5880            	1.10722886e+00	3.37211449e-03	-2.44215639e-02	1.50797763e-02	1.06668692e-01
5881            	1.10721598e+00	4.06013594e-03	-2.71237226e-02	1.46687027e-02	1.10282890e-01
5882            	1.10743183e+00	4.38009767e-03	-2.74701106e-02	1.44892499e-02	1.14341934e-01
5883            	1.10771989e+00	4.38986922e-03	-2.59179280e-02	1.45148374e-02	1.17844063e-01
5884            	1.10785065e+00	4.00071093e-03	-2.19894315e-02	1.46906484e-02	1.19264795e-01
5885            	1.10776271e+00	3.34403003e-03	-1.66493725e-02	1.51448032e-02	1.17400474e-01
5886            	1.10758277e+00	2.61300692e-03	-1.11748817e-02	1.59796580e-02	1.13699019e-01
5887            	1.10743974e+00	1.84334490e-03	-5.75767442e-03	1.71648473e-02	1.09158528e-01
5888            	1.10740768e+00	1.10043389e-03	-8.15647917e-04	1.85312019e-02	1.04691100e-01
5889            	1.10751629e+00	2.60951797e-04	4.54605547e-03	2.00079999e-02	1.01185475e-01
5890            	1.10774276e+00	-6.14657410e-04	9.88727096e-03	2.15290431e-02	9.87316421e-02
5891            	1.10795469e+00	-1.35584812e-03	1.40202916e-02	2.29239326e-02	9.71954412e-02
5892            	1.10803823e+00	-1.94600822e-03	1.68663795e-02	2.40431821e-02	9.68344743e-02
5893            	1.10792473e+00	-2.54033707e-03	1.96165769e-02	2.48145146e-02	9.52512269e-02
5894            	1.10770484e+00	-3.22674440e-03	2.29923087e-02	2.52664059e-02	9.17207216e-02
5895            	1.10754513e+00	-3.82762260e-03	2.58456792e-02	2.54587611e-02	8.61472808e-02
5896            	1.10758841e+00	-4.25686503e-03	2.76042885e-02	2.53735660e-02	7.92313727e-02
5897            	1.10781544e+00	-4.31572475e-03	2.69316871e-02	2.50653258e-02	7.28017959e-02
5898            	1.10807357e+00	-4.05919913e-03	2.41922137e-02	2.46281692e-02	6.92331312e-02
5899            	1.10814095e+00	-3.61273087e-03	2.02469766e-02	2.40744952e-02	6.87852765e-02
5900            	1.10796713e+00	-3.14589822e-03	1.62185808e-02	2.32420297e-02	7.04902880e-02
5901            	1.10765984e+00	-2.56472322e-03	1.15927682e-02	2.20400959e-02	7.37973315e-02
5902            	1.10736623e+00	-1.97977684e-03	7.15292310e-03	2.05680856e-02	7.77768579e-02
5903            	1.10722712e+00	-1.44226023e-03	3.23330539e-03	1.90799126e-02	8.27963393e-02
5904            	1.10729718e+00	-1.11612968e-03	8.33215582e-04	1.77575969e-02	8.80685745e-02
5905            	1.10748915e+00	-9.01884625e-04	-6.81598002e-04	1.66545565e-02	9.19829457e-02
5906            	1.10764718e+00	-5.21608241e-04	-3.03545289e-03	1.57113569e-02	9.36841300e-02
5907            	1.10761085e+00	1.48783276e-04	-6.84550212e-03	1.49502348e-02	9.53520490e-02
5908            	1.10734689e+00	1.03516260e-03	-1.15741149e-02	1.44230461e-02	9.80294919e-02
5909            	1.10707086e+00	1.97554355e-03	-1.63523001e-02	1.41444616e-02	1.02329182e-01
5910            	1.10699946e+00	2.83003776e-03	-2.04799458e-02	1.40346351e-02	1.06725678e-01
5911            	1.10721080e+00	3.51410276e-03	-2.34855314e-02	1.41525081e-02	1.11517651e-01
5912            	1.10759397e+00	3.95484802e-03	-2.49123594e-02	1.45845560e-02	1.16639045e-01
5913            	1.10796888e+00	4.01854302e-03	-2.39044190e-02	1.53249744e-02	1.21785678e-01
5914            	1.10814651e+00	3.60182255e-03	-1.99388972e-02	1.63283936e-02	1.25681350e-01
5915            	1.10807166e+00	2.93465956e-03	-1.46546984e-02	1.75314791e-02	1.26539380e-01
5916            	1.10789026e+00	2.26567023e-03	-9.69330642e-03	1.88577955e-02	1.25025911e-01
5917            	1.10773899e+00	1.46827509e-03	-4.08774696e-03	2.02198400e-02	1.21595672e-01
5918            	1.10770200e+00	5.74488189e-04	1.98235729e-03	2.14456550e-02	1.17227814e-01
5919            	1.10781027e+00	-4.05983123e-04	8.43760672e-03	2.24530384e-02	1.12616467e-01
5920            	1.10797160e+00	-1.26227439e-03	1.38332918e-02	2.32498406e-02	1.07774555e-01
5921            	1.10801308e+00	-1.93922440e-03	1.78103492e-02	2.38597705e-02	1.02818257e-01
5922            	1.10783246e+00	-2.52886112e-03	2.10809421e-02	2.42038326e-02	9.79361782e-02
5923            	1.10744939e+00	-3.20458429e-03	2.48101703e-02	2.42742536e-02	9.17848371e-02
5924            	1.10707220e+00	-3.99466977e-03	2.91213185e-02	2.41620543e-02	8.49739952e-02
5925            	1.10691137e+00	-4.75444164e-03	3.30642520e-02	2.40248552e-02	7.73561743e-02
5926            	1.10705244e+00	-5.18455860e-03	3.47319953e-02	2.39214492e-02	7.07280846e-02
5927            	1.10739777e+00	-5.23935217e-03	3.38844590e-02	2.37576788e-02	6.60509502e-02
5928            	1.10772504e+00	-5.01647564e-03	3.12113988e-02	2.33248417e-02	6.34126169e-02
5929            	1.10779671e+00	-4.60768132e-03	2.73526086e-02	2.25561811e-02	6.27197631e-02
5930            	1.10761207e+00	-4.08566255e-03	2.27765051e-02	2.15013037e-02	6.38316284e-02
5931            	1.10737113e+00	-3.47488973e-03	1.77283969e-02	2.02793013e-02	6.73108410e-02
5932            	1.10727106e+00	-2.95663023e-03	1.34828867e-02	1.90000717e-02	7.22377730e-02
5933            	1.10738647e+00	-2.46164199e-03	9.55020967e-03	1.78817031e-02	7.88812570e-02
5934            	1.10764326e+00	-1.98918582e-03	5.92600225e-03	1.71356551e-02	8.67506730e-02
5935            	1.10790346e+00	-1.49955912e-03	2.45107365e-03	1.68135936e-02	9.48002849e-02
5936            	1.10800868e+00	-8.33548579e-04	-1.72717398e-03	1.68224411e-02	1.02857458e-01
5937            	1.10790441e+00	-3.94622733e-05	-6.21526283e-03	1.69702971e-02	1.11100080e-01
5938            	1.10764032e+00	8.53464214e-04	-1.09239529e-02	1.70729686e-02	1.18401308e-01
5939            	1.10738362e+00	1.75551278e-03	-1.54100739e-02	1.70453730e-02	1.25580159e-01
5940            	1.10726092e+00	2.64119038e-03	-1.95938277e-02	1.68429944e-02	1.30781939e-01
5941            	1.10735946e+00	3.33634681e-03	-2.24500856e-02	1.65399936e-02	1.33881274e-01
5942            	1.10762372e+00	3.69364719e-03	-2.30780865e-02	1.63268543e-02	1.35743383e-01
5943            	1.10785543e+00	3.65605471e-03	-2.11985076e-02	1.63847005e-02	1.36855271e-01
5944            	1.10784638e+00	3.18804361e-03	-1.67322658e-02	1.67388971e-02	1.36364685e-01
5945            	1.10759635e+00	2.43874138e-03	-1.07581829e-02	1.73519311e-02	1.32913051e-01
5946            	1.10730564e+00	1.55632131e-03	-4.22176492e-03	1.81827427e-02	1.27426929e-01
5947            	1.10719572e+00	4.82339148e-04	3.26398396e-03	1.92073600e-02	1.20855059e-01
5948            	1.10729320e+00	-5.02373740e-04	9.83946833e-03	2.03124642e-02	1.14454739e-01
5949            	1.10750031e+00	-1.34508332e-03	1.52584481e-02	2.12849483e-02	1.07998173e-01
5950            	1.10765703e+00	-2.02559578e-03	1.94786901e-02	2.18721241e-02	9.99439430e-02
5951            	1.10761324e+00	-2.65141002e-03	2.32239821e-02	2.20718230e-02	9.06333207e-02
5952            	1.10737078e+00	-3.30238502e-03	2.69256678e-02	2.20815142e-02	8.21031883e-02
5953            	1.10707094e+00	-4.11269770e-03	3.13583266e-02	2.21263759e-02	7.43447803e-02
5954            	1.10689234e+00	-4.96116626e-03	3.57467040e-02	2.22587349e-02	6.78589271e-02
5955            	1.10693896e+00	-5.63601121e-03	3.88132870e-02	2.25205432e-02	6.25178867e-02
5956            	1.10724001e+00	-5.95819686e-03	3.95188736e-02	2.29663312e-02	5.95376336e-02
5957            	1.10768217e+00	-5.94767113e-03	3.80568390e-02	2.34728509e-02	5.98678637e-02
5958            	1.10801051e+00	-5.66758577e-03	3.48805238e-02	2.38003856e-02	6.32745446e-02
5959            	1.10804609e+00	-5.18005256e-03	3.03838673e-02	2.36822750e-02	6.84394857e-02
5960            	1.10785249e+00	-4.68169103e-03	2.59229880e-02	2.30235920e-02	7.45781964e-02
5961            	1.10764852e+00	-4.16139656e-03	2.15237400e-02	2.19342578e-02	8.19491535e-02
5962            	1.10759029e+00	-3.68526061e-03	1.76540566e-02	2.05624575e-02	8.94245588e-02
5963            	1.10767507e+00	-3.04696807e-03	1.29285444e-02	1.91330911e-02	9.73067381e-02
5964            	1.10781725e+00	-2.40863638e-03	8.47292248e-03	1.79523768e-02	1.05626644e-01
5965            	1.10786502e+00	-1.81752065e-03	4.75472127e-03	1.72107968e-02	1.13939568e-01
5966            	1.10771126e+00	-1.14378149e-03	9.76030151e-04	1.68032730e-02	1.21327316e-01
5967            	1.10737862e+00	-3.53514037e-04	-3.13926311e-03	1.65145536e-02	1.27667070e-01
5968            	1.10698505e+00	4.65989932e-04	-7.13237894e-03	1.62260265e-02	1.32525311e-01
5969            	1.10670680e+00	1.35745397e-03	-1.14545681e-02	1.59575603e-02	1.36774408e-01
5970            	1.10668967e+00	2.17337599e-03	-1.52598844e-02	1.57501797e-02	1.39084467e-01
5971            	1.10696147e+00	2.74607502e-03	-1.75099860e-02	1.55806033e-02	1.39829281e-01
5972            	1.10734192e+00	3.00640332e-03	-1.77288597e-02	1.53943600e-02	1.38736835e-01
5973            	1.10758171e+00	2.96189954e-03	-1.60007287e-02	1.53303457e-02	1.36262434e-01
5974            	1.10755660e+00	2.50415716e-03	-1.17757453e-02	1.56209570e-02	1.32525043e-01
5975            	1.10741331e+00	1.64897595e-03	-5.32419385e-03	1.63889419e-02	1.27190869e-01
5976            	1.10736509e+00	6.54769495e-04	1.62287927e-03	1.75170796e-02	1.21197426e-01
5977            	1.10748655e+00	-3.07661382e-04	8.03580059e-03	1.88678958e-02	1.14777252e-01
5978            	1.10770789e+00	-1.03361429e-03	1.26780929e-02	2.03697823e-02	1.09241084e-01
5979            	1.10791700e+00	-1.67268672e-03	1.67341663e-02	2.18242029e-02	1.03640710e-01
5980            	1.10801103e+00	-2.29824526e-03	2.06627353e-02	2.30161865e-02	9.75675295e-02
5981            	1.10794599e+00	-2.94463889e-03	2.45206520e-02	2.37982816e-02	9.16811994e-02
5982            	1.10776320e+00	-3.72123193e-03	2.89397874e-02	2.41868772e-02	8.66206607e-02
5983            	1.10750034e+00	-4.53296621e-03	3.33593990e-02	2.43400035e-02	8.19432580e-02
5984            	1.10727315e+00	-5.33475862e-03	3.75545804e-02	2.43243404e-02	7.81718370e-02
5985            	1.10721065e+00	-5.99266811e-03	4.07277804e-02	2.41985111e-02	7.42582089e-02
5986            	1.10738480e+00	-6.36521374e-03	4.19766554e-02	2.40646811e-02	7.19164243e-02
5987            	1.10765334e+00	-6.40481016e-03	4.10096468e-02	2.39524040e-02	7.21103446e-02
5988            	1.10779265e+00	-6.15863481e-03	3.82263841e-02	2.36427825e-02	7.45227341e-02
5989            	1.10768967e+00	-5.77420964e-03	3.46260557e-02	2.29257538e-02	7.81357744e-02
5990            	1.10746206e+00	-5.40930213e-03	3.12045927e-02	2.17992931e-02	8.28012483e-02
5991            	1.10729998e+00	-4.92061805e-03	2.70675835e-02	2.04790278e-02	8.94434058e-02
5992            	1.10727927e+00	-4.30524940e-03	2.22654791e-02	1.91807620e-02	9.74064051e-02
5993            	1.10735302e+00	-3.47187824e-03	1.63065277e-02	1.80085555e-02	1.06835696e-01
5994            	1.10742997e+00	-2.73898446e-03	1.13695790e-02	1.69586808e-02	1.15710046e-01
5995            	1.10743816e+00	-2.08198358e-03	7.29282732e-03	1.61210115e-02	1.22525509e-01
5996            	1.10734466e+00	-1.42865227e-03	3.56202097e-03	1.56043583e-02	1.27920116e-01
5997            	1.10716610e+00	-6.83298106e-04	-4.63887697e-04	1.54045107e-02	1.32552403e-01
5998            	1.10694942e+00	2.04504893e-04	-5.16719484e-03	1.53578971e-02	1.35676568e-01
5999            	1.10683958e+00	1.11496285e-03	-9.85068841e-03	1.54075250e-02	1.38432764e-01
6000            	1.10693889e+00	1.91204056e-03	-1.37202939e-02	1.56782153e-02	1.40271518e-01
