# y+ ()         
# Time          	patch           	min             	max             	average         
4250            	rocket_body	2.48189750e+00	4.55983686e+02	7.06513289e+01
4250            	rocket_fins	1.63987235e+00	2.97739549e+02	3.78841699e+01
4250            	rocket_tab	3.33545349e+00	1.92354720e+02	2.93856391e+01
4250            	rocket_slot	2.23969166e+01	1.87273919e+02	8.16012321e+01
4500            	rocket_body	2.47965598e+00	4.43971021e+02	7.06485152e+01
4500            	rocket_fins	1.77513567e+00	2.97740398e+02	3.78835873e+01
4500            	rocket_tab	2.72341762e+00	1.99370131e+02	2.95597938e+01
4500            	rocket_slot	1.96278867e+01	1.92183719e+02	8.08801304e+01
4750            	rocket_body	2.48092516e+00	4.50460747e+02	7.06562362e+01
4750            	rocket_fins	1.71727654e+00	2.97739834e+02	3.78843422e+01
4750            	rocket_tab	2.96361927e+00	2.02898598e+02	2.95527667e+01
4750            	rocket_slot	2.71019654e+01	1.87150502e+02	8.15166922e+01
5000            	rocket_body	1.93785046e+00	4.54762781e+02	7.06510628e+01
5000            	rocket_fins	1.78683910e+00	2.97739135e+02	3.78831255e+01
5000            	rocket_tab	2.26318514e+00	1.92200898e+02	2.94219030e+01
5000            	rocket_slot	2.00272458e+01	1.87640707e+02	8.15249063e+01
