# Force and moment coefficients
# dragDir       : (0.00000000e+00 0.00000000e+00 -1.00000000e+00)
# sideDir       : (-0.00000000e+00 1.00000000e+00 0.00000000e+00)
# liftDir       : (1.00000000e+00 0.00000000e+00 0.00000000e+00)
# rollAxis      : (0.00000000e+00 0.00000000e+00 -1.00000000e+00)
# pitchAxis     : (-0.00000000e+00 1.00000000e+00 0.00000000e+00)
# yawAxis       : (1.00000000e+00 0.00000000e+00 0.00000000e+00)
# magUInf       : 1.01700000e+02
# lRef          : 5.78100000e-02
# Aref          : 2.62480000e-03
# CofR          : (0.00000000e+00 0.00000000e+00 3.99000000e-01)
#
# Time          	Cd              	Cl              	CmPitch         	CmRoll          	CmYaw           
5001            	-1.74997825e-01	-8.75177495e-04	2.63694911e-01	2.99811597e-03	1.18999636e-02
5002            	-1.75043710e-01	-9.17680452e-04	2.64013018e-01	3.04078336e-03	1.20780195e-02
5003            	-1.75090112e-01	-1.00349820e-03	2.64599922e-01	3.07334182e-03	1.22097046e-02
5004            	-1.75130119e-01	-1.09588577e-03	2.65220237e-01	3.09380857e-03	1.22913307e-02
5005            	-1.75161252e-01	-1.15341217e-03	2.65613094e-01	3.10085685e-03	1.23224779e-02
5006            	-1.75184199e-01	-1.18038649e-03	2.65808161e-01	3.09352959e-03	1.22980939e-02
5007            	-1.75197164e-01	-1.19279229e-03	2.65906824e-01	3.06834792e-03	1.22021999e-02
5008            	-1.75196869e-01	-1.22510293e-03	2.66119164e-01	3.02577295e-03	1.20372248e-02
5009            	-1.75183827e-01	-1.30056321e-03	2.66587296e-01	2.97239732e-03	1.18291808e-02
5010            	-1.75156870e-01	-1.40773125e-03	2.67231695e-01	2.92476760e-03	1.16452407e-02
5011            	-1.75121797e-01	-1.53090407e-03	2.67953172e-01	2.89067910e-03	1.15126001e-02
5012            	-1.75083541e-01	-1.63193771e-03	2.68519315e-01	2.87228006e-03	1.14386768e-02
5013            	-1.75044473e-01	-1.67791279e-03	2.68735778e-01	2.87611365e-03	1.14506815e-02
5014            	-1.75007289e-01	-1.65233095e-03	2.68513542e-01	2.90264290e-03	1.15522802e-02
5015            	-1.74975842e-01	-1.53437250e-03	2.67735074e-01	2.94194505e-03	1.17013858e-02
5016            	-1.74954360e-01	-1.35938503e-03	2.66625442e-01	2.97712751e-03	1.18304717e-02
5017            	-1.74942434e-01	-1.14284409e-03	2.65276775e-01	2.98768701e-03	1.18621478e-02
5018            	-1.74945902e-01	-9.81024064e-04	2.64285110e-01	3.00095683e-03	1.19113716e-02
5019            	-1.74968400e-01	-9.09412391e-04	2.63871806e-01	3.02996241e-03	1.20321769e-02
5020            	-1.75007311e-01	-9.00013109e-04	2.63860436e-01	3.06956764e-03	1.21988631e-02
5021            	-1.75053349e-01	-9.37272153e-04	2.64145033e-01	3.10676606e-03	1.23538558e-02
5022            	-1.75097308e-01	-1.02571216e-03	2.64744935e-01	3.13786258e-03	1.24788577e-02
5023            	-1.75134246e-01	-1.12324609e-03	2.65393609e-01	3.15892211e-03	1.25635017e-02
5024            	-1.75163270e-01	-1.17976128e-03	2.65777947e-01	3.15904083e-03	1.25676878e-02
5025            	-1.75184643e-01	-1.20154599e-03	2.65940395e-01	3.14113348e-03	1.24997602e-02
5026            	-1.75194470e-01	-1.20393097e-03	2.65974859e-01	3.09890931e-03	1.23343929e-02
5027            	-1.75190569e-01	-1.24133808e-03	2.66215241e-01	3.03990328e-03	1.21022676e-02
5028            	-1.75174047e-01	-1.32754875e-03	2.66746174e-01	2.97544384e-03	1.18492105e-02
5029            	-1.75144520e-01	-1.44928031e-03	2.67475773e-01	2.92023837e-03	1.16327733e-02
5030            	-1.75108433e-01	-1.57861004e-03	2.68229830e-01	2.87900173e-03	1.14669616e-02
5031            	-1.75069914e-01	-1.66636729e-03	2.68709898e-01	2.85603199e-03	1.13703827e-02
5032            	-1.75031254e-01	-1.68761490e-03	2.68771969e-01	2.85511652e-03	1.13596641e-02
5033            	-1.74995143e-01	-1.61913759e-03	2.68287308e-01	2.87315332e-03	1.14239529e-02
5034            	-1.74966937e-01	-1.46663499e-03	2.67303414e-01	2.90300030e-03	1.15336329e-02
5035            	-1.74947889e-01	-1.27289239e-03	2.66084408e-01	2.92724220e-03	1.16192362e-02
5036            	-1.74940226e-01	-1.09251123e-03	2.64965928e-01	2.93713102e-03	1.16491330e-02
5037            	-1.74948832e-01	-9.54469510e-04	2.64125617e-01	2.95351077e-03	1.17112304e-02
5038            	-1.74977757e-01	-8.96851570e-04	2.63805502e-01	2.98320434e-03	1.18343807e-02
5039            	-1.75021830e-01	-9.07821142e-04	2.63927102e-01	3.02310113e-03	1.20028313e-02
5040            	-1.75070243e-01	-9.76599907e-04	2.64411637e-01	3.06458134e-03	1.21751462e-02
5041            	-1.75113623e-01	-1.07189771e-03	2.65054507e-01	3.10009156e-03	1.23202193e-02
5042            	-1.75148641e-01	-1.15435979e-03	2.65606916e-01	3.12594194e-03	1.24270844e-02
5043            	-1.75175705e-01	-1.19599689e-03	2.65896726e-01	3.12901726e-03	1.24433246e-02
5044            	-1.75194346e-01	-1.21417538e-03	2.66035115e-01	3.11255187e-03	1.23820559e-02
5045            	-1.75200007e-01	-1.22557152e-03	2.66123376e-01	3.07659928e-03	1.22434816e-02
5046            	-1.75191424e-01	-1.27653561e-03	2.66443592e-01	3.02669974e-03	1.20514187e-02
5047            	-1.75169008e-01	-1.37444415e-03	2.67038195e-01	2.97560869e-03	1.18540478e-02
5048            	-1.75135851e-01	-1.50139922e-03	2.67790649e-01	2.93438027e-03	1.16932578e-02
5049            	-1.75098010e-01	-1.61472531e-03	2.68437681e-01	2.90556378e-03	1.15773895e-02
5050            	-1.75058632e-01	-1.67999475e-03	2.68773795e-01	2.89479165e-03	1.15305031e-02
5051            	-1.75019657e-01	-1.67049859e-03	2.68646596e-01	2.90646007e-03	1.15725253e-02
5052            	-1.74984123e-01	-1.56995507e-03	2.67966207e-01	2.93878379e-03	1.16954423e-02
5053            	-1.74958236e-01	-1.41286455e-03	2.66958981e-01	2.97470589e-03	1.18288856e-02
5054            	-1.74941461e-01	-1.21209008e-03	2.65700429e-01	2.99330591e-03	1.18904747e-02
5055            	-1.74939450e-01	-1.03114435e-03	2.64583633e-01	2.99654571e-03	1.18940736e-02
5056            	-1.74955279e-01	-9.00411919e-04	2.63796508e-01	3.00640236e-03	1.19332932e-02
5057            	-1.74989837e-01	-8.70516461e-04	2.63654315e-01	3.03981191e-03	1.20738309e-02
5058            	-1.75036111e-01	-9.13210600e-04	2.63974828e-01	3.07958390e-03	1.22398624e-02
5059            	-1.75083726e-01	-9.98463842e-04	2.64560305e-01	3.10838972e-03	1.23567210e-02
5060            	-1.75125244e-01	-1.09032954e-03	2.65179527e-01	3.12495250e-03	1.24222869e-02
5061            	-1.75158041e-01	-1.15046396e-03	2.65590939e-01	3.12820458e-03	1.24368290e-02
5062            	-1.75182776e-01	-1.17899848e-03	2.65797844e-01	3.11562424e-03	1.23899528e-02
5063            	-1.75197722e-01	-1.19335985e-03	2.65911114e-01	3.08458432e-03	1.22691428e-02
5064            	-1.75199212e-01	-1.22490539e-03	2.66121098e-01	3.03567421e-03	1.20774204e-02
5065            	-1.75186867e-01	-1.29744609e-03	2.66571834e-01	2.97425006e-03	1.18358827e-02
5066            	-1.75160117e-01	-1.40342021e-03	2.67209487e-01	2.91712500e-03	1.16122984e-02
5067            	-1.75124393e-01	-1.52434911e-03	2.67916660e-01	2.87280135e-03	1.14375887e-02
5068            	-1.75085363e-01	-1.62551232e-03	2.68482682e-01	2.84395851e-03	1.13206719e-02
5069            	-1.75045537e-01	-1.67460606e-03	2.68717206e-01	2.84001278e-03	1.13004615e-02
5070            	-1.75007540e-01	-1.65015382e-03	2.68500102e-01	2.86185641e-03	1.13828104e-02
5071            	-1.74975167e-01	-1.53668665e-03	2.67747839e-01	2.89738158e-03	1.15164807e-02
5072            	-1.74952930e-01	-1.36387611e-03	2.66650525e-01	2.93211057e-03	1.16434341e-02
5073            	-1.74940439e-01	-1.14720544e-03	2.65300364e-01	2.94413706e-03	1.16807272e-02
5074            	-1.74943832e-01	-9.82307706e-04	2.64289968e-01	2.95867750e-03	1.17351031e-02
5075            	-1.74966349e-01	-9.11494356e-04	2.63882417e-01	2.99098699e-03	1.18693899e-02
5076            	-1.75005669e-01	-9.04995541e-04	2.63890294e-01	3.03665018e-03	1.20612218e-02
5077            	-1.75052791e-01	-9.42053496e-04	2.64175708e-01	3.08056295e-03	1.22443310e-02
5078            	-1.75098430e-01	-1.03031162e-03	2.64777013e-01	3.11799395e-03	1.23956501e-02
5079            	-1.75136582e-01	-1.12759679e-03	2.65425902e-01	3.14586084e-03	1.25086656e-02
5080            	-1.75165885e-01	-1.18440368e-03	2.65812332e-01	3.15396800e-03	1.25462229e-02
5081            	-1.75186670e-01	-1.20808800e-03	2.65985521e-01	3.14498798e-03	1.25152400e-02
5082            	-1.75195755e-01	-1.21169654e-03	2.66025788e-01	3.11167596e-03	1.23869357e-02
5083            	-1.75191133e-01	-1.24591522e-03	2.66245014e-01	3.06095436e-03	1.21894908e-02
5084            	-1.75174288e-01	-1.32928005e-03	2.66757544e-01	3.00433253e-03	1.19688624e-02
5085            	-1.75144372e-01	-1.44752544e-03	2.67464618e-01	2.95529081e-03	1.17781183e-02
5086            	-1.75107817e-01	-1.57163163e-03	2.68185889e-01	2.91712397e-03	1.16263660e-02
5087            	-1.75069186e-01	-1.65842934e-03	2.68660437e-01	2.89556477e-03	1.15371606e-02
5088            	-1.75030957e-01	-1.68552061e-03	2.68759292e-01	2.89519611e-03	1.15294568e-02
5089            	-1.74995465e-01	-1.62900549e-03	2.68348873e-01	2.91291128e-03	1.15924885e-02
5090            	-1.74967733e-01	-1.47948546e-03	2.67383130e-01	2.94099186e-03	1.16945854e-02
5091            	-1.74949612e-01	-1.28719409e-03	2.66173748e-01	2.96316124e-03	1.17709786e-02
5092            	-1.74942257e-01	-1.09553539e-03	2.64986109e-01	2.96719724e-03	1.17764001e-02
5093            	-1.74950458e-01	-9.56045881e-04	2.64137135e-01	2.97845606e-03	1.18166767e-02
5094            	-1.74978713e-01	-8.93531033e-04	2.63786076e-01	3.00129585e-03	1.19110091e-02
5095            	-1.75021986e-01	-8.92776105e-04	2.63833641e-01	3.03280648e-03	1.20442745e-02
5096            	-1.75069824e-01	-9.53367694e-04	2.64266238e-01	3.06654515e-03	1.21841314e-02
5097            	-1.75113096e-01	-1.05011762e-03	2.64917687e-01	3.09515344e-03	1.22997218e-02
5098            	-1.75148264e-01	-1.14106221e-03	2.65522967e-01	3.11413201e-03	1.23771902e-02
5099            	-1.75175262e-01	-1.18900616e-03	2.65851691e-01	3.10983734e-03	1.23621795e-02
5100            	-1.75193899e-01	-1.20735077e-03	2.65990384e-01	3.08649327e-03	1.22720511e-02
5101            	-1.75199618e-01	-1.21317367e-03	2.66043367e-01	3.04430211e-03	1.21075236e-02
5102            	-1.75191547e-01	-1.25948346e-03	2.66335125e-01	2.99043786e-03	1.18988631e-02
5103            	-1.75170209e-01	-1.35925210e-03	2.66943380e-01	2.93686811e-03	1.16910241e-02
5104            	-1.75137865e-01	-1.49321517e-03	2.67741692e-01	2.89541614e-03	1.15293098e-02
5105            	-1.75100713e-01	-1.61224225e-03	2.68426266e-01	2.86740250e-03	1.14172962e-02
5106            	-1.75062279e-01	-1.68256471e-03	2.68795796e-01	2.85798404e-03	1.13765953e-02
5107            	-1.75024021e-01	-1.67885312e-03	2.68705022e-01	2.87323234e-03	1.14332915e-02
5108            	-1.74989061e-01	-1.58206470e-03	2.68048785e-01	2.90738856e-03	1.15644189e-02
5109            	-1.74963296e-01	-1.42733573e-03	2.67056482e-01	2.94765300e-03	1.17165494e-02
5110            	-1.74946450e-01	-1.23212885e-03	2.65832528e-01	2.97365434e-03	1.18089208e-02
5111            	-1.74943252e-01	-1.05631807e-03	2.64746350e-01	2.98483259e-03	1.18450512e-02
5112            	-1.74957185e-01	-9.18932845e-04	2.63915396e-01	3.00061543e-03	1.19083622e-02
5113            	-1.74989818e-01	-8.81517606e-04	2.63724170e-01	3.03935253e-03	1.20709113e-02
5114            	-1.75034729e-01	-9.21827856e-04	2.64028263e-01	3.08624014e-03	1.22670423e-02
5115            	-1.75081147e-01	-1.00601834e-03	2.64605577e-01	3.12321178e-03	1.24188000e-02
5116            	-1.75121360e-01	-1.09820702e-03	2.65224871e-01	3.14805545e-03	1.25192691e-02
5117            	-1.75153155e-01	-1.16028858e-03	2.65646660e-01	3.15908701e-03	1.25659008e-02
5118            	-1.75177527e-01	-1.18846818e-03	2.65850151e-01	3.15132126e-03	1.25388497e-02
5119            	-1.75192976e-01	-1.20327163e-03	2.65966318e-01	3.12307112e-03	1.24294541e-02
5120            	-1.75195658e-01	-1.23195539e-03	2.66160117e-01	3.07579100e-03	1.22443177e-02
5121            	-1.75184662e-01	-1.30032086e-03	2.66586841e-01	3.01442570e-03	1.20032958e-02
5122            	-1.75159608e-01	-1.40267386e-03	2.67204636e-01	2.95565596e-03	1.17731711e-02
5123            	-1.75125189e-01	-1.52125156e-03	2.67899585e-01	2.90809384e-03	1.15855351e-02
5124            	-1.75087611e-01	-1.62293461e-03	2.68471334e-01	2.87388859e-03	1.14466040e-02
5125            	-1.75049104e-01	-1.67536053e-03	2.68728687e-01	2.86406623e-03	1.14023132e-02
5126            	-1.75011909e-01	-1.65408953e-03	2.68532104e-01	2.88130586e-03	1.14657956e-02
5127            	-1.74979191e-01	-1.54777706e-03	2.67822491e-01	2.91205122e-03	1.15792017e-02
5128            	-1.74956196e-01	-1.37828814e-03	2.66743765e-01	2.94020903e-03	1.16780739e-02
5129            	-1.74942243e-01	-1.15522778e-03	2.65351502e-01	2.94335276e-03	1.16776327e-02
5130            	-1.74944206e-01	-9.77986867e-04	2.64262636e-01	2.94537408e-03	1.16798468e-02
5131            	-1.74964982e-01	-8.97528381e-04	2.63793168e-01	2.96787206e-03	1.17734478e-02
5132            	-1.75002870e-01	-8.91141683e-04	2.63799832e-01	3.00865700e-03	1.19449656e-02
5133            	-1.75049350e-01	-9.30069483e-04	2.64095917e-01	3.05004529e-03	1.21172083e-02
5134            	-1.75095420e-01	-1.02034244e-03	2.64710211e-01	3.08424636e-03	1.22545521e-02
5135            	-1.75134680e-01	-1.11958660e-03	2.65372829e-01	3.10936554e-03	1.23554990e-02
5136            	-1.75165213e-01	-1.17667168e-03	2.65762801e-01	3.11733601e-03	1.23922713e-02
5137            	-1.75187358e-01	-1.20067460e-03	2.65939912e-01	3.11004513e-03	1.23683745e-02
5138            	-1.75198284e-01	-1.20768549e-03	2.66003816e-01	3.08092986e-03	1.22571964e-02
5139            	-1.75195455e-01	-1.24399131e-03	2.66238570e-01	3.03604153e-03	1.20832489e-02
5140            	-1.75180305e-01	-1.32871868e-03	2.66761994e-01	2.98408989e-03	1.18814708e-02
5141            	-1.75151639e-01	-1.44284001e-03	2.67445548e-01	2.93823108e-03	1.17045318e-02
5142            	-1.75115522e-01	-1.56304968e-03	2.68143959e-01	2.90368047e-03	1.15689649e-02
5143            	-1.75076384e-01	-1.65297750e-03	2.68637954e-01	2.88639069e-03	1.14983055e-02
5144            	-1.75036986e-01	-1.68522929e-03	2.68767522e-01	2.89100049e-03	1.15120929e-02
5145            	-1.75000083e-01	-1.63929530e-03	2.68420195e-01	2.91454353e-03	1.15999993e-02
5146            	-1.74970285e-01	-1.49612433e-03	2.67489695e-01	2.94939891e-03	1.17307511e-02
5147            	-1.74950184e-01	-1.30715137e-03	2.66296895e-01	2.97905961e-03	1.18382946e-02
5148            	-1.74940644e-01	-1.10714258e-03	2.65054226e-01	2.98896941e-03	1.18683888e-02
5149            	-1.74946820e-01	-9.64936044e-04	2.64186397e-01	3.00480265e-03	1.19278946e-02
5150            	-1.74973380e-01	-9.00687298e-04	2.63822875e-01	3.03029317e-03	1.20333833e-02
5151            	-1.75015761e-01	-8.96093391e-04	2.63845644e-01	3.06248087e-03	1.21690760e-02
5152            	-1.75063667e-01	-9.49310286e-04	2.64232526e-01	3.09481298e-03	1.23029972e-02
5153            	-1.75107776e-01	-1.04481551e-03	2.64877396e-01	3.12304206e-03	1.24165497e-02
5154            	-1.75144196e-01	-1.13958983e-03	2.65508536e-01	3.14150665e-03	1.24914279e-02
5155            	-1.75172317e-01	-1.19123830e-03	2.65861939e-01	3.13674276e-03	1.24745412e-02
5156            	-1.75192095e-01	-1.21039809e-03	2.66006796e-01	3.11300074e-03	1.23828018e-02
5157            	-1.75198988e-01	-1.21359635e-03	2.66044423e-01	3.06921086e-03	1.22114069e-02
5158            	-1.75191825e-01	-1.25740618e-03	2.66321394e-01	3.01296694e-03	1.19917366e-02
5159            	-1.75171461e-01	-1.35254673e-03	2.66902211e-01	2.95312523e-03	1.17580799e-02
5160            	-1.75139259e-01	-1.48241103e-03	2.67676327e-01	2.90326939e-03	1.15625325e-02
5161            	-1.75101551e-01	-1.60449218e-03	2.68380107e-01	2.86726694e-03	1.14175551e-02
5162            	-1.75062310e-01	-1.68211710e-03	2.68794148e-01	2.84982736e-03	1.13431074e-02
5163            	-1.75023532e-01	-1.68492969e-03	2.68742358e-01	2.85657499e-03	1.13640985e-02
5164            	-1.74988155e-01	-1.59218590e-03	2.68109733e-01	2.88256262e-03	1.14616027e-02
5165            	-1.74961928e-01	-1.43445591e-03	2.67097602e-01	2.91784876e-03	1.15937567e-02
5166            	-1.74945044e-01	-1.23978787e-03	2.65876942e-01	2.94291453e-03	1.16824569e-02
5167            	-1.74941511e-01	-1.06710325e-03	2.64810772e-01	2.95451710e-03	1.17197084e-02
5168            	-1.74954970e-01	-9.30479961e-04	2.63984841e-01	2.97132008e-03	1.17856533e-02
5169            	-1.74987778e-01	-8.87931464e-04	2.63762652e-01	3.00881952e-03	1.19423056e-02
5170            	-1.75033692e-01	-9.23835347e-04	2.64041198e-01	3.05510400e-03	1.21362781e-02
5171            	-1.75081639e-01	-1.00508843e-03	2.64602604e-01	3.09413303e-03	1.22973755e-02
5172            	-1.75123285e-01	-1.09765006e-03	2.65226323e-01	3.12312810e-03	1.24154286e-02
5173            	-1.75156012e-01	-1.16416372e-03	2.65676850e-01	3.14063758e-03	1.24885113e-02
5174            	-1.75180682e-01	-1.19552442e-03	2.65899991e-01	3.13890525e-03	1.24860919e-02
5175            	-1.75196109e-01	-1.21254784e-03	2.66028928e-01	3.11683614e-03	1.24020458e-02
5176            	-1.75198575e-01	-1.23662703e-03	2.66193105e-01	3.07637152e-03	1.22449283e-02
5177            	-1.75187163e-01	-1.29890619e-03	2.66580767e-01	3.02203748e-03	1.20337295e-02
5178            	-1.75161685e-01	-1.39781491e-03	2.67176472e-01	2.96966120e-03	1.18307000e-02
5179            	-1.75126698e-01	-1.51609933e-03	2.67869448e-01	2.92712716e-03	1.16645412e-02
5180            	-1.75088543e-01	-1.61830805e-03	2.68444358e-01	2.89726098e-03	1.15441100e-02
5181            	-1.75049840e-01	-1.67434696e-03	2.68723837e-01	2.88835415e-03	1.15041769e-02
5182            	-1.75012825e-01	-1.65643047e-03	2.68548110e-01	2.90483580e-03	1.15651022e-02
5183            	-1.74980427e-01	-1.55181544e-03	2.67848717e-01	2.93612472e-03	1.16819028e-02
5184            	-1.74957738e-01	-1.38754160e-03	2.66802389e-01	2.96600842e-03	1.17884921e-02
5185            	-1.74943853e-01	-1.16905469e-03	2.65438442e-01	2.97232007e-03	1.18000134e-02
5186            	-1.74945546e-01	-9.87928758e-04	2.64325361e-01	2.97209489e-03	1.17916666e-02
5187            	-1.74965571e-01	-8.93042885e-04	2.63765936e-01	2.98909159e-03	1.18620442e-02
5188            	-1.75002661e-01	-8.82177794e-04	2.63744054e-01	3.02753523e-03	1.20238557e-02
5189            	-1.75048720e-01	-9.22456508e-04	2.64048089e-01	3.06716122e-03	1.21887825e-02
5190            	-1.75094469e-01	-1.00945840e-03	2.64641294e-01	3.09663591e-03	1.23067514e-02
5191            	-1.75133462e-01	-1.10435468e-03	2.65276142e-01	3.11517025e-03	1.23801606e-02
5192            	-1.75163576e-01	-1.16100358e-03	2.65662533e-01	3.11852381e-03	1.23970640e-02
5193            	-1.75185353e-01	-1.18664589e-03	2.65848866e-01	3.10655465e-03	1.23534370e-02
5194            	-1.75196588e-01	-1.19769885e-03	2.65937902e-01	3.07381916e-03	1.22264382e-02
5195            	-1.75194354e-01	-1.23410156e-03	2.66173819e-01	3.02461980e-03	1.20339389e-02
5196            	-1.75179918e-01	-1.31670912e-03	2.66684843e-01	2.96733998e-03	1.18098216e-02
5197            	-1.75152017e-01	-1.42708502e-03	2.67346807e-01	2.91648407e-03	1.16125802e-02
5198            	-1.75116546e-01	-1.54833416e-03	2.68053965e-01	2.87980824e-03	1.14687029e-02
5199            	-1.75078152e-01	-1.64530200e-03	2.68593685e-01	2.86143945e-03	1.13939640e-02
5200            	-1.75039816e-01	-1.68396630e-03	2.68765120e-01	2.86562968e-03	1.14068193e-02
5201            	-1.75003950e-01	-1.64881798e-03	2.68485977e-01	2.88957803e-03	1.14967387e-02
5202            	-1.74974387e-01	-1.51447674e-03	2.67609638e-01	2.92557309e-03	1.16319132e-02
5203            	-1.74954383e-01	-1.32861933e-03	2.66435613e-01	2.95691316e-03	1.17457309e-02
5204            	-1.74944287e-01	-1.12090742e-03	2.65144583e-01	2.96720646e-03	1.17771996e-02
5205            	-1.74949330e-01	-9.75604167e-04	2.64257244e-01	2.98380713e-03	1.18399868e-02
5206            	-1.74974074e-01	-9.11717654e-04	2.63894244e-01	3.01269789e-03	1.19599114e-02
5207            	-1.75014723e-01	-9.03608704e-04	2.63892739e-01	3.05015416e-03	1.21175737e-02
5208            	-1.75061466e-01	-9.48362341e-04	2.64224929e-01	3.08804490e-03	1.22749587e-02
5209            	-1.75104704e-01	-1.04116723e-03	2.64851380e-01	3.12266081e-03	1.24151514e-02
5210            	-1.75140366e-01	-1.14036919e-03	2.65509040e-01	3.14823682e-03	1.25192084e-02
5211            	-1.75167775e-01	-1.19590144e-03	2.65885342e-01	3.15083742e-03	1.25332365e-02
5212            	-1.75187526e-01	-1.21526586e-03	2.66030812e-01	3.13371894e-03	1.24691154e-02
5213            	-1.75195261e-01	-1.21522738e-03	2.66048416e-01	3.09378550e-03	1.23139420e-02
5214            	-1.75189530e-01	-1.25216709e-03	2.66284194e-01	3.03864122e-03	1.20993104e-02
5215            	-1.75171005e-01	-1.34609063e-03	2.66860144e-01	2.97955395e-03	1.18682439e-02
5216            	-1.75140403e-01	-1.47531299e-03	2.67633598e-01	2.92969358e-03	1.16728126e-02
5217            	-1.75104278e-01	-1.59985684e-03	2.68356204e-01	2.89268440e-03	1.15240229e-02
5218            	-1.75066323e-01	-1.68039914e-03	2.68790942e-01	2.87373316e-03	1.14439070e-02
5219            	-1.75028408e-01	-1.69081920e-03	2.68787009e-01	2.87842280e-03	1.14565276e-02
5220            	-1.74993215e-01	-1.60546980e-03	2.68199654e-01	2.90103593e-03	1.15401889e-02
5221            	-1.74966197e-01	-1.44722065e-03	2.67182419e-01	2.93266738e-03	1.16571974e-02
5222            	-1.74948150e-01	-1.25162053e-03	2.65953712e-01	2.95465175e-03	1.17330677e-02
5223            	-1.74942481e-01	-1.07608483e-03	2.64867260e-01	2.96173932e-03	1.17510357e-02
5224            	-1.74953468e-01	-9.36981203e-04	2.64022677e-01	2.97404043e-03	1.17969434e-02
5225            	-1.74984081e-01	-8.84702662e-04	2.63737125e-01	3.00294228e-03	1.19174890e-02
5226            	-1.75028603e-01	-9.09585821e-04	2.63945258e-01	3.04118552e-03	1.20785941e-02
5227            	-1.75076128e-01	-9.86476754e-04	2.64478826e-01	3.07633056e-03	1.22237027e-02
5228            	-1.75118288e-01	-1.08082590e-03	2.65114342e-01	3.10392334e-03	1.23354358e-02
5229            	-1.75152114e-01	-1.15376702e-03	2.65606225e-01	3.12210480e-03	1.24105412e-02
5230            	-1.75178256e-01	-1.18982718e-03	2.65860521e-01	3.12033992e-03	1.24072798e-02
5231            	-1.75195738e-01	-1.20926222e-03	2.66006681e-01	3.09885731e-03	1.23254671e-02
5232            	-1.75200495e-01	-1.22996546e-03	2.66152846e-01	3.05942816e-03	1.21726125e-02
5233            	-1.75191052e-01	-1.28879450e-03	2.66521681e-01	3.00672651e-03	1.19685228e-02
5234            	-1.75167432e-01	-1.38864458e-03	2.67126442e-01	2.95506854e-03	1.17683935e-02
5235            	-1.75133558e-01	-1.51171287e-03	2.67852057e-01	2.91306324e-03	1.16042696e-02
5236            	-1.75095636e-01	-1.62001013e-03	2.68466214e-01	2.88407374e-03	1.14875043e-02
5237            	-1.75056443e-01	-1.68064451e-03	2.68773423e-01	2.87589326e-03	1.14508266e-02
5238            	-1.75018359e-01	-1.66760749e-03	2.68625963e-01	2.89199513e-03	1.15105115e-02
5239            	-1.74984198e-01	-1.55750564e-03	2.67889928e-01	2.92309302e-03	1.16285989e-02
5240            	-1.74959249e-01	-1.40003681e-03	2.66881994e-01	2.95943451e-03	1.17623569e-02
5241            	-1.74943054e-01	-1.18942532e-03	2.65562984e-01	2.97566331e-03	1.18142644e-02
5242            	-1.74942360e-01	-1.00667379e-03	2.64436343e-01	2.98071811e-03	1.18272008e-02
5243            	-1.74960199e-01	-8.96889305e-04	2.63781757e-01	2.99775923e-03	1.18979301e-02
5244            	-1.74996170e-01	-8.81556795e-04	2.63731357e-01	3.03737185e-03	1.20648408e-02
5245            	-1.75042471e-01	-9.25732792e-04	2.64060623e-01	3.07972359e-03	1.22410808e-02
5246            	-1.75089192e-01	-1.01251485e-03	2.64654029e-01	3.11110004e-03	1.23673158e-02
5247            	-1.75129345e-01	-1.10406448e-03	2.65269560e-01	3.13016765e-03	1.24430800e-02
5248            	-1.75160705e-01	-1.15978255e-03	2.65651832e-01	3.13480110e-03	1.24648335e-02
5249            	-1.75183897e-01	-1.18623735e-03	2.65844863e-01	3.12411640e-03	1.24265455e-02
5250            	-1.75196804e-01	-1.19964790e-03	2.65950524e-01	3.09420076e-03	1.23110332e-02
5251            	-1.75196087e-01	-1.23476922e-03	2.66180300e-01	3.04660653e-03	1.21251357e-02
5252            	-1.75182358e-01	-1.31296824e-03	2.66664642e-01	2.98825529e-03	1.18963683e-02
5253            	-1.75154676e-01	-1.41953149e-03	2.67303646e-01	2.93459283e-03	1.16875416e-02
5254            	-1.75118772e-01	-1.54177266e-03	2.68017103e-01	2.89361496e-03	1.15258849e-02
5255            	-1.75079785e-01	-1.63772588e-03	2.68550170e-01	2.86898900e-03	1.14259174e-02
5256            	-1.75040643e-01	-1.67903135e-03	2.68737128e-01	2.86603220e-03	1.14098821e-02
5257            	-1.75003562e-01	-1.65188360e-03	2.68504767e-01	2.88721835e-03	1.14882727e-02
5258            	-1.74972614e-01	-1.52639466e-03	2.67680270e-01	2.91942673e-03	1.16073751e-02
5259            	-1.74951939e-01	-1.34322901e-03	2.66521328e-01	2.94700118e-03	1.17048444e-02
5260            	-1.74941453e-01	-1.12740418e-03	2.65179510e-01	2.95235642e-03	1.17153034e-02
5261            	-1.74946375e-01	-9.72535850e-04	2.64233468e-01	2.96466009e-03	1.17604614e-02
5262            	-1.74970889e-01	-9.06704849e-04	2.63859004e-01	2.99410159e-03	1.18827725e-02
5263            	-1.75011801e-01	-9.01985281e-04	2.63879419e-01	3.03436839e-03	1.20517505e-02
5264            	-1.75059474e-01	-9.44726500e-04	2.64200531e-01	3.07302366e-03	1.22123204e-02
5265            	-1.75104402e-01	-1.03625658e-03	2.64821361e-01	3.10709789e-03	1.23497809e-02
5266            	-1.75141655e-01	-1.13664677e-03	2.65488642e-01	3.13268750e-03	1.24533900e-02
5267            	-1.75170143e-01	-1.19417002e-03	2.65878640e-01	3.13740564e-03	1.24765581e-02
5268            	-1.75190317e-01	-1.21567570e-03	2.66037711e-01	3.12391595e-03	1.24272884e-02
5269            	-1.75198236e-01	-1.21713087e-03	2.66063958e-01	3.08721207e-03	1.22851993e-02
5270            	-1.75192302e-01	-1.25180195e-03	2.66284491e-01	3.03444626e-03	1.20800682e-02
5271            	-1.75173739e-01	-1.34043936e-03	2.66827306e-01	2.97826758e-03	1.18611950e-02
5272            	-1.75142601e-01	-1.46570388e-03	2.67575712e-01	2.93121951e-03	1.16780930e-02
5273            	-1.75105722e-01	-1.58899183e-03	2.68290592e-01	2.89716928e-03	1.15428200e-02
5274            	-1.75067017e-01	-1.67202456e-03	2.68740424e-01	2.88138048e-03	1.14767755e-02
5275            	-1.75028681e-01	-1.68945231e-03	2.68779024e-01	2.88699572e-03	1.14934686e-02
5276            	-1.74993554e-01	-1.61447032e-03	2.68255459e-01	2.90907024e-03	1.15747818e-02
5277            	-1.74966834e-01	-1.45882689e-03	2.67254388e-01	2.94015098e-03	1.16896987e-02
5278            	-1.74949557e-01	-1.26454445e-03	2.66034695e-01	2.96377363e-03	1.17727439e-02
5279            	-1.74943777e-01	-1.08668652e-03	2.64934348e-01	2.97215084e-03	1.17961568e-02
5280            	-1.74954080e-01	-9.49057625e-04	2.64098581e-01	2.98611558e-03	1.18481366e-02
5281            	-1.74983999e-01	-8.91692755e-04	2.63780980e-01	3.01316784e-03	1.19602617e-02
5282            	-1.75028168e-01	-9.05301582e-04	2.63918953e-01	3.04892037e-03	1.21111818e-02
5283            	-1.75075631e-01	-9.75844162e-04	2.64413059e-01	3.08435850e-03	1.22579055e-02
5284            	-1.75117656e-01	-1.07047903e-03	2.65049993e-01	3.11323780e-03	1.23749993e-02
5285            	-1.75151159e-01	-1.14930438e-03	2.65577605e-01	3.13226923e-03	1.24533948e-02
5286            	-1.75176745e-01	-1.18936305e-03	2.65855560e-01	3.12864055e-03	1.24417458e-02
5287            	-1.75193866e-01	-1.20802617e-03	2.65995345e-01	3.10482599e-03	1.23497675e-02
5288            	-1.75198261e-01	-1.22232298e-03	2.66100378e-01	3.06223294e-03	1.21835146e-02
5289            	-1.75188686e-01	-1.27840841e-03	2.66451394e-01	3.00712644e-03	1.19689498e-02
5290            	-1.75165739e-01	-1.37478021e-03	2.67035848e-01	2.95120827e-03	1.17519801e-02
5291            	-1.75132624e-01	-1.50078614e-03	2.67782167e-01	2.90650828e-03	1.15770916e-02
5292            	-1.75095365e-01	-1.61523296e-03	2.68436590e-01	2.87614155e-03	1.14545663e-02
5293            	-1.75057160e-01	-1.68121140e-03	2.68778733e-01	2.86604572e-03	1.14099992e-02
5294            	-1.75019978e-01	-1.67318852e-03	2.68663314e-01	2.88052294e-03	1.14629517e-02
5295            	-1.74986587e-01	-1.56847991e-03	2.67961057e-01	2.91227410e-03	1.15837667e-02
5296            	-1.74962489e-01	-1.41041807e-03	2.66951204e-01	2.94719256e-03	1.17129619e-02
5297            	-1.74946927e-01	-1.20836894e-03	2.65686632e-01	2.96581704e-03	1.17746391e-02
5298            	-1.74945783e-01	-1.02952973e-03	2.64583848e-01	2.97246272e-03	1.17925874e-02
5299            	-1.74962136e-01	-9.06015678e-04	2.63842042e-01	2.98771433e-03	1.18546767e-02
5300            	-1.74996605e-01	-8.81649968e-04	2.63733838e-01	3.02606536e-03	1.20161852e-02
5301            	-1.75041929e-01	-9.26310132e-04	2.64065196e-01	3.06985473e-03	1.21990690e-02
5302            	-1.75088044e-01	-1.01334030e-03	2.64659512e-01	3.10398237e-03	1.23378944e-02
5303            	-1.75127489e-01	-1.10532589e-03	2.65276480e-01	3.12691145e-03	1.24300135e-02
5304            	-1.75158280e-01	-1.16296200e-03	2.65669422e-01	3.13627173e-03	1.24704519e-02
5305            	-1.75181210e-01	-1.18910535e-03	2.65859106e-01	3.12902834e-03	1.24462342e-02
5306            	-1.75194650e-01	-1.20163234e-03	2.65959160e-01	3.10220988e-03	1.23435038e-02
5307            	-1.75195283e-01	-1.23398552e-03	2.66173264e-01	3.05679564e-03	1.21666709e-02
5308            	-1.75183076e-01	-1.30788306e-03	2.66632825e-01	2.99892332e-03	1.19400446e-02
5309            	-1.75157118e-01	-1.41310650e-03	2.67266666e-01	2.94494653e-03	1.17298198e-02
5310            	-1.75122615e-01	-1.53274927e-03	2.67967040e-01	2.90312943e-03	1.15653753e-02
5311            	-1.75085074e-01	-1.63210096e-03	2.68523598e-01	2.87599857e-03	1.14553317e-02
5312            	-1.75046809e-01	-1.67890340e-03	2.68746023e-01	2.87183419e-03	1.14340763e-02
5313            	-1.75010171e-01	-1.65403769e-03	2.68528437e-01	2.89160091e-03	1.15074519e-02
5314            	-1.74978795e-01	-1.53610800e-03	2.67749907e-01	2.92352063e-03	1.16259275e-02
5315            	-1.74956875e-01	-1.35842424e-03	2.66622551e-01	2.95311094e-03	1.17315607e-02
5316            	-1.74944244e-01	-1.13811641e-03	2.65249188e-01	2.95925218e-03	1.17444688e-02
5317            	-1.74947032e-01	-9.72784317e-04	2.64234815e-01	2.96804013e-03	1.17747783e-02
5318            	-1.74969018e-01	-9.02352919e-04	2.63828469e-01	2.99432107e-03	1.18837969e-02
5319            	-1.75007643e-01	-8.96443094e-04	2.63838650e-01	3.03326580e-03	1.20473728e-02
5320            	-1.75053856e-01	-9.34733167e-04	2.64130241e-01	3.07060205e-03	1.22027159e-02
5321            	-1.75098649e-01	-1.02450548e-03	2.64739835e-01	3.10286434e-03	1.23321375e-02
5322            	-1.75136497e-01	-1.12370746e-03	2.65400332e-01	3.12676095e-03	1.24281977e-02
5323            	-1.75165994e-01	-1.18191533e-03	2.65795882e-01	3.13160971e-03	1.24519260e-02
5324            	-1.75187390e-01	-1.20587158e-03	2.65971907e-01	3.12014181e-03	1.24107587e-02
5325            	-1.75197215e-01	-1.20983455e-03	2.66016074e-01	3.08552592e-03	1.22771871e-02
5326            	-1.75193412e-01	-1.24540057e-03	2.66245238e-01	3.03457981e-03	1.20789961e-02
5327            	-1.75177242e-01	-1.33121528e-03	2.66774293e-01	2.97881858e-03	1.18619632e-02
5328            	-1.75147819e-01	-1.45522247e-03	2.67517835e-01	2.93141176e-03	1.16774705e-02
5329            	-1.75111760e-01	-1.57927524e-03	2.68239505e-01	2.89554426e-03	1.15354874e-02
5330            	-1.75073231e-01	-1.66605333e-03	2.68713679e-01	2.87764308e-03	1.14614656e-02
5331            	-1.75034592e-01	-1.69159777e-03	2.68802113e-01	2.88146031e-03	1.14710720e-02
5332            	-1.74998460e-01	-1.62984028e-03	2.68358250e-01	2.90303436e-03	1.15503095e-02
5333            	-1.74969871e-01	-1.47836834e-03	2.67379361e-01	2.93482866e-03	1.16682261e-02
5334            	-1.74950717e-01	-1.28383007e-03	2.66154661e-01	2.96093233e-03	1.17615821e-02
5335            	-1.74942356e-01	-1.09527234e-03	2.64984681e-01	2.96986855e-03	1.17877373e-02
5336            	-1.74950015e-01	-9.57884663e-04	2.64147553e-01	2.98587837e-03	1.18479388e-02
5337            	-1.74977990e-01	-8.97702623e-04	2.63810353e-01	3.01260374e-03	1.19583798e-02
5338            	-1.75021476e-01	-9.00054199e-04	2.63877694e-01	3.04666734e-03	1.21021760e-02
5339            	-1.75069530e-01	-9.63640211e-04	2.64329546e-01	3.08225323e-03	1.22496496e-02
5340            	-1.75113000e-01	-1.06046362e-03	2.64982068e-01	3.11249006e-03	1.23721730e-02
5341            	-1.75148313e-01	-1.14875052e-03	2.65571204e-01	3.13318638e-03	1.24570472e-02
5342            	-1.75175572e-01	-1.19420546e-03	2.65884909e-01	3.13037812e-03	1.24484589e-02
5343            	-1.75194394e-01	-1.21230184e-03	2.66022684e-01	3.10788294e-03	1.23619038e-02
5344            	-1.75200191e-01	-1.21993316e-03	2.66087466e-01	3.06619183e-03	1.21994702e-02
5345            	-1.75191878e-01	-1.26786693e-03	2.66389273e-01	3.01172908e-03	1.19884013e-02
5346            	-1.75169903e-01	-1.36711541e-03	2.66993233e-01	2.95660584e-03	1.17741466e-02
5347            	-1.75136859e-01	-1.49880776e-03	2.67775939e-01	2.91211469e-03	1.15996730e-02
5348            	-1.75098977e-01	-1.61522596e-03	2.68442579e-01	2.88013982e-03	1.14709086e-02
5349            	-1.75059930e-01	-1.68229661e-03	2.68790503e-01	2.86635696e-03	1.14118085e-02
5350            	-1.75021410e-01	-1.67673906e-03	2.68687725e-01	2.87759540e-03	1.14517077e-02
5351            	-1.74986209e-01	-1.57649279e-03	2.68009781e-01	2.90741960e-03	1.15648019e-02
5352            	-1.74960502e-01	-1.41908924e-03	2.67001122e-01	2.94270360e-03	1.16960111e-02
5353            	-1.74943951e-01	-1.22218741e-03	2.65767039e-01	2.96452703e-03	1.17708773e-02
5354            	-1.74941851e-01	-1.04604109e-03	2.64680212e-01	2.97269491e-03	1.17943596e-02
5355            	-1.74957325e-01	-9.12515986e-04	2.63875539e-01	2.98662135e-03	1.18499654e-02
5356            	-1.74991761e-01	-8.79755600e-04	2.63715862e-01	3.02369896e-03	1.20055687e-02
5357            	-1.75038102e-01	-9.23040290e-04	2.64040584e-01	3.06876905e-03	1.21939139e-02
5358            	-1.75085703e-01	-1.00915149e-03	2.64631624e-01	3.10430023e-03	1.23392817e-02
5359            	-1.75126741e-01	-1.10251849e-03	2.65259535e-01	3.12847399e-03	1.24367339e-02
5360            	-1.75159005e-01	-1.16392046e-03	2.65677794e-01	3.13946314e-03	1.24832252e-02
5361            	-1.75183206e-01	-1.19168719e-03	2.65878637e-01	3.13251923e-03	1.24597936e-02
5362            	-1.75197778e-01	-1.20580466e-03	2.65989415e-01	3.10629010e-03	1.23590854e-02
5363            	-1.75199177e-01	-1.23517296e-03	2.66185644e-01	3.06203650e-03	1.21867214e-02
5364            	-1.75186903e-01	-1.30390306e-03	2.66612679e-01	3.00475552e-03	1.19626754e-02
5365            	-1.75160384e-01	-1.40650438e-03	2.67229669e-01	2.95055952e-03	1.17516262e-02
5366            	-1.75124739e-01	-1.52496981e-03	2.67921690e-01	2.90728399e-03	1.15819247e-02
5367            	-1.75086166e-01	-1.62557224e-03	2.68484977e-01	2.87777222e-03	1.14626567e-02
5368            	-1.75047140e-01	-1.67748073e-03	2.68738006e-01	2.87185618e-03	1.14344838e-02
5369            	-1.75010001e-01	-1.65280830e-03	2.68520842e-01	2.88938637e-03	1.14996096e-02
5370            	-1.74978184e-01	-1.54063282e-03	2.67776876e-01	2.92010352e-03	1.16137209e-02
5371            	-1.74956318e-01	-1.37378924e-03	2.66715926e-01	2.95151994e-03	1.17258323e-02
5372            	-1.74943691e-01	-1.15316111e-03	2.65340352e-01	2.95785227e-03	1.17384944e-02
5373            	-1.74946820e-01	-9.78485390e-04	2.64269198e-01	2.96178833e-03	1.17485781e-02
5374            	-1.74968802e-01	-8.98171148e-04	2.63802687e-01	2.98396508e-03	1.18408183e-02
5375            	-1.75007348e-01	-8.91426039e-04	2.63808328e-01	3.02375266e-03	1.20081866e-02
5376            	-1.75053860e-01	-9.30224614e-04	2.64103528e-01	3.06451575e-03	1.21778220e-02
5377            	-1.75099203e-01	-1.01952632e-03	2.64710432e-01	3.09832402e-03	1.23135639e-02
5378            	-1.75137352e-01	-1.11744833e-03	2.65362953e-01	3.12201652e-03	1.24085528e-02
5379            	-1.75166542e-01	-1.17397812e-03	2.65747440e-01	3.12699327e-03	1.24328170e-02
5380            	-1.75187226e-01	-1.19786666e-03	2.65921829e-01	3.11632711e-03	1.23948158e-02
5381            	-1.75196616e-01	-1.20418443e-03	2.65979425e-01	3.08380064e-03	1.22694765e-02
5382            	-1.75192470e-01	-1.23993622e-03	2.66208867e-01	3.03544116e-03	1.20811328e-02
5383            	-1.75176441e-01	-1.32424130e-03	2.66728313e-01	2.98069509e-03	1.18678527e-02
5384            	-1.75147267e-01	-1.44229536e-03	2.67435440e-01	2.93255746e-03	1.16810407e-02
5385            	-1.75111217e-01	-1.56213072e-03	2.68131904e-01	2.89639694e-03	1.15390914e-02
5386            	-1.75072797e-01	-1.65318453e-03	2.68633882e-01	2.87950551e-03	1.14701378e-02
5387            	-1.75034728e-01	-1.68657051e-03	2.68772553e-01	2.88386179e-03	1.14827569e-02
5388            	-1.74999507e-01	-1.64165415e-03	2.68433751e-01	2.90870054e-03	1.15751982e-02
5389            	-1.74971470e-01	-1.49732715e-03	2.67498964e-01	2.94231028e-03	1.17004868e-02
5390            	-1.74953180e-01	-1.30659580e-03	2.66298450e-01	2.96911636e-03	1.17962802e-02
5391            	-1.74944989e-01	-1.10814872e-03	2.65067916e-01	2.97600887e-03	1.18137951e-02
5392            	-1.74952091e-01	-9.67329276e-04	2.64210025e-01	2.99040191e-03	1.18671347e-02
5393            	-1.74978852e-01	-9.04499571e-04	2.63855368e-01	3.01609145e-03	1.19732669e-02
5394            	-1.75020908e-01	-8.99844143e-04	2.63876981e-01	3.04972142e-03	1.21150947e-02
5395            	-1.75067859e-01	-9.54009102e-04	2.64268208e-01	3.08440396e-03	1.22589816e-02
5396            	-1.75110703e-01	-1.04964290e-03	2.64911997e-01	3.11536501e-03	1.23841559e-02
5397            	-1.75145656e-01	-1.14340306e-03	2.65534610e-01	3.13692550e-03	1.24721650e-02
5398            	-1.75172369e-01	-1.19390102e-03	2.65878682e-01	3.13481936e-03	1.24664512e-02
5399            	-1.75191020e-01	-1.21266800e-03	2.66019508e-01	3.11312089e-03	1.23833318e-02
5400            	-1.75197232e-01	-1.21545888e-03	2.66053706e-01	3.07102083e-03	1.22192136e-02
5401            	-1.75190112e-01	-1.25710714e-03	2.66317573e-01	3.01568967e-03	1.20041597e-02
5402            	-1.75170000e-01	-1.35530209e-03	2.66917750e-01	2.95757381e-03	1.17770133e-02
5403            	-1.75138557e-01	-1.48895222e-03	2.67716156e-01	2.90885047e-03	1.15853988e-02
5404            	-1.75102030e-01	-1.60716434e-03	2.68397619e-01	2.87383649e-03	1.14450008e-02
5405            	-1.75064078e-01	-1.68306861e-03	2.68802835e-01	2.85867313e-03	1.13804101e-02
5406            	-1.75026294e-01	-1.68553057e-03	2.68750330e-01	2.86843753e-03	1.14139743e-02
5407            	-1.74991567e-01	-1.59209401e-03	2.68114492e-01	2.89618363e-03	1.15185098e-02
5408            	-1.74965613e-01	-1.43456966e-03	2.67104140e-01	2.93120358e-03	1.16491618e-02
5409            	-1.74948359e-01	-1.23941647e-03	2.65879887e-01	2.95442628e-03	1.17300382e-02
5410            	-1.74944236e-01	-1.06465457e-03	2.64799496e-01	2.96355366e-03	1.17570928e-02
5411            	-1.74956793e-01	-9.25979637e-04	2.63959017e-01	2.97789103e-03	1.18130838e-02
5412            	-1.74988590e-01	-8.82144830e-04	2.63726858e-01	3.01295670e-03	1.19597834e-02
5413            	-1.75033231e-01	-9.17524988e-04	2.64000006e-01	3.05659325e-03	1.21426482e-02
5414            	-1.75080015e-01	-9.99181050e-04	2.64562147e-01	3.09275786e-03	1.22915727e-02
5415            	-1.75120823e-01	-1.09195126e-03	2.65186025e-01	3.11986749e-03	1.24015575e-02
5416            	-1.75153222e-01	-1.15769179e-03	2.65631384e-01	3.13661276e-03	1.24713644e-02
5417            	-1.75178073e-01	-1.18861290e-03	2.65852243e-01	3.13519898e-03	1.24703963e-02
5418            	-1.75194009e-01	-1.20542635e-03	2.65980892e-01	3.11411452e-03	1.23907173e-02
5419            	-1.75197369e-01	-1.23160578e-03	2.66159778e-01	3.07445793e-03	1.22370832e-02
5420            	-1.75186988e-01	-1.29873944e-03	2.66579391e-01	3.02063597e-03	1.20271376e-02
5421            	-1.75162545e-01	-1.39733629e-03	2.67175005e-01	2.96720944e-03	1.18200874e-02
5422            	-1.75128351e-01	-1.51636636e-03	2.67873708e-01	2.92358095e-03	1.16495511e-02
5423            	-1.75090572e-01	-1.62085770e-03	2.68463220e-01	2.89300256e-03	1.15259356e-02
5424            	-1.75051885e-01	-1.67948505e-03	2.68758651e-01	2.88493968e-03	1.14888680e-02
5425            	-1.75014653e-01	-1.66353152e-03	2.68594809e-01	2.90113156e-03	1.15481590e-02
5426            	-1.74981893e-01	-1.55595485e-03	2.67877132e-01	2.92962110e-03	1.16536270e-02
5427            	-1.74958334e-01	-1.38795412e-03	2.66806431e-01	2.95824826e-03	1.17554022e-02
5428            	-1.74943339e-01	-1.16707972e-03	2.65425561e-01	2.96635987e-03	1.17748131e-02
5429            	-1.74943904e-01	-9.87267990e-04	2.64318632e-01	2.96968811e-03	1.17814632e-02
5430            	-1.74963355e-01	-8.95057353e-04	2.63774916e-01	2.98862525e-03	1.18599401e-02
5431            	-1.75000331e-01	-8.85928432e-04	2.63763839e-01	3.02617081e-03	1.20179945e-02
5432            	-1.75046697e-01	-9.26015779e-04	2.64067250e-01	3.06399230e-03	1.21754490e-02
5433            	-1.75092897e-01	-1.01245735e-03	2.64657681e-01	3.09268967e-03	1.22902440e-02
5434            	-1.75132479e-01	-1.10649610e-03	2.65288097e-01	3.11170155e-03	1.23658085e-02
5435            	-1.75163243e-01	-1.16241938e-03	2.65670964e-01	3.11581528e-03	1.23861282e-02
5436            	-1.75185671e-01	-1.18838260e-03	2.65860407e-01	3.10525403e-03	1.23484322e-02
5437            	-1.75197369e-01	-1.19964352e-03	2.65951638e-01	3.07414690e-03	1.22283235e-02
5438            	-1.75195361e-01	-1.23622707e-03	2.66189127e-01	3.02728347e-03	1.20456135e-02
5439            	-1.75180895e-01	-1.31867489e-03	2.66699068e-01	2.97249906e-03	1.18320020e-02
5440            	-1.75152619e-01	-1.42931750e-03	2.67361881e-01	2.92355198e-03	1.16426516e-02
5441            	-1.75116482e-01	-1.55025453e-03	2.68065852e-01	2.88734697e-03	1.15005929e-02
5442            	-1.75077175e-01	-1.64569973e-03	2.68594666e-01	2.86869990e-03	1.14245853e-02
5443            	-1.75037968e-01	-1.68413755e-03	2.68763422e-01	2.87141195e-03	1.14309782e-02
5444            	-1.75001333e-01	-1.64760829e-03	2.68474554e-01	2.89350604e-03	1.15129515e-02
5445            	-1.74971068e-01	-1.51103583e-03	2.67583407e-01	2.92793287e-03	1.16416127e-02
5446            	-1.74950822e-01	-1.32357636e-03	2.66399095e-01	2.95823821e-03	1.17512589e-02
5447            	-1.74940742e-01	-1.11659921e-03	2.65112706e-01	2.96842760e-03	1.17823223e-02
5448            	-1.74946432e-01	-9.71795454e-04	2.64229314e-01	2.98587776e-03	1.18485427e-02
5449            	-1.74972168e-01	-9.09525055e-04	2.63877817e-01	3.01563496e-03	1.19719078e-02
5450            	-1.75014113e-01	-9.03299579e-04	2.63890040e-01	3.05362990e-03	1.21316644e-02
5451            	-1.75061878e-01	-9.49957605e-04	2.64235671e-01	3.09182819e-03	1.22902197e-02
5452            	-1.75106034e-01	-1.04274452e-03	2.64863365e-01	3.12647524e-03	1.24306008e-02
5453            	-1.75142487e-01	-1.14062877e-03	2.65513842e-01	3.15159446e-03	1.25329576e-02
5454            	-1.75170469e-01	-1.19540576e-03	2.65886199e-01	3.15270653e-03	1.25406828e-02
5455            	-1.75190341e-01	-1.21560547e-03	2.66037120e-01	3.13378173e-03	1.24689841e-02
5456            	-1.75197705e-01	-1.21637781e-03	2.66059427e-01	3.09285463e-03	1.23096413e-02
5457            	-1.75191220e-01	-1.25334336e-03	2.66294333e-01	3.03752876e-03	1.20944088e-02
5458            	-1.75171590e-01	-1.34709477e-03	2.66867436e-01	2.97849368e-03	1.18635786e-02
5459            	-1.75139848e-01	-1.47669874e-03	2.67641300e-01	2.92844581e-03	1.16672819e-02
5460            	-1.75102589e-01	-1.60060729e-03	2.68358003e-01	2.89170430e-03	1.15196221e-02
5461            	-1.75063768e-01	-1.68143882e-03	2.68793177e-01	2.87286935e-03	1.14399091e-02
5462            	-1.75025490e-01	-1.69015233e-03	2.68778234e-01	2.87758108e-03	1.14526914e-02
5463            	-1.74990434e-01	-1.60275928e-03	2.68178642e-01	2.89936402e-03	1.15329272e-02
5464            	-1.74964162e-01	-1.44408629e-03	2.67160068e-01	2.92937436e-03	1.16431716e-02
5465            	-1.74947052e-01	-1.24957820e-03	2.65939779e-01	2.94916407e-03	1.17098089e-02
5466            	-1.74942742e-01	-1.07531824e-03	2.64863218e-01	2.95454478e-03	1.17206385e-02
5467            	-1.74954993e-01	-9.37111721e-04	2.64026020e-01	2.96584424e-03	1.17625093e-02
5468            	-1.74986793e-01	-8.85531255e-04	2.63746417e-01	2.99499566e-03	1.18842100e-02
5469            	-1.75031968e-01	-9.11551573e-04	2.63962466e-01	3.03413830e-03	1.20490632e-02
5470            	-1.75079611e-01	-9.88382604e-04	2.64495737e-01	3.07026817e-03	1.21983630e-02
5471            	-1.75121182e-01	-1.08114957e-03	2.65120435e-01	3.09926256e-03	1.23161788e-02
5472            	-1.75153964e-01	-1.15149170e-03	2.65594514e-01	3.11882460e-03	1.23972077e-02
5473            	-1.75178811e-01	-1.18545704e-03	2.65833743e-01	3.11878045e-03	1.24013580e-02
5474            	-1.75194868e-01	-1.20389105e-03	2.65971609e-01	3.09853512e-03	1.23247095e-02
5475            	-1.75198267e-01	-1.22471737e-03	2.66116553e-01	3.05950243e-03	1.21734204e-02
5476            	-1.75187745e-01	-1.28337222e-03	2.66482706e-01	3.00678287e-03	1.19690907e-02
5477            	-1.75163247e-01	-1.38302906e-03	2.67084936e-01	2.95551960e-03	1.17704984e-02
5478            	-1.75128942e-01	-1.50644081e-03	2.67811914e-01	2.91464009e-03	1.16110071e-02
5479            	-1.75091148e-01	-1.61541862e-03	2.68430552e-01	2.88725445e-03	1.15008815e-02
5480            	-1.75052567e-01	-1.67696058e-03	2.68744508e-01	2.88155437e-03	1.14745384e-02
5481            	-1.75015517e-01	-1.66191005e-03	2.68586785e-01	2.89943733e-03	1.15421869e-02
5482            	-1.74982749e-01	-1.56063324e-03	2.67907159e-01	2.93552121e-03	1.16797147e-02
5483            	-1.74959244e-01	-1.40398061e-03	2.66906766e-01	2.97245543e-03	1.18159760e-02
5484            	-1.74944546e-01	-1.19186317e-03	2.65580993e-01	2.98695771e-03	1.18608550e-02
5485            	-1.74944986e-01	-1.00840211e-03	2.64451862e-01	2.99038093e-03	1.18670409e-02
5486            	-1.74963712e-01	-8.99444557e-04	2.63803661e-01	3.00616207e-03	1.19323644e-02
5487            	-1.74999726e-01	-8.85232420e-04	2.63759972e-01	3.04449780e-03	1.20938256e-02
5488            	-1.75045422e-01	-9.28362392e-04	2.64081438e-01	3.08495664e-03	1.22623066e-02
5489            	-1.75091020e-01	-1.01266583e-03	2.64657493e-01	3.11425154e-03	1.23800487e-02
5490            	-1.75129961e-01	-1.10188652e-03	2.65256643e-01	3.13186933e-03	1.24499668e-02
5491            	-1.75160095e-01	-1.15578307e-03	2.65625700e-01	3.13590242e-03	1.24696171e-02
5492            	-1.75182364e-01	-1.18198741e-03	2.65815744e-01	3.12495764e-03	1.24304268e-02
5493            	-1.75194732e-01	-1.19618354e-03	2.65925436e-01	3.09419055e-03	1.23113770e-02
5494            	-1.75193946e-01	-1.23205958e-03	2.66159807e-01	3.04487132e-03	1.21181578e-02
5495            	-1.75180690e-01	-1.31075019e-03	2.66648006e-01	2.98413192e-03	1.18793725e-02
5496            	-1.75153688e-01	-1.41750819e-03	2.67289203e-01	2.92759229e-03	1.16585677e-02
5497            	-1.75118614e-01	-1.53981182e-03	2.68004362e-01	2.88434176e-03	1.14874932e-02
5498            	-1.75080432e-01	-1.63931485e-03	2.68560580e-01	2.85828112e-03	1.13810432e-02
5499            	-1.75042134e-01	-1.68179468e-03	2.68756102e-01	2.85489120e-03	1.13625631e-02
5500            	-1.75006021e-01	-1.64939385e-03	2.68493641e-01	2.87230391e-03	1.14259886e-02
5501            	-1.74975555e-01	-1.52072474e-03	2.67650540e-01	2.90461073e-03	1.15457452e-02
5502            	-1.74954712e-01	-1.34224773e-03	2.66519949e-01	2.93605084e-03	1.16585535e-02
5503            	-1.74943411e-01	-1.13083511e-03	2.65204064e-01	2.94426001e-03	1.16806856e-02
5504            	-1.74947340e-01	-9.76105198e-04	2.64257444e-01	2.95656757e-03	1.17260461e-02
5505            	-1.74970806e-01	-9.08046784e-04	2.63867707e-01	2.98484461e-03	1.18438438e-02
5506            	-1.75010801e-01	-9.00008626e-04	2.63866014e-01	3.02539457e-03	1.20143163e-02
5507            	-1.75057491e-01	-9.41420810e-04	2.64176990e-01	3.06652264e-03	1.21853221e-02
5508            	-1.75101441e-01	-1.03194438e-03	2.64789746e-01	3.10362620e-03	1.23356390e-02
5509            	-1.75138004e-01	-1.13222400e-03	2.65455211e-01	3.13173119e-03	1.24498197e-02
5510            	-1.75166288e-01	-1.18990097e-03	2.65845947e-01	3.13849282e-03	1.24813782e-02
5511            	-1.75186737e-01	-1.21136867e-03	2.66005343e-01	3.12794927e-03	1.24444855e-02
5512            	-1.75195293e-01	-1.21210015e-03	2.66028218e-01	3.09531023e-03	1.23194778e-02
5513            	-1.75190230e-01	-1.24680046e-03	2.66250397e-01	3.04673446e-03	1.21319148e-02
5514            	-1.75172589e-01	-1.33486569e-03	2.66791193e-01	2.99361156e-03	1.19261358e-02
5515            	-1.75142210e-01	-1.46561610e-03	2.67574756e-01	2.94852565e-03	1.17503960e-02
5516            	-1.75106006e-01	-1.59112177e-03	2.68304478e-01	2.91481571e-03	1.16161482e-02
5517            	-1.75067807e-01	-1.67502305e-03	2.68760697e-01	2.89827095e-03	1.15468978e-02
5518            	-1.75029654e-01	-1.69106072e-03	2.68791343e-01	2.90197317e-03	1.15560954e-02
5519            	-1.74994136e-01	-1.61847060e-03	2.68281561e-01	2.92429663e-03	1.16381331e-02
5520            	-1.74966711e-01	-1.46448369e-03	2.67289243e-01	2.95436171e-03	1.17484604e-02
5521            	-1.74948494e-01	-1.27082110e-03	2.66071923e-01	2.97493612e-03	1.18185212e-02
5522            	-1.74941928e-01	-1.08859191e-03	2.64943401e-01	2.97878530e-03	1.18230768e-02
5523            	-1.74951418e-01	-9.46709032e-04	2.64080190e-01	2.98932176e-03	1.18609986e-02
5524            	-1.74980925e-01	-8.86539694e-04	2.63744475e-01	3.01432189e-03	1.19649498e-02
5525            	-1.75024949e-01	-8.99116744e-04	2.63875576e-01	3.04800963e-03	1.21075304e-02
5526            	-1.75072789e-01	-9.69700707e-04	2.64370224e-01	3.08046980e-03	1.22418325e-02
5527            	-1.75115574e-01	-1.06472487e-03	2.65010570e-01	3.10565171e-03	1.23434020e-02
5528            	-1.75150184e-01	-1.14302162e-03	2.65536524e-01	3.12072051e-03	1.24051654e-02
5529            	-1.75176988e-01	-1.18261724e-03	2.65813469e-01	3.11387308e-03	1.23801418e-02
5530            	-1.75195296e-01	-1.20189117e-03	2.65958929e-01	3.08791371e-03	1.22792066e-02
5531            	-1.75200791e-01	-1.21786535e-03	2.66076073e-01	3.04417252e-03	1.21081361e-02
5532            	-1.75191840e-01	-1.27270901e-03	2.66420313e-01	2.98839845e-03	1.18913249e-02
5533            	-1.75168609e-01	-1.37430493e-03	2.67036540e-01	2.93347727e-03	1.16773824e-02
5534            	-1.75134861e-01	-1.49925786e-03	2.67775459e-01	2.88950841e-03	1.15055509e-02
5535            	-1.75096657e-01	-1.61284054e-03	2.68423227e-01	2.86030422e-03	1.13880087e-02
5536            	-1.75057130e-01	-1.67857200e-03	2.68761977e-01	2.85171945e-03	1.13497760e-02
5537            	-1.75018368e-01	-1.66951000e-03	2.68638012e-01	2.86756562e-03	1.14083827e-02
5538            	-1.74983571e-01	-1.56512938e-03	2.67935835e-01	2.90109270e-03	1.15363502e-02
5539            	-1.74958121e-01	-1.40969829e-03	2.66940581e-01	2.93821368e-03	1.16744003e-02
5540            	-1.74941774e-01	-1.20820550e-03	2.65678430e-01	2.95926892e-03	1.17461628e-02
5541            	-1.74940391e-01	-1.03002884e-03	2.64579402e-01	2.96981403e-03	1.17807433e-02
5542            	-1.74957357e-01	-9.08342675e-04	2.63849733e-01	2.99014197e-03	1.18643563e-02
5543            	-1.74992632e-01	-8.85090326e-04	2.63749601e-01	3.03350857e-03	1.20469676e-02
5544            	-1.75039096e-01	-9.29661881e-04	2.64082142e-01	3.08153038e-03	1.22474964e-02
5545            	-1.75086340e-01	-1.01587455e-03	2.64673081e-01	3.11923061e-03	1.24011662e-02
5546            	-1.75126882e-01	-1.10665365e-03	2.65284162e-01	3.14542811e-03	1.25070421e-02
5547            	-1.75158432e-01	-1.16317738e-03	2.65671286e-01	3.15759002e-03	1.25595447e-02
5548            	-1.75181877e-01	-1.18871317e-03	2.65857967e-01	3.15218083e-03	1.25431579e-02
5549            	-1.75195390e-01	-1.20108471e-03	2.65957147e-01	3.12602022e-03	1.24433008e-02
5550            	-1.75195632e-01	-1.23321175e-03	2.66169201e-01	3.08006258e-03	1.22642157e-02
5551            	-1.75182717e-01	-1.30716090e-03	2.66627953e-01	3.02069203e-03	1.20312552e-02
5552            	-1.75155757e-01	-1.41134237e-03	2.67253572e-01	2.96457463e-03	1.18121046e-02
5553            	-1.75120096e-01	-1.53140102e-03	2.67954692e-01	2.92001493e-03	1.16360044e-02
5554            	-1.75081381e-01	-1.63123224e-03	2.68512470e-01	2.89005883e-03	1.15139818e-02
5555            	-1.75042295e-01	-1.67817330e-03	2.68734612e-01	2.88224959e-03	1.14775007e-02
5556            	-1.75005319e-01	-1.65110578e-03	2.68503320e-01	2.89623585e-03	1.15271311e-02
5557            	-1.74973976e-01	-1.53563323e-03	2.67739777e-01	2.92487038e-03	1.16310372e-02
5558            	-1.74952892e-01	-1.35880607e-03	2.66618848e-01	2.94995746e-03	1.17174382e-02
5559            	-1.74941353e-01	-1.13729920e-03	2.65239975e-01	2.95003093e-03	1.17051831e-02
5560            	-1.74945541e-01	-9.69893110e-04	2.64215162e-01	2.95301375e-03	1.17116025e-02
5561            	-1.74968998e-01	-8.98967067e-04	2.63808106e-01	2.97503793e-03	1.18030939e-02
5562            	-1.75009113e-01	-8.92990430e-04	2.63819926e-01	3.01110234e-03	1.19546893e-02
5563            	-1.75056314e-01	-9.31742336e-04	2.64115486e-01	3.04717682e-03	1.21047660e-02
5564            	-1.75101519e-01	-1.02079804e-03	2.64720918e-01	3.07869307e-03	1.22312402e-02
5565            	-1.75139171e-01	-1.11867495e-03	2.65372739e-01	3.10194857e-03	1.23248585e-02
5566            	-1.75168035e-01	-1.17498952e-03	2.65755356e-01	3.10687529e-03	1.23490856e-02
5567            	-1.75188609e-01	-1.19856638e-03	2.65927570e-01	3.09664905e-03	1.23132454e-02
5568            	-1.75197425e-01	-1.20189683e-03	2.65966063e-01	3.06463337e-03	1.21904373e-02
5569            	-1.75192436e-01	-1.23698502e-03	2.66190293e-01	3.01670839e-03	1.20046734e-02
5570            	-1.75175033e-01	-1.32246217e-03	2.66715335e-01	2.96415851e-03	1.18008334e-02
5571            	-1.75144704e-01	-1.44651017e-03	2.67457922e-01	2.92019567e-03	1.16307596e-02
5572            	-1.75108106e-01	-1.57453015e-03	2.68203393e-01	2.88904100e-03	1.15078118e-02
5573            	-1.75069382e-01	-1.66227995e-03	2.68683724e-01	2.87584664e-03	1.14532278e-02
5574            	-1.75030900e-01	-1.68565774e-03	2.68759720e-01	2.88442660e-03	1.14829148e-02
5575            	-1.74995294e-01	-1.62451045e-03	2.68321007e-01	2.91208582e-03	1.15877298e-02
5576            	-1.74967654e-01	-1.47843416e-03	2.67377238e-01	2.95031184e-03	1.17323475e-02
5577            	-1.74949545e-01	-1.28956907e-03	2.66189442e-01	2.98166263e-03	1.18472849e-02
5578            	-1.74942438e-01	-1.10420223e-03	2.65041146e-01	2.99428115e-03	1.18885374e-02
5579            	-1.74950996e-01	-9.66112504e-04	2.64200985e-01	3.01247393e-03	1.19578666e-02
5580            	-1.74979513e-01	-9.03648311e-04	2.63850298e-01	3.04059974e-03	1.20743100e-02
5581            	-1.75022765e-01	-9.03997421e-04	2.63904736e-01	3.07505700e-03	1.22199592e-02
5582            	-1.75070050e-01	-9.65422598e-04	2.64341748e-01	3.10991238e-03	1.23646952e-02
5583            	-1.75112251e-01	-1.05969618e-03	2.64976159e-01	3.13904449e-03	1.24829889e-02
5584            	-1.75146385e-01	-1.14423157e-03	2.65539841e-01	3.15801604e-03	1.25610497e-02
5585            	-1.75172737e-01	-1.18738344e-03	2.65837716e-01	3.15263632e-03	1.25419370e-02
5586            	-1.75190985e-01	-1.20472868e-03	2.65969896e-01	3.12637523e-03	1.24396467e-02
5587            	-1.75196714e-01	-1.21372392e-03	2.66043090e-01	3.07996664e-03	1.22573633e-02
5588            	-1.75188714e-01	-1.26226365e-03	2.66349082e-01	3.01975596e-03	1.20222187e-02
5589            	-1.75167262e-01	-1.36324923e-03	2.66964469e-01	2.95815224e-03	1.17804466e-02
5590            	-1.75134984e-01	-1.49155209e-03	2.67727501e-01	2.90622065e-03	1.15754328e-02
5591            	-1.75097937e-01	-1.60899151e-03	2.68402002e-01	2.86777356e-03	1.14195739e-02
5592            	-1.75059710e-01	-1.67884902e-03	2.68768606e-01	2.84906412e-03	1.13394315e-02
5593            	-1.75021938e-01	-1.67539275e-03	2.68680389e-01	2.85618935e-03	1.13615901e-02
5594            	-1.74987476e-01	-1.57581586e-03	2.68008081e-01	2.88248491e-03	1.14595240e-02
5595            	-1.74962008e-01	-1.41972427e-03	2.67008401e-01	2.91436434e-03	1.15762171e-02
5596            	-1.74945341e-01	-1.22149874e-03	2.65766101e-01	2.93319649e-03	1.16387026e-02
5597            	-1.74942582e-01	-1.04492238e-03	2.64675460e-01	2.94015617e-03	1.16574246e-02
5598            	-1.74957377e-01	-9.13261920e-04	2.63881123e-01	2.95454314e-03	1.17152630e-02
5599            	-1.74990734e-01	-8.81706665e-04	2.63727104e-01	2.99299259e-03	1.18769404e-02
5600            	-1.75036155e-01	-9.22757444e-04	2.64036315e-01	3.04001483e-03	1.20736808e-02
5601            	-1.75082993e-01	-1.00606775e-03	2.64608546e-01	3.07877615e-03	1.22327435e-02
5602            	-1.75123453e-01	-1.09698712e-03	2.65220122e-01	3.10742109e-03	1.23491980e-02
5603            	-1.75155282e-01	-1.15635142e-03	2.65624954e-01	3.12443410e-03	1.24211521e-02
5604            	-1.75179423e-01	-1.18350680e-03	2.65821846e-01	3.12482785e-03	1.24285288e-02
5605            	-1.75194291e-01	-1.19749678e-03	2.65932243e-01	3.10622795e-03	1.23596322e-02
5606            	-1.75196348e-01	-1.22739090e-03	2.66132631e-01	3.06900572e-03	1.22164704e-02
5607            	-1.75185025e-01	-1.29703216e-03	2.66566733e-01	3.01799164e-03	1.20184273e-02
5608            	-1.75159399e-01	-1.40073765e-03	2.67191878e-01	2.96948202e-03	1.18309227e-02
5609            	-1.75124667e-01	-1.52084207e-03	2.67895573e-01	2.93075890e-03	1.16799407e-02
5610            	-1.75086708e-01	-1.62250097e-03	2.68466581e-01	2.90507140e-03	1.15765332e-02
5611            	-1.75047773e-01	-1.67604707e-03	2.68730330e-01	2.90173116e-03	1.15590081e-02
5612            	-1.75010348e-01	-1.65727866e-03	2.68549246e-01	2.92232366e-03	1.16363181e-02
5613            	-1.74977887e-01	-1.54792734e-03	2.67821776e-01	2.95431229e-03	1.17553484e-02
5614            	-1.74955377e-01	-1.37764993e-03	2.66738843e-01	2.98370960e-03	1.18597338e-02
5615            	-1.74941601e-01	-1.15374225e-03	2.65341187e-01	2.98886390e-03	1.18676583e-02
5616            	-1.74943685e-01	-9.77753174e-04	2.64259891e-01	2.99227934e-03	1.18753925e-02
5617            	-1.74964546e-01	-8.96069866e-04	2.63782857e-01	3.01229148e-03	1.19585409e-02
5618            	-1.75002556e-01	-8.86455656e-04	2.63769668e-01	3.04701451e-03	1.21048044e-02
5619            	-1.75048908e-01	-9.21622047e-04	2.64041956e-01	3.08044913e-03	1.22440585e-02
5620            	-1.75094662e-01	-1.00645561e-03	2.64621631e-01	3.10606797e-03	1.23460168e-02
5621            	-1.75133750e-01	-1.10172394e-03	2.65258985e-01	3.12192416e-03	1.24085723e-02
5622            	-1.75164474e-01	-1.15839910e-03	2.65646541e-01	3.12035103e-03	1.24055530e-02
5623            	-1.75187084e-01	-1.18511758e-03	2.65841313e-01	3.10419070e-03	1.23444246e-02
5624            	-1.75198451e-01	-1.19338041e-03	2.65913823e-01	3.06634511e-03	1.21966559e-02
5625            	-1.75195796e-01	-1.23066857e-03	2.66154984e-01	3.01232975e-03	1.19845385e-02
5626            	-1.75180264e-01	-1.31521294e-03	2.66676659e-01	2.95234756e-03	1.17494676e-02
5627            	-1.75150820e-01	-1.43323920e-03	2.67383530e-01	2.90016478e-03	1.15460089e-02
5628            	-1.75113908e-01	-1.55944106e-03	2.68118214e-01	2.86168968e-03	1.13936915e-02
5629            	-1.75074226e-01	-1.65248036e-03	2.68630823e-01	2.84257756e-03	1.13149954e-02
5630            	-1.75034507e-01	-1.68495377e-03	2.68761562e-01	2.84598238e-03	1.13230996e-02
5631            	-1.74997466e-01	-1.63163787e-03	2.68369040e-01	2.86825538e-03	1.14056977e-02
5632            	-1.74967606e-01	-1.49043881e-03	2.67451075e-01	2.90520729e-03	1.15444278e-02
5633            	-1.74947512e-01	-1.30390099e-03	2.66274057e-01	2.93729494e-03	1.16620161e-02
5634            	-1.74938273e-01	-1.11158710e-03	2.65080176e-01	2.95044221e-03	1.17055880e-02
5635            	-1.74945100e-01	-9.72161131e-04	2.64230661e-01	2.97123819e-03	1.17858968e-02
5636            	-1.74972482e-01	-9.08990790e-04	2.63874903e-01	3.00435953e-03	1.19233102e-02
5637            	-1.75015683e-01	-9.04579629e-04	2.63899787e-01	3.04702926e-03	1.21032437e-02
5638            	-1.75064071e-01	-9.59973743e-04	2.64300705e-01	3.09143695e-03	1.22880785e-02
5639            	-1.75108015e-01	-1.05465328e-03	2.64940054e-01	3.13077355e-03	1.24487986e-02
5640            	-1.75143912e-01	-1.14623201e-03	2.65550430e-01	3.15933883e-03	1.25664517e-02
5641            	-1.75171525e-01	-1.19549858e-03	2.65888220e-01	3.16313000e-03	1.25853939e-02
5642            	-1.75190828e-01	-1.21445067e-03	2.66031156e-01	3.14602616e-03	1.25213156e-02
5643            	-1.75197268e-01	-1.21704592e-03	2.66064403e-01	3.10716086e-03	1.23707193e-02
5644            	-1.75189690e-01	-1.25800655e-03	2.66323120e-01	3.05378673e-03	1.21640146e-02
5645            	-1.75168667e-01	-1.35565201e-03	2.66918246e-01	2.99677255e-03	1.19414516e-02
5646            	-1.75136046e-01	-1.48759401e-03	2.67704001e-01	2.94822737e-03	1.17504507e-02
5647            	-1.75098395e-01	-1.60454475e-03	2.68375890e-01	2.91176904e-03	1.16038028e-02
5648            	-1.75059327e-01	-1.67927732e-03	2.68772113e-01	2.89372444e-03	1.15270608e-02
5649            	-1.75020654e-01	-1.68074160e-03	2.68712577e-01	2.89834177e-03	1.15393174e-02
5650            	-1.74985381e-01	-1.59080145e-03	2.68097304e-01	2.92222420e-03	1.16269053e-02
5651            	-1.74959610e-01	-1.43374196e-03	2.67089866e-01	2.95082839e-03	1.17301483e-02
5652            	-1.74943229e-01	-1.23735133e-03	2.65859387e-01	2.96499198e-03	1.17729244e-02
5653            	-1.74940520e-01	-1.05772934e-03	2.64751048e-01	2.96348163e-03	1.17558403e-02
5654            	-1.74954857e-01	-9.15335310e-04	2.63890228e-01	2.96819152e-03	1.17721523e-02
5655            	-1.74988233e-01	-8.71643494e-04	2.63661143e-01	2.99699399e-03	1.18930264e-02
5656            	-1.75034252e-01	-9.07430434e-04	2.63938473e-01	3.03626446e-03	1.20577956e-02
5657            	-1.75082170e-01	-9.88754543e-04	2.64499802e-01	3.06829054e-03	1.21894385e-02
5658            	-1.75123892e-01	-1.08097456e-03	2.65121286e-01	3.09057251e-03	1.22792582e-02
5659            	-1.75156638e-01	-1.14540851e-03	2.65558895e-01	3.10231321e-03	1.23282887e-02
5660            	-1.75181335e-01	-1.17600009e-03	2.65777338e-01	3.09714494e-03	1.23117674e-02
5661            	-1.75196760e-01	-1.19250752e-03	2.65903204e-01	3.07350528e-03	1.22213752e-02
5662            	-1.75199214e-01	-1.21910388e-03	2.66083092e-01	3.03261391e-03	1.20624180e-02
5663            	-1.75187714e-01	-1.28505925e-03	2.66493742e-01	2.97844059e-03	1.18513547e-02
5664            	-1.75161792e-01	-1.38741709e-03	2.67110505e-01	2.92710115e-03	1.16521677e-02
5665            	-1.75126345e-01	-1.50915462e-03	2.67824276e-01	2.88728709e-03	1.14970312e-02
5666            	-1.75087729e-01	-1.61431126e-03	2.68416999e-01	2.86237540e-03	1.13971516e-02
5667            	-1.75048412e-01	-1.67217718e-03	2.68707353e-01	2.86175398e-03	1.13913367e-02
5668            	-1.75010789e-01	-1.65613656e-03	2.68543117e-01	2.88691450e-03	1.14881746e-02
5669            	-1.74978022e-01	-1.55351368e-03	2.67856816e-01	2.92597871e-03	1.16372959e-02
5670            	-1.74955119e-01	-1.39298021e-03	2.66833798e-01	2.96496488e-03	1.17817846e-02
5671            	-1.74941175e-01	-1.17582252e-03	2.65477944e-01	2.98097076e-03	1.18341967e-02
5672            	-1.74942947e-01	-9.98055288e-04	2.64385618e-01	2.99190972e-03	1.18729835e-02
5673            	-1.74963264e-01	-9.06928067e-04	2.63849850e-01	3.01755859e-03	1.19798928e-02
5674            	-1.75000650e-01	-8.95701296e-04	2.63826235e-01	3.06061405e-03	1.21612117e-02
5675            	-1.75046714e-01	-9.33023052e-04	2.64111730e-01	3.10294752e-03	1.23377010e-02
5676            	-1.75092067e-01	-1.01714764e-03	2.64686193e-01	3.13542082e-03	1.24685276e-02
5677            	-1.75130449e-01	-1.10936777e-03	2.65303281e-01	3.15684162e-03	1.25545796e-02
5678            	-1.75160113e-01	-1.16298742e-03	2.65670026e-01	3.16141460e-03	1.25773521e-02
5679            	-1.75181743e-01	-1.18738015e-03	2.65848468e-01	3.15013087e-03	1.25367139e-02
5680            	-1.75192929e-01	-1.19678387e-03	2.65927214e-01	3.11587285e-03	1.24036813e-02
5681            	-1.75190735e-01	-1.23228378e-03	2.66157510e-01	3.06341703e-03	1.21977743e-02
5682            	-1.75176341e-01	-1.31422772e-03	2.66664329e-01	3.00076789e-03	1.19514092e-02
5683            	-1.75148472e-01	-1.42554970e-03	2.67332011e-01	2.94277395e-03	1.17240384e-02
5684            	-1.75112950e-01	-1.54752161e-03	2.68043363e-01	2.89668732e-03	1.15402526e-02
5685            	-1.75075027e-01	-1.64167244e-03	2.68566160e-01	2.86464406e-03	1.14085081e-02
5686            	-1.75036968e-01	-1.67683393e-03	2.68715839e-01	2.85715384e-03	1.13726630e-02
5687            	-1.75001083e-01	-1.63207934e-03	2.68377407e-01	2.87165799e-03	1.14236440e-02
5688            	-1.74971585e-01	-1.50246701e-03	2.67531453e-01	2.90331039e-03	1.15390206e-02
5689            	-1.74951709e-01	-1.32186475e-03	2.66391297e-01	2.92938597e-03	1.16296274e-02
5690            	-1.74941781e-01	-1.11795344e-03	2.65124241e-01	2.93377451e-03	1.16362186e-02
5691            	-1.74947012e-01	-9.69075423e-04	2.64213993e-01	2.94539191e-03	1.16787828e-02
5692            	-1.74972358e-01	-9.00702480e-04	2.63823210e-01	2.97073108e-03	1.17844727e-02
5693            	-1.75013855e-01	-8.94178972e-04	2.63832507e-01	3.00755586e-03	1.19397666e-02
5694            	-1.75061239e-01	-9.47003603e-04	2.64216020e-01	3.04732926e-03	1.21046937e-02
5695            	-1.75104695e-01	-1.04360553e-03	2.64866584e-01	3.08388350e-03	1.22529267e-02
5696            	-1.75140302e-01	-1.14047100e-03	2.65509462e-01	3.11113310e-03	1.23642276e-02
5697            	-1.75167745e-01	-1.19185149e-03	2.65859771e-01	3.11604272e-03	1.23879659e-02
5698            	-1.75187628e-01	-1.20934149e-03	2.65993748e-01	3.10309201e-03	1.23414349e-02
5699            	-1.75195460e-01	-1.20991047e-03	2.66015537e-01	3.07065348e-03	1.22174809e-02
5700            	-1.75189591e-01	-1.24898308e-03	2.66264620e-01	3.02518886e-03	1.20431543e-02
5701            	-1.75170606e-01	-1.34298631e-03	2.66840426e-01	2.97695109e-03	1.18575442e-02
5702            	-1.75139964e-01	-1.47777957e-03	2.67648183e-01	2.93295954e-03	1.16860943e-02
5703            	-1.75103825e-01	-1.60182533e-03	2.68367351e-01	2.90108430e-03	1.15592611e-02
5704            	-1.75065357e-01	-1.67894978e-03	2.68779739e-01	2.89040181e-03	1.15144483e-02
5705            	-1.75026648e-01	-1.68754236e-03	2.68763802e-01	2.90652409e-03	1.15746889e-02
5706            	-1.74991115e-01	-1.60476998e-03	2.68192542e-01	2.93767573e-03	1.16932190e-02
5707            	-1.74964422e-01	-1.45066662e-03	2.67201578e-01	2.97249613e-03	1.18227617e-02
5708            	-1.74946700e-01	-1.25550446e-03	2.65975750e-01	2.99384592e-03	1.18958062e-02
5709            	-1.74941550e-01	-1.07556173e-03	2.64862106e-01	2.99949958e-03	1.19083208e-02
5710            	-1.74952836e-01	-9.33232827e-04	2.63997795e-01	3.01126597e-03	1.19526760e-02
5711            	-1.74983437e-01	-8.81570530e-04	2.63716079e-01	3.04156900e-03	1.20793176e-02
5712            	-1.75027459e-01	-9.07994400e-04	2.63932993e-01	3.07967463e-03	1.22396184e-02
5713            	-1.75074375e-01	-9.82805627e-04	2.64452340e-01	3.11101649e-03	1.23688181e-02
5714            	-1.75116200e-01	-1.07178913e-03	2.65053466e-01	3.13172347e-03	1.24521336e-02
5715            	-1.75149976e-01	-1.13827624e-03	2.65504974e-01	3.14047574e-03	1.24884173e-02
5716            	-1.75176479e-01	-1.17164884e-03	2.65743222e-01	3.12948176e-03	1.24469725e-02
5717            	-1.75194730e-01	-1.19698945e-03	2.65928629e-01	3.09637488e-03	1.23157914e-02
5718            	-1.75200007e-01	-1.22616567e-03	2.66129197e-01	3.04487123e-03	1.21119435e-02
5719            	-1.75190381e-01	-1.28830019e-03	2.66518373e-01	2.98190132e-03	1.18651393e-02
5720            	-1.75166027e-01	-1.38776518e-03	2.67118872e-01	2.92337272e-03	1.16367577e-02
5721            	-1.75131694e-01	-1.50397722e-03	2.67800482e-01	2.87608133e-03	1.14518681e-02
5722            	-1.75093237e-01	-1.61132132e-03	2.68407612e-01	2.84736845e-03	1.13358073e-02
5723            	-1.75053926e-01	-1.67623350e-03	2.68741658e-01	2.83971301e-03	1.12995980e-02
5724            	-1.75015854e-01	-1.66452947e-03	2.68603206e-01	2.85435944e-03	1.13518939e-02
5725            	-1.74981747e-01	-1.55848847e-03	2.67892802e-01	2.88352740e-03	1.14605622e-02
5726            	-1.74956568e-01	-1.39547498e-03	2.66850786e-01	2.91656380e-03	1.15811404e-02
5727            	-1.74940285e-01	-1.17907470e-03	2.65496169e-01	2.93089771e-03	1.16263579e-02
5728            	-1.74939952e-01	-1.00058972e-03	2.64396554e-01	2.94019425e-03	1.16575386e-02
5729            	-1.74958808e-01	-9.05718550e-04	2.63835772e-01	2.96549585e-03	1.17624258e-02
5730            	-1.74995565e-01	-8.96230654e-04	2.63822471e-01	3.01228223e-03	1.19591405e-02
5731            	-1.75042197e-01	-9.36507514e-04	2.64127687e-01	3.06159177e-03	1.21648256e-02
5732            	-1.75089011e-01	-1.01954086e-03	2.64697823e-01	3.10180417e-03	1.23283867e-02
5733            	-1.75129233e-01	-1.11951222e-03	2.65366712e-01	3.13369941e-03	1.24572734e-02
5734            	-1.75160430e-01	-1.18302505e-03	2.65798023e-01	3.14867075e-03	1.25219569e-02
5735            	-1.75183160e-01	-1.20867744e-03	2.65985563e-01	3.14439857e-03	1.25106420e-02
5736            	-1.75195377e-01	-1.21406568e-03	2.66039980e-01	3.11695546e-03	1.24064969e-02
5737            	-1.75193677e-01	-1.24062200e-03	2.66214177e-01	3.07587055e-03	1.22489487e-02
5738            	-1.75179691e-01	-1.31667319e-03	2.66684427e-01	3.02455284e-03	1.20499711e-02
5739            	-1.75152266e-01	-1.42546946e-03	2.67337660e-01	2.97436490e-03	1.18551008e-02
5740            	-1.75116818e-01	-1.54735246e-03	2.68049533e-01	2.93329614e-03	1.16923853e-02
5741            	-1.75078086e-01	-1.64483300e-03	2.68592032e-01	2.90836533e-03	1.15902149e-02
5742            	-1.75038808e-01	-1.68417855e-03	2.68765726e-01	2.90614406e-03	1.15768337e-02
5743            	-1.75001940e-01	-1.64781291e-03	2.68476984e-01	2.92358283e-03	1.16408116e-02
5744            	-1.74971552e-01	-1.51555802e-03	2.67611705e-01	2.95284662e-03	1.17479743e-02
5745            	-1.74951576e-01	-1.33588969e-03	2.66475075e-01	2.97826105e-03	1.18354517e-02
5746            	-1.74941670e-01	-1.12263675e-03	2.65149877e-01	2.97822316e-03	1.18228010e-02
5747            	-1.74947097e-01	-9.66591839e-04	2.64197002e-01	2.98162957e-03	1.18307008e-02
5748            	-1.74972175e-01	-8.95021127e-04	2.63787586e-01	2.99934063e-03	1.19045081e-02
5749            	-1.75013546e-01	-8.83974618e-04	2.63769115e-01	3.02876916e-03	1.20289446e-02
5750            	-1.75061338e-01	-9.25573708e-04	2.64082841e-01	3.06002153e-03	1.21589213e-02
5751            	-1.75106199e-01	-1.01724418e-03	2.64703953e-01	3.08789530e-03	1.22707379e-02
5752            	-1.75143422e-01	-1.11808009e-03	2.65373611e-01	3.10752049e-03	1.23494270e-02
5753            	-1.75171974e-01	-1.17564447e-03	2.65763924e-01	3.10632325e-03	1.23474974e-02
5754            	-1.75192319e-01	-1.19818303e-03	2.65929843e-01	3.08791901e-03	1.22775628e-02
5755            	-1.75200203e-01	-1.20077805e-03	2.65963560e-01	3.04851284e-03	1.21240158e-02
5756            	-1.75193995e-01	-1.23843696e-03	2.66202630e-01	2.99475761e-03	1.19145353e-02
5757            	-1.75174762e-01	-1.32945668e-03	2.66759527e-01	2.93819409e-03	1.16942167e-02
5758            	-1.75142833e-01	-1.46067008e-03	2.67543648e-01	2.89227982e-03	1.15151099e-02
5759            	-1.75105375e-01	-1.58957369e-03	2.68292401e-01	2.85966106e-03	1.13848375e-02
5760            	-1.75066167e-01	-1.67333789e-03	2.68746342e-01	2.84601994e-03	1.13274011e-02
5761            	-1.75027306e-01	-1.68465308e-03	2.68747476e-01	2.85474810e-03	1.13576931e-02
5762            	-1.74991508e-01	-1.60608844e-03	2.68201508e-01	2.88516365e-03	1.14741495e-02
5763            	-1.74964309e-01	-1.46011792e-03	2.67259645e-01	2.92883779e-03	1.16405860e-02
5764            	-1.74946754e-01	-1.27330050e-03	2.66086041e-01	2.96240752e-03	1.17645351e-02
5765            	-1.74941445e-01	-1.09962048e-03	2.65012682e-01	2.97809751e-03	1.18186030e-02
5766            	-1.74952209e-01	-9.56983245e-04	2.64146266e-01	3.00094536e-03	1.19091662e-02
5767            	-1.74982590e-01	-8.99647116e-04	2.63829314e-01	3.03867470e-03	1.20668620e-02
5768            	-1.75027576e-01	-9.17232376e-04	2.63993331e-01	3.08027975e-03	1.22418631e-02
5769            	-1.75075589e-01	-9.89724045e-04	2.64500404e-01	3.11791478e-03	1.23973746e-02
5770            	-1.75117466e-01	-1.08251103e-03	2.65125435e-01	3.14808657e-03	1.25201965e-02
5771            	-1.75150450e-01	-1.15591551e-03	2.65618393e-01	3.16886833e-03	1.26066542e-02
5772            	-1.75175700e-01	-1.19200659e-03	2.65871048e-01	3.16726125e-03	1.26040596e-02
5773            	-1.75192610e-01	-1.20925693e-03	2.66001891e-01	3.14322236e-03	1.25114180e-02
5774            	-1.75197048e-01	-1.22542933e-03	2.66118722e-01	3.09883549e-03	1.23376572e-02
5775            	-1.75187492e-01	-1.28078450e-03	2.66465348e-01	3.03927809e-03	1.21049821e-02
5776            	-1.75164188e-01	-1.38126260e-03	2.67074340e-01	2.97885173e-03	1.18680690e-02
5777            	-1.75130834e-01	-1.50324942e-03	2.67794779e-01	2.92722144e-03	1.16641843e-02
5778            	-1.75093348e-01	-1.60983328e-03	2.68399926e-01	2.88980460e-03	1.15126481e-02
5779            	-1.75054973e-01	-1.67332705e-03	2.68726455e-01	2.87305318e-03	1.14401829e-02
5780            	-1.75017597e-01	-1.66708712e-03	2.68621711e-01	2.88254212e-03	1.14711802e-02
5781            	-1.74984349e-01	-1.56311112e-03	2.67924474e-01	2.90673693e-03	1.15593721e-02
5782            	-1.74960396e-01	-1.40322028e-03	2.66903806e-01	2.93273075e-03	1.16502879e-02
5783            	-1.74945055e-01	-1.19349273e-03	2.65592373e-01	2.94105238e-03	1.16691504e-02
5784            	-1.74944496e-01	-1.01169570e-03	2.64472139e-01	2.94115127e-03	1.16607669e-02
5785            	-1.74961801e-01	-8.98396553e-04	2.63794792e-01	2.95555954e-03	1.17200350e-02
5786            	-1.74996863e-01	-8.80337643e-04	2.63725932e-01	2.99457372e-03	1.18847151e-02
5787            	-1.75042573e-01	-9.22117390e-04	2.64039309e-01	3.03828999e-03	1.20673079e-02
5788            	-1.75089051e-01	-1.00695925e-03	2.64620287e-01	3.07206058e-03	1.22041713e-02
5789            	-1.75129093e-01	-1.09841000e-03	2.65234841e-01	3.09450510e-03	1.22941546e-02
5790            	-1.75160247e-01	-1.15539077e-03	2.65624303e-01	3.10389579e-03	1.23351135e-02
5791            	-1.75183293e-01	-1.18245107e-03	2.65820084e-01	3.09885066e-03	1.23202659e-02
5792            	-1.75196469e-01	-1.19502274e-03	2.65920152e-01	3.07565814e-03	1.22327109e-02
5793            	-1.75196483e-01	-1.22743736e-03	2.66133691e-01	3.03488908e-03	1.20753148e-02
5794            	-1.75183624e-01	-1.30476240e-03	2.66613622e-01	2.98366653e-03	1.18757883e-02
5795            	-1.75156936e-01	-1.41080876e-03	2.67251364e-01	2.93708646e-03	1.16964730e-02
5796            	-1.75122059e-01	-1.52965186e-03	2.67946294e-01	2.90346280e-03	1.15665403e-02
5797            	-1.75083783e-01	-1.63090417e-03	2.68513581e-01	2.88580974e-03	1.14957449e-02
5798            	-1.75044517e-01	-1.67943635e-03	2.68745290e-01	2.88942339e-03	1.15064047e-02
5799            	-1.75007287e-01	-1.64975530e-03	2.68496759e-01	2.91281211e-03	1.15954080e-02
5800            	-1.74975837e-01	-1.53136261e-03	2.67715594e-01	2.94919074e-03	1.17324296e-02
5801            	-1.74954349e-01	-1.35921705e-03	2.66623945e-01	2.98258850e-03	1.18538385e-02
5802            	-1.74942111e-01	-1.14242484e-03	2.65273461e-01	2.99213775e-03	1.18810265e-02
5803            	-1.74945099e-01	-9.77840878e-04	2.64263646e-01	3.00447364e-03	1.19262799e-02
5804            	-1.74967342e-01	-9.02976171e-04	2.63829414e-01	3.03173485e-03	1.20398703e-02
5805            	-1.75006367e-01	-8.92257814e-04	2.63809939e-01	3.06866788e-03	1.21954095e-02
5806            	-1.75052935e-01	-9.30587774e-04	2.64102231e-01	3.10294172e-03	1.23380593e-02
5807            	-1.75097582e-01	-1.02065116e-03	2.64713532e-01	3.13159684e-03	1.24527509e-02
5808            	-1.75135201e-01	-1.11951680e-03	2.65371638e-01	3.15102809e-03	1.25304478e-02
5809            	-1.75164702e-01	-1.17632199e-03	2.65758444e-01	3.14988916e-03	1.25293036e-02
5810            	-1.75186415e-01	-1.19851878e-03	2.65923809e-01	3.13089534e-03	1.24567947e-02
5811            	-1.75196562e-01	-1.20148745e-03	2.65962365e-01	3.08768141e-03	1.22871952e-02
5812            	-1.75192885e-01	-1.23716262e-03	2.66192416e-01	3.02770959e-03	1.20515703e-02
5813            	-1.75176227e-01	-1.32422277e-03	2.66728642e-01	2.96381955e-03	1.18007044e-02
5814            	-1.75146088e-01	-1.45045873e-03	2.67485250e-01	2.91042051e-03	1.15908963e-02
5815            	-1.75109445e-01	-1.58011701e-03	2.68240664e-01	2.87038067e-03	1.14300357e-02
5816            	-1.75070454e-01	-1.66649187e-03	2.68711513e-01	2.84830924e-03	1.13376557e-02
5817            	-1.75031292e-01	-1.68590178e-03	2.68761449e-01	2.84871812e-03	1.13329034e-02
5818            	-1.74994584e-01	-1.61382017e-03	2.68253870e-01	2.86741204e-03	1.14006403e-02
5819            	-1.74965738e-01	-1.46558116e-03	2.67295014e-01	2.90105972e-03	1.15254661e-02
5820            	-1.74946272e-01	-1.27534456e-03	2.66097020e-01	2.92785378e-03	1.16213055e-02
5821            	-1.74938374e-01	-1.09613122e-03	2.64985695e-01	2.93840017e-03	1.16540734e-02
5822            	-1.74947035e-01	-9.57682834e-04	2.64143226e-01	2.95529365e-03	1.17186225e-02
5823            	-1.74976132e-01	-8.98594516e-04	2.63814246e-01	2.98677524e-03	1.18494267e-02
5824            	-1.75020506e-01	-9.08481651e-04	2.63929453e-01	3.02921070e-03	1.20284250e-02
5825            	-1.75069124e-01	-9.77471484e-04	2.64415427e-01	3.07318030e-03	1.22110540e-02
5826            	-1.75112571e-01	-1.07328376e-03	2.65061550e-01	3.11008725e-03	1.23619587e-02
5827            	-1.75147545e-01	-1.15567989e-03	2.65613570e-01	3.13645570e-03	1.24710705e-02
5828            	-1.75174520e-01	-1.19687448e-03	2.65900560e-01	3.13966852e-03	1.24879299e-02
5829            	-1.75193116e-01	-1.21424803e-03	2.66033874e-01	3.12291028e-03	1.24254675e-02
5830            	-1.75198749e-01	-1.22519345e-03	2.66119201e-01	3.08641885e-03	1.22846929e-02
5831            	-1.75190150e-01	-1.27586596e-03	2.66437482e-01	3.03549028e-03	1.20884021e-02
5832            	-1.75167634e-01	-1.37357013e-03	2.67030571e-01	2.98316096e-03	1.18859159e-02
5833            	-1.75134373e-01	-1.50048836e-03	2.67782664e-01	2.94033503e-03	1.17184398e-02
5834            	-1.75096476e-01	-1.61390561e-03	2.68430231e-01	2.90961637e-03	1.15946104e-02
5835            	-1.75057246e-01	-1.67927395e-03	2.68767219e-01	2.89709459e-03	1.15404102e-02
5836            	-1.75018546e-01	-1.67282914e-03	2.68659015e-01	2.90878429e-03	1.15820159e-02
5837            	-1.74983481e-01	-1.56967968e-03	2.67963539e-01	2.93809120e-03	1.16927914e-02
5838            	-1.74958195e-01	-1.41032346e-03	2.66943363e-01	2.97110456e-03	1.18142112e-02
5839            	-1.74942094e-01	-1.20976521e-03	2.65687097e-01	2.98811533e-03	1.18689801e-02
5840            	-1.74940787e-01	-1.03040722e-03	2.64581096e-01	2.99021428e-03	1.18674922e-02
5841            	-1.74957192e-01	-9.00950902e-04	2.63802738e-01	2.99850120e-03	1.18999917e-02
5842            	-1.74992142e-01	-8.71219804e-04	2.63662239e-01	3.02985416e-03	1.20319978e-02
5843            	-1.75038504e-01	-9.13002796e-04	2.63977264e-01	3.06831887e-03	1.21927297e-02
5844            	-1.75086054e-01	-9.97495520e-04	2.64557895e-01	3.09710000e-03	1.23095606e-02
5845            	-1.75127234e-01	-1.08908746e-03	2.65174820e-01	3.11455763e-03	1.23788502e-02
5846            	-1.75159618e-01	-1.14918365e-03	2.65585278e-01	3.11901020e-03	1.23983632e-02
5847            	-1.75183846e-01	-1.17794165e-03	2.65792789e-01	3.10743511e-03	1.23556936e-02
5848            	-1.75198264e-01	-1.19241325e-03	2.65905923e-01	3.07744839e-03	1.22392871e-02
5849            	-1.75199254e-01	-1.22376480e-03	2.66113926e-01	3.02995625e-03	1.20534451e-02
5850            	-1.75186490e-01	-1.29600405e-03	2.66562146e-01	2.97017043e-03	1.18187137e-02
5851            	-1.75159400e-01	-1.40206317e-03	2.67199834e-01	2.91478993e-03	1.16023916e-02
5852            	-1.75123397e-01	-1.52326224e-03	2.67908253e-01	2.87227572e-03	1.14352894e-02
5853            	-1.75084310e-01	-1.62473934e-03	2.68476186e-01	2.84535792e-03	1.13264956e-02
5854            	-1.75044617e-01	-1.67444569e-03	2.68714818e-01	2.84349718e-03	1.13150572e-02
5855            	-1.75006934e-01	-1.65108225e-03	2.68505071e-01	2.86732694e-03	1.14057195e-02
5856            	-1.74974861e-01	-1.53870348e-03	2.67760000e-01	2.90486872e-03	1.15477803e-02
5857            	-1.74952839e-01	-1.36690712e-03	2.66669184e-01	2.94124164e-03	1.16815496e-02
5858            	-1.74940425e-01	-1.14941614e-03	2.65313993e-01	2.95406576e-03	1.17221192e-02
5859            	-1.74943805e-01	-9.83441319e-04	2.64296879e-01	2.96858037e-03	1.17763851e-02
5860            	-1.74966260e-01	-9.11292245e-04	2.63880977e-01	3.00033158e-03	1.19084039e-02
5861            	-1.75005439e-01	-9.04350756e-04	2.63885877e-01	3.04542675e-03	1.20979164e-02
5862            	-1.75052349e-01	-9.41471317e-04	2.64171340e-01	3.08851117e-03	1.22775177e-02
5863            	-1.75097653e-01	-1.02947472e-03	2.64770499e-01	3.12496418e-03	1.24247265e-02
5864            	-1.75135524e-01	-1.12631962e-03	2.65416173e-01	3.15154629e-03	1.25323793e-02
5865            	-1.75164638e-01	-1.18275786e-03	2.65800001e-01	3.15854887e-03	1.25653746e-02
5866            	-1.75185392e-01	-1.20644115e-03	2.65973139e-01	3.14853786e-03	1.25301236e-02
5867            	-1.75194683e-01	-1.21050581e-03	2.66016639e-01	3.11393557e-03	1.23964463e-02
5868            	-1.75190354e-01	-1.24525449e-03	2.66239650e-01	3.06194384e-03	1.21937006e-02
5869            	-1.75174002e-01	-1.32884864e-03	2.66754359e-01	3.00365996e-03	1.19661175e-02
5870            	-1.75144682e-01	-1.44743878e-03	2.67464523e-01	2.95254581e-03	1.17666969e-02
5871            	-1.75108795e-01	-1.57192589e-03	2.68189286e-01	2.91216290e-03	1.16056612e-02
5872            	-1.75070699e-01	-1.65930347e-03	2.68668299e-01	2.88889581e-03	1.15092531e-02
5873            	-1.75032841e-01	-1.68692971e-03	2.68771042e-01	2.88734602e-03	1.14965265e-02
5874            	-1.74997515e-01	-1.62739176e-03	2.68342516e-01	2.90302834e-03	1.15515348e-02
5875            	-1.74969651e-01	-1.47722797e-03	2.67372517e-01	2.93095529e-03	1.16530597e-02
5876            	-1.74951234e-01	-1.28969816e-03	2.66191654e-01	2.95532659e-03	1.17377105e-02
5877            	-1.74943483e-01	-1.09952690e-03	2.65012542e-01	2.95970524e-03	1.17443617e-02
5878            	-1.74951213e-01	-9.58110147e-04	2.64151190e-01	2.96946829e-03	1.17788375e-02
5879            	-1.74978870e-01	-8.92889580e-04	2.63782726e-01	2.99138451e-03	1.18697986e-02
5880            	-1.75021690e-01	-8.90752646e-04	2.63821067e-01	3.02398327e-03	1.20077704e-02
5881            	-1.75069238e-01	-9.52469120e-04	2.64259969e-01	3.06040519e-03	1.21587204e-02
5882            	-1.75112335e-01	-1.05148682e-03	2.64925025e-01	3.09149455e-03	1.22844614e-02
5883            	-1.75147270e-01	-1.14382013e-03	2.65538578e-01	3.11204359e-03	1.23683410e-02
5884            	-1.75174025e-01	-1.19127951e-03	2.65864024e-01	3.10880042e-03	1.23577873e-02
5885            	-1.75192627e-01	-1.20860875e-03	2.65996456e-01	3.08724108e-03	1.22752334e-02
5886            	-1.75198496e-01	-1.21351915e-03	2.66043980e-01	3.04762366e-03	1.21215492e-02
5887            	-1.75190742e-01	-1.25972851e-03	2.66335552e-01	2.99652308e-03	1.19244272e-02
5888            	-1.75169605e-01	-1.35980146e-03	2.66945994e-01	2.94530997e-03	1.17263886e-02
5889            	-1.75137374e-01	-1.49426392e-03	2.67747656e-01	2.90525344e-03	1.15704349e-02
5890            	-1.75100275e-01	-1.61337877e-03	2.68432920e-01	2.87762569e-03	1.14600140e-02
5891            	-1.75061854e-01	-1.68390231e-03	2.68803738e-01	2.86774537e-03	1.14174357e-02
5892            	-1.75023572e-01	-1.67831803e-03	2.68701478e-01	2.88118226e-03	1.14671031e-02
5893            	-1.74988518e-01	-1.58065969e-03	2.68039519e-01	2.91460837e-03	1.15955200e-02
5894            	-1.74962607e-01	-1.43027922e-03	2.67073184e-01	2.95642041e-03	1.17534274e-02
5895            	-1.74945628e-01	-1.23730498e-03	2.65862593e-01	2.98245994e-03	1.18456261e-02
5896            	-1.74942380e-01	-1.05891140e-03	2.64760679e-01	2.99098016e-03	1.18708107e-02
5897            	-1.74956192e-01	-9.17070807e-04	2.63902370e-01	3.00391278e-03	1.19224432e-02
5898            	-1.74988767e-01	-8.77247845e-04	2.63696251e-01	3.04140791e-03	1.20798592e-02
5899            	-1.75033600e-01	-9.17556246e-04	2.64000004e-01	3.08816747e-03	1.22754619e-02
5900            	-1.75080293e-01	-1.00312904e-03	2.64586074e-01	3.12428379e-03	1.24235442e-02
5901            	-1.75121112e-01	-1.09656061e-03	2.65213888e-01	3.14697683e-03	1.25148593e-02
5902            	-1.75153639e-01	-1.15902349e-03	2.65639211e-01	3.15533128e-03	1.25500970e-02
5903            	-1.75178619e-01	-1.18702176e-03	2.65842633e-01	3.14521763e-03	1.25131320e-02
5904            	-1.75194463e-01	-1.20176871e-03	2.65959057e-01	3.11563792e-03	1.23981700e-02
5905            	-1.75197409e-01	-1.23084706e-03	2.66155658e-01	3.06795203e-03	1.22112901e-02
5906            	-1.75186457e-01	-1.30215489e-03	2.66600599e-01	3.00692571e-03	1.19710052e-02
5907            	-1.75161448e-01	-1.40432572e-03	2.67217395e-01	2.94753279e-03	1.17384252e-02
5908            	-1.75126866e-01	-1.52050349e-03	2.67897402e-01	2.89902963e-03	1.15475322e-02
5909            	-1.75088679e-01	-1.61938142e-03	2.68451058e-01	2.86648074e-03	1.14159491e-02
5910            	-1.75049506e-01	-1.67688391e-03	2.68738570e-01	2.85922284e-03	1.13817206e-02
5911            	-1.75011761e-01	-1.65871065e-03	2.68560159e-01	2.87661622e-03	1.14451389e-02
5912            	-1.74978834e-01	-1.54862093e-03	2.67827294e-01	2.90465854e-03	1.15477636e-02
5913            	-1.74955656e-01	-1.37575779e-03	2.66727637e-01	2.93182447e-03	1.16431995e-02
5914            	-1.74941383e-01	-1.15281712e-03	2.65335482e-01	2.93763755e-03	1.16541598e-02
5915            	-1.74942940e-01	-9.79144102e-04	2.64267904e-01	2.94411595e-03	1.16747357e-02
5916            	-1.74963614e-01	-9.00976807e-04	2.63812514e-01	2.96938464e-03	1.17795416e-02
5917            	-1.75001682e-01	-8.95949824e-04	2.63828153e-01	3.01112770e-03	1.19548636e-02
5918            	-1.75048508e-01	-9.34559149e-04	2.64123084e-01	3.05280808e-03	1.21284153e-02
5919            	-1.75094748e-01	-1.02312999e-03	2.64727177e-01	3.08838456e-03	1.22717956e-02
5920            	-1.75134046e-01	-1.12081752e-03	2.65380151e-01	3.11587239e-03	1.23828439e-02
5921            	-1.75164514e-01	-1.17762378e-03	2.65768199e-01	3.12601209e-03	1.24287054e-02
5922            	-1.75186490e-01	-1.20232619e-03	2.65949312e-01	3.11962330e-03	1.24085124e-02
5923            	-1.75197219e-01	-1.20959200e-03	2.66014497e-01	3.08998178e-03	1.22950709e-02
5924            	-1.75194161e-01	-1.24482459e-03	2.66242223e-01	3.04403691e-03	1.21167071e-02
5925            	-1.75178817e-01	-1.33045789e-03	2.66770807e-01	2.99136636e-03	1.19114749e-02
5926            	-1.75150070e-01	-1.44308062e-03	2.67444859e-01	2.94433293e-03	1.17299314e-02
5927            	-1.75113978e-01	-1.55964459e-03	2.68120926e-01	2.90896185e-03	1.15917348e-02
5928            	-1.75074783e-01	-1.65091117e-03	2.68623057e-01	2.89218135e-03	1.15232921e-02
5929            	-1.75035415e-01	-1.68662663e-03	2.68773866e-01	2.89714909e-03	1.15381850e-02
5930            	-1.74998742e-01	-1.64280760e-03	2.68439764e-01	2.91967053e-03	1.16214850e-02
5931            	-1.74969352e-01	-1.49825182e-03	2.67501225e-01	2.95231819e-03	1.17430276e-02
5932            	-1.74950009e-01	-1.30761702e-03	2.66299246e-01	2.97968081e-03	1.18411384e-02
5933            	-1.74941163e-01	-1.10531772e-03	2.65043493e-01	2.98733688e-03	1.18618886e-02
5934            	-1.74947860e-01	-9.62497309e-04	2.64172744e-01	3.00119965e-03	1.19129858e-02
5935            	-1.74974646e-01	-8.98486685e-04	2.63811062e-01	3.02489855e-03	1.20107982e-02
5936            	-1.75017229e-01	-8.93661545e-04	2.63832718e-01	3.05540303e-03	1.21393184e-02
5937            	-1.75065264e-01	-9.45978196e-04	2.64214188e-01	3.08655919e-03	1.22683609e-02
5938            	-1.75109461e-01	-1.04102333e-03	2.64856319e-01	3.11455883e-03	1.23810302e-02
5939            	-1.75145781e-01	-1.13629880e-03	2.65490399e-01	3.13370983e-03	1.24587986e-02
5940            	-1.75173585e-01	-1.18880768e-03	2.65848593e-01	3.12997123e-03	1.24461665e-02
5941            	-1.75193023e-01	-1.20904772e-03	2.65999565e-01	3.10713602e-03	1.23581244e-02
5942            	-1.75199603e-01	-1.21264856e-03	2.66039117e-01	3.06376880e-03	1.21883912e-02
5943            	-1.75192277e-01	-1.25357144e-03	2.66297896e-01	3.00714473e-03	1.19677382e-02
5944            	-1.75171634e-01	-1.34847588e-03	2.66876888e-01	2.94790163e-03	1.17364651e-02
5945            	-1.75139084e-01	-1.48221849e-03	2.67674499e-01	2.89939262e-03	1.15457184e-02
5946            	-1.75101304e-01	-1.60478056e-03	2.68381348e-01	2.86402353e-03	1.14033324e-02
5947            	-1.75062323e-01	-1.68140076e-03	2.68789849e-01	2.84727862e-03	1.13321806e-02
5948            	-1.75023854e-01	-1.68122299e-03	2.68720373e-01	2.85458400e-03	1.13563670e-02
5949            	-1.74988618e-01	-1.58821751e-03	2.68086311e-01	2.88330613e-03	1.14655639e-02
5950            	-1.74962322e-01	-1.43691271e-03	2.67113298e-01	2.92365643e-03	1.16178927e-02
5951            	-1.74945329e-01	-1.24582852e-03	2.65914562e-01	2.95107408e-03	1.17159504e-02
5952            	-1.74941764e-01	-1.07244981e-03	2.64844432e-01	2.96160474e-03	1.17489307e-02
5953            	-1.74955102e-01	-9.33209238e-04	2.64002386e-01	2.97681401e-03	1.18085538e-02
5954            	-1.74987627e-01	-8.87782044e-04	2.63761849e-01	3.01389456e-03	1.19636608e-02
5955            	-1.75033061e-01	-9.22039837e-04	2.64029073e-01	3.06089605e-03	1.21606977e-02
5956            	-1.75080606e-01	-1.00353258e-03	2.64591056e-01	3.10023078e-03	1.23229914e-02
5957            	-1.75121854e-01	-1.09667620e-03	2.65217732e-01	3.12847624e-03	1.24378311e-02
5958            	-1.75154208e-01	-1.16374746e-03	2.65671295e-01	3.14495022e-03	1.25064877e-02
5959            	-1.75178531e-01	-1.19618080e-03	2.65900704e-01	3.14336587e-03	1.25040633e-02
5960            	-1.75193947e-01	-1.21070149e-03	2.66014040e-01	3.12069332e-03	1.24180303e-02
5961            	-1.75196611e-01	-1.23283552e-03	2.66166328e-01	3.07961656e-03	1.22589257e-02
5962            	-1.75185491e-01	-1.29518347e-03	2.66554773e-01	3.02498217e-03	1.20466566e-02
5963            	-1.75160566e-01	-1.39608907e-03	2.67163837e-01	2.97198419e-03	1.18407442e-02
5964            	-1.75126264e-01	-1.51626908e-03	2.67869890e-01	2.92808922e-03	1.16685626e-02
5965            	-1.75088819e-01	-1.61937204e-03	2.68451631e-01	2.89622216e-03	1.15396376e-02
5966            	-1.75050770e-01	-1.67716073e-03	2.68742746e-01	2.88625738e-03	1.14950167e-02
5967            	-1.75014371e-01	-1.66151491e-03	2.68581783e-01	2.90092095e-03	1.15482009e-02
5968            	-1.74982395e-01	-1.55356139e-03	2.67862701e-01	2.92884483e-03	1.16515547e-02
5969            	-1.74959720e-01	-1.38676462e-03	2.66800924e-01	2.95762994e-03	1.17538195e-02
5970            	-1.74945517e-01	-1.16877911e-03	2.65439477e-01	2.96566985e-03	1.17723209e-02
5971            	-1.74946711e-01	-9.89664775e-04	2.64337910e-01	2.96768959e-03	1.17730253e-02
5972            	-1.74966350e-01	-8.95508478e-04	2.63782401e-01	2.98515360e-03	1.18452571e-02
5973            	-1.75003136e-01	-8.84400463e-04	2.63758683e-01	3.02264350e-03	1.20031979e-02
5974            	-1.75048944e-01	-9.23782488e-04	2.64056931e-01	3.06136832e-03	1.21644960e-02
5975            	-1.75094379e-01	-1.00983519e-03	2.64643788e-01	3.09111033e-03	1.22836711e-02
5976            	-1.75133161e-01	-1.10422980e-03	2.65275156e-01	3.11059663e-03	1.23610279e-02
5977            	-1.75163140e-01	-1.16097149e-03	2.65661865e-01	3.11493459e-03	1.23819890e-02
5978            	-1.75184915e-01	-1.18679795e-03	2.65849281e-01	3.10381438e-03	1.23419737e-02
5979            	-1.75196358e-01	-1.19802726e-03	2.65939762e-01	3.07249108e-03	1.22208784e-02
5980            	-1.75194431e-01	-1.23412622e-03	2.66174290e-01	3.02539154e-03	1.20371214e-02
5981            	-1.75180228e-01	-1.31884872e-03	2.66698724e-01	2.97084435e-03	1.18238133e-02
5982            	-1.75152513e-01	-1.42851666e-03	2.67356581e-01	2.92172512e-03	1.16340582e-02
5983            	-1.75117207e-01	-1.54651552e-03	2.68044106e-01	2.88607014e-03	1.14951916e-02
5984            	-1.75078689e-01	-1.64445840e-03	2.68589629e-01	2.86903115e-03	1.14260939e-02
5985            	-1.75039971e-01	-1.68593416e-03	2.68777755e-01	2.87374722e-03	1.14407933e-02
5986            	-1.75003740e-01	-1.65310302e-03	2.68512217e-01	2.89715133e-03	1.15281617e-02
5987            	-1.74973850e-01	-1.51842447e-03	2.67633154e-01	2.93160001e-03	1.16569481e-02
5988            	-1.74953674e-01	-1.33123663e-03	2.66450509e-01	2.96149947e-03	1.17650031e-02
5989            	-1.74943211e-01	-1.12072954e-03	2.65141568e-01	2.97094419e-03	1.17930999e-02
5990            	-1.74947810e-01	-9.73332997e-04	2.64240587e-01	2.98716265e-03	1.18543041e-02
5991            	-1.74972011e-01	-9.09474494e-04	2.63876988e-01	3.01616536e-03	1.19745836e-02
5992            	-1.75012457e-01	-9.02113194e-04	2.63879963e-01	3.05326848e-03	1.21305979e-02
5993            	-1.75059246e-01	-9.46386885e-04	2.64209335e-01	3.09024229e-03	1.22841405e-02
5994            	-1.75102890e-01	-1.03835329e-03	2.64831190e-01	3.12379656e-03	1.24199433e-02
5995            	-1.75139206e-01	-1.13736322e-03	2.65488567e-01	3.14842399e-03	1.25200511e-02
5996            	-1.75167397e-01	-1.19348524e-03	2.65869630e-01	3.15000122e-03	1.25297470e-02
5997            	-1.75187865e-01	-1.21392774e-03	2.66022840e-01	3.13160757e-03	1.24601698e-02
5998            	-1.75196155e-01	-1.21478701e-03	2.66046818e-01	3.09030022e-03	1.22991707e-02
5999            	-1.75190834e-01	-1.25192947e-03	2.66284456e-01	3.03409342e-03	1.20800353e-02
6000            	-1.75172559e-01	-1.34319562e-03	2.66844390e-01	2.97452429e-03	1.18473817e-02
