# Force and moment coefficients
# dragDir       : (0.00000000e+00 0.00000000e+00 -1.00000000e+00)
# sideDir       : (-0.00000000e+00 1.00000000e+00 0.00000000e+00)
# liftDir       : (1.00000000e+00 0.00000000e+00 0.00000000e+00)
# rollAxis      : (0.00000000e+00 0.00000000e+00 -1.00000000e+00)
# pitchAxis     : (-0.00000000e+00 1.00000000e+00 0.00000000e+00)
# yawAxis       : (1.00000000e+00 0.00000000e+00 0.00000000e+00)
# magUInf       : 2.88200000e+02
# lRef          : 5.78100000e-02
# Aref          : 2.62480000e-03
# CofR          : (0.00000000e+00 0.00000000e+00 3.99000000e-01)
#
# Time          	Cd              	Cl              	CmPitch         	CmRoll          	CmYaw           
3001            	1.11674426e+00	-1.44978318e-02	8.94339311e-02	7.88519205e-02	6.63988749e-01
3002            	1.11637686e+00	-1.40092729e-02	8.50529880e-02	7.85510519e-02	6.64803154e-01
3003            	1.11638484e+00	-1.33404956e-02	7.91146107e-02	7.89723223e-02	6.67490059e-01
3004            	1.11679743e+00	-1.23393351e-02	7.06368229e-02	8.01089244e-02	6.72007819e-01
3005            	1.11735436e+00	-1.10011780e-02	6.00153224e-02	8.19520794e-02	6.77524711e-01
3006            	1.11784220e+00	-9.31836615e-03	4.76141646e-02	8.44046222e-02	6.84289645e-01
3007            	1.11821473e+00	-7.44293950e-03	3.44529684e-02	8.72158047e-02	6.92238690e-01
3008            	1.11837677e+00	-5.60561580e-03	2.19430447e-02	9.00601368e-02	6.99895335e-01
3009            	1.11829458e+00	-3.82205351e-03	1.01509852e-02	9.26380986e-02	7.05094523e-01
3010            	1.11806389e+00	-2.24351000e-03	1.25656575e-04	9.46775085e-02	7.06422226e-01
3011            	1.11780742e+00	-9.34850433e-04	-7.63549028e-03	9.59677872e-02	7.03634472e-01
3012            	1.11754045e+00	-2.08682741e-05	-1.22879724e-02	9.64283882e-02	6.98293451e-01
3013            	1.11711132e+00	4.25467466e-04	-1.33029219e-02	9.60844502e-02	6.90597220e-01
3014            	1.11648794e+00	4.83346516e-04	-1.12934388e-02	9.49919658e-02	6.79658332e-01
3015            	1.11592909e+00	2.90644930e-04	-7.59197208e-03	9.32406552e-02	6.65662997e-01
3016            	1.11574577e+00	4.33655954e-05	-4.15022239e-03	9.10224909e-02	6.49739765e-01
3017            	1.11601812e+00	-2.82668717e-04	-8.84030911e-04	8.86448796e-02	6.33202590e-01
3018            	1.11653897e+00	-8.00685336e-04	3.56604372e-03	8.64472719e-02	6.18246656e-01
3019            	1.11691000e+00	-1.53328661e-03	9.91261828e-03	8.46450778e-02	6.05648952e-01
3020            	1.11702353e+00	-2.50180038e-03	1.82059568e-02	8.33584436e-02	5.96000925e-01
3021            	1.11710140e+00	-3.74788210e-03	2.81389230e-02	8.25876019e-02	5.90765270e-01
3022            	1.11725361e+00	-5.37392849e-03	3.97983732e-02	8.23380821e-02	5.91908987e-01
3023            	1.11745248e+00	-7.35960083e-03	5.27425391e-02	8.26316384e-02	5.99712846e-01
3024            	1.11758620e+00	-9.47081341e-03	6.56857177e-02	8.34741230e-02	6.12510834e-01
3025            	1.11765798e+00	-1.13765032e-02	7.68920772e-02	8.48716933e-02	6.28619272e-01
3026            	1.11775380e+00	-1.28900045e-02	8.52910612e-02	8.66888662e-02	6.46618938e-01
3027            	1.11795938e+00	-1.40534976e-02	9.11672523e-02	8.86601965e-02	6.66879889e-01
3028            	1.11813665e+00	-1.47802590e-02	9.40573074e-02	9.04730877e-02	6.87242146e-01
3029            	1.11818785e+00	-1.50319789e-02	9.38511958e-02	9.18738499e-02	7.05350323e-01
3030            	1.11805901e+00	-1.47587734e-02	9.04302729e-02	9.27210019e-02	7.20085351e-01
3031            	1.11771464e+00	-1.41777978e-02	8.52972559e-02	9.29237738e-02	7.30739000e-01
3032            	1.11720803e+00	-1.35203751e-02	8.00643378e-02	9.24707951e-02	7.36603599e-01
3033            	1.11664434e+00	-1.27303305e-02	7.43346314e-02	9.14113441e-02	7.37889340e-01
3034            	1.11619020e+00	-1.17935342e-02	6.78037540e-02	8.98269663e-02	7.33244020e-01
3035            	1.11618726e+00	-1.05449165e-02	5.87816387e-02	8.78687187e-02	7.23185275e-01
3036            	1.11672104e+00	-8.96441662e-03	4.70384532e-02	8.58085286e-02	7.09539825e-01
3037            	1.11734392e+00	-7.14361992e-03	3.37314213e-02	8.39724257e-02	6.94503547e-01
3038            	1.11752418e+00	-5.29175251e-03	2.09941682e-02	8.26115705e-02	6.79346129e-01
3039            	1.11715557e+00	-3.64802196e-03	1.06281871e-02	8.18594409e-02	6.63602388e-01
3040            	1.11662140e+00	-2.37074088e-03	3.28891594e-03	8.17002039e-02	6.48067229e-01
3041            	1.11634367e+00	-1.30702693e-03	-2.59634767e-03	8.20735757e-02	6.34641767e-01
3042            	1.11646668e+00	-5.77179810e-04	-6.57152970e-03	8.30135123e-02	6.25504125e-01
3043            	1.11678605e+00	-1.48954330e-04	-8.69968434e-03	8.45038237e-02	6.20652674e-01
3044            	1.11706528e+00	2.49209871e-06	-8.73859825e-03	8.65282959e-02	6.19096721e-01
3045            	1.11716483e+00	2.33794364e-05	-7.50103402e-03	8.89031908e-02	6.20803607e-01
3046            	1.11715082e+00	-7.24974454e-05	-5.27600084e-03	9.13919615e-02	6.25757327e-01
3047            	1.11722224e+00	-4.54522350e-04	-1.08963385e-03	9.36837898e-02	6.32920602e-01
3048            	1.11746351e+00	-1.02477385e-03	4.33294741e-03	9.54918736e-02	6.40806655e-01
3049            	1.11777460e+00	-1.80638109e-03	1.11380349e-02	9.66214997e-02	6.47500906e-01
3050            	1.11801442e+00	-2.78656083e-03	1.92019023e-02	9.69287295e-02	6.52581621e-01
3051            	1.11800848e+00	-4.12823947e-03	2.96160884e-02	9.63733606e-02	6.57089802e-01
3052            	1.11758377e+00	-5.92669160e-03	4.29152321e-02	9.50079425e-02	6.61626451e-01
3053            	1.11685148e+00	-8.12242565e-03	5.83692819e-02	9.29324753e-02	6.65618417e-01
3054            	1.11627472e+00	-1.03651347e-02	7.31245460e-02	9.02711222e-02	6.67266667e-01
3055            	1.11626143e+00	-1.23315108e-02	8.47600391e-02	8.73525177e-02	6.65585560e-01
3056            	1.11674016e+00	-1.37759681e-02	9.20409417e-02	8.45387125e-02	6.62647499e-01
3057            	1.11719936e+00	-1.47626138e-02	9.62604539e-02	8.21190889e-02	6.60832497e-01
3058            	1.11720805e+00	-1.52577362e-02	9.78242994e-02	8.03027320e-02	6.60779588e-01
3059            	1.11687008e+00	-1.53193650e-02	9.70416339e-02	7.91908153e-02	6.62115633e-01
3060            	1.11648659e+00	-1.50471955e-02	9.40591660e-02	7.87766410e-02	6.64333912e-01
3061            	1.11633211e+00	-1.45559882e-02	8.92223892e-02	7.90791611e-02	6.67682333e-01
3062            	1.11652253e+00	-1.37839646e-02	8.21260219e-02	8.00969027e-02	6.73147172e-01
3063            	1.11696850e+00	-1.27476658e-02	7.32430373e-02	8.18065653e-02	6.80476556e-01
3064            	1.11745574e+00	-1.14317486e-02	6.28834876e-02	8.41114996e-02	6.88389914e-01
3065            	1.11792647e+00	-9.90450418e-03	5.15222937e-02	8.68045815e-02	6.96479341e-01
3066            	1.11827446e+00	-8.13514013e-03	3.89914155e-02	8.95823726e-02	7.04155841e-01
3067            	1.11837947e+00	-6.29489941e-03	2.64270044e-02	9.21165259e-02	7.10335216e-01
3068            	1.11825498e+00	-4.51225247e-03	1.46779232e-02	9.41622964e-02	7.13447807e-01
3069            	1.11796857e+00	-2.94758085e-03	4.87083802e-03	9.55264144e-02	7.11926518e-01
3070            	1.11763078e+00	-1.70437266e-03	-2.26460043e-03	9.60627119e-02	7.05641227e-01
3071            	1.11717983e+00	-7.25074626e-04	-7.07067190e-03	9.57698543e-02	6.96199243e-01
3072            	1.11657612e+00	-1.97032884e-04	-8.43215033e-03	9.47344373e-02	6.83885725e-01
3073            	1.11599997e+00	-7.01216927e-05	-7.05737384e-03	9.30520852e-02	6.68540353e-01
3074            	1.11581621e+00	-1.19867566e-04	-5.02828633e-03	9.08987001e-02	6.51054124e-01
3075            	1.11604420e+00	-2.40039646e-04	-3.14348872e-03	8.85808184e-02	6.33115152e-01
3076            	1.11640393e+00	-6.10043534e-04	3.30644002e-04	8.64296380e-02	6.16646587e-01
3077            	1.11660350e+00	-1.08312010e-03	5.06664445e-03	8.46746883e-02	6.03146274e-01
3078            	1.11663053e+00	-1.76557731e-03	1.17123942e-02	8.34504365e-02	5.93700290e-01
3079            	1.11667337e+00	-2.63593383e-03	1.95200811e-02	8.27574763e-02	5.87570212e-01
3080            	1.11695455e+00	-3.82547411e-03	2.87638744e-02	8.25728438e-02	5.85831749e-01
3081            	1.11740228e+00	-5.36121264e-03	3.93985409e-02	8.29124763e-02	5.90273023e-01
3082            	1.11776410e+00	-7.26824529e-03	5.17014012e-02	8.37853581e-02	6.01090568e-01
3083            	1.11790798e+00	-9.30383058e-03	6.43230127e-02	8.51782458e-02	6.17325824e-01
3084            	1.11794342e+00	-1.12039547e-02	7.56722765e-02	8.69507019e-02	6.36436596e-01
3085            	1.11807182e+00	-1.28445618e-02	8.49698210e-02	8.89037343e-02	6.56230712e-01
3086            	1.11827284e+00	-1.41250387e-02	9.16867807e-02	9.07230933e-02	6.77187550e-01
3087            	1.11839477e+00	-1.48729331e-02	9.48686528e-02	9.21362999e-02	6.97330396e-01
3088            	1.11829776e+00	-1.51536154e-02	9.51459037e-02	9.29825796e-02	7.14422855e-01
3089            	1.11798412e+00	-1.49555984e-02	9.25402565e-02	9.31732764e-02	7.27032021e-01
3090            	1.11744094e+00	-1.44184282e-02	8.80356390e-02	9.27032575e-02	7.34655095e-01
3091            	1.11672142e+00	-1.38344631e-02	8.35514870e-02	9.16266210e-02	7.37254363e-01
3092            	1.11608497e+00	-1.32438184e-02	7.91141425e-02	8.99997960e-02	7.34875708e-01
3093            	1.11597441e+00	-1.24664289e-02	7.29343001e-02	8.79567635e-02	7.26945443e-01
3094            	1.11648710e+00	-1.12919617e-02	6.34611102e-02	8.57834359e-02	7.13992536e-01
3095            	1.11726183e+00	-9.64224070e-03	5.07977102e-02	8.38427759e-02	6.98743686e-01
3096            	1.11768325e+00	-7.74385795e-03	3.73014095e-02	8.23893860e-02	6.83588106e-01
3097            	1.11752259e+00	-6.02754007e-03	2.60471828e-02	8.15416227e-02	6.69263958e-01
3098            	1.11703034e+00	-4.53099746e-03	1.69084588e-02	8.13323879e-02	6.55163961e-01
3099            	1.11666469e+00	-3.29344700e-03	9.56443893e-03	8.16981443e-02	6.41787466e-01
3100            	1.11668181e+00	-2.08703067e-03	2.18345660e-03	8.26123704e-02	6.30562273e-01
3101            	1.11699292e+00	-1.12888983e-03	-3.71193242e-03	8.40758093e-02	6.23527836e-01
3102            	1.11729033e+00	-4.98452230e-04	-7.17379967e-03	8.60781125e-02	6.20706430e-01
3103            	1.11741246e+00	-2.65174392e-04	-7.55002583e-03	8.84598194e-02	6.20837505e-01
3104            	1.11742204e+00	-2.25088215e-04	-6.34005089e-03	9.09858816e-02	6.24074023e-01
3105            	1.11738118e+00	-4.52186747e-04	-3.20201585e-03	9.33486405e-02	6.29819879e-01
3106            	1.11739885e+00	-8.95092486e-04	1.46279496e-03	9.52410613e-02	6.36594299e-01
3107            	1.11752931e+00	-1.41405226e-03	6.71899009e-03	9.64935047e-02	6.43573793e-01
3108            	1.11770114e+00	-2.05835565e-03	1.28584788e-02	9.69637828e-02	6.49058232e-01
3109            	1.11776752e+00	-3.02841305e-03	2.11749935e-02	9.65801371e-02	6.52217418e-01
3110            	1.11756280e+00	-4.38889338e-03	3.20945585e-02	9.53638800e-02	6.54046589e-01
3111            	1.11704998e+00	-6.19472021e-03	4.56879112e-02	9.34030856e-02	6.55532417e-01
3112            	1.11657145e+00	-8.41606030e-03	6.10249056e-02	9.08314947e-02	6.56728842e-01
3113            	1.11650682e+00	-1.06454645e-02	7.49353822e-02	8.79270667e-02	6.56426066e-01
3114            	1.11688826e+00	-1.26066998e-02	8.59867639e-02	8.50749896e-02	6.54137150e-01
3115            	1.11732773e+00	-1.41179893e-02	9.38583695e-02	8.26159416e-02	6.52012595e-01
3116            	1.11740475e+00	-1.51267475e-02	9.89211146e-02	8.07389499e-02	6.52594098e-01
3117            	1.11709057e+00	-1.56392447e-02	1.01193418e-01	7.95580855e-02	6.55965083e-01
3118            	1.11669704e+00	-1.57974162e-02	1.01121954e-01	7.90668866e-02	6.60409409e-01
3119            	1.11650816e+00	-1.55274202e-02	9.77673008e-02	7.92710558e-02	6.65696730e-01
3120            	1.11657565e+00	-1.49757473e-02	9.20760763e-02	8.01809383e-02	6.72268701e-01
3121            	1.11681457e+00	-1.41538206e-02	8.44899995e-02	8.17906224e-02	6.80675182e-01
3122            	1.11716349e+00	-1.31366343e-02	7.58406690e-02	8.39879798e-02	6.90453562e-01
3123            	1.11757401e+00	-1.18839264e-02	6.59347875e-02	8.65579515e-02	6.99865200e-01
3124            	1.11799140e+00	-1.04322523e-02	5.50166173e-02	8.92343688e-02	7.07997534e-01
3125            	1.11828169e+00	-8.72405312e-03	4.28534672e-02	9.17051076e-02	7.14344997e-01
3126            	1.11835230e+00	-6.95537717e-03	3.07782245e-02	9.37100910e-02	7.18284195e-01
3127            	1.11818216e+00	-5.22846487e-03	1.95096056e-02	9.50662140e-02	7.18614461e-01
3128            	1.11779544e+00	-3.69321292e-03	1.00875594e-02	9.56691746e-02	7.13862131e-01
3129            	1.11725649e+00	-2.42948627e-03	3.07566549e-03	9.54535356e-02	7.03848934e-01
3130            	1.11661442e+00	-1.37762076e-03	-2.03110059e-03	9.44748020e-02	6.90120237e-01
3131            	1.11604271e+00	-7.39841412e-04	-4.27647165e-03	9.28476246e-02	6.73491949e-01
3132            	1.11583582e+00	-4.55572666e-04	-4.64259973e-03	9.07371070e-02	6.54558546e-01
3133            	1.11605485e+00	-3.97607976e-04	-4.06364468e-03	8.84510459e-02	6.35075190e-01
3134            	1.11638315e+00	-4.94114417e-04	-2.46412598e-03	8.63273220e-02	6.16928966e-01
3135            	1.11643095e+00	-8.30805318e-04	1.36637087e-03	8.45966902e-02	6.01767317e-01
3136            	1.11624989e+00	-1.28280894e-03	6.58192381e-03	8.34005450e-02	5.90848407e-01
3137            	1.11617558e+00	-1.89094544e-03	1.29000680e-02	8.27693134e-02	5.84821868e-01
3138            	1.11642646e+00	-2.76397865e-03	2.04097935e-02	8.26751260e-02	5.82684238e-01
3139            	1.11697052e+00	-3.89081802e-03	2.87896369e-02	8.30950159e-02	5.84830272e-01
3140            	1.11753878e+00	-5.26450930e-03	3.81767181e-02	8.40252849e-02	5.92434501e-01
3141            	1.11789493e+00	-7.02920848e-03	4.97062743e-02	8.54630877e-02	6.06254619e-01
3142            	1.11803117e+00	-8.98159233e-03	6.20091704e-02	8.72578917e-02	6.25333165e-01
3143            	1.11811411e+00	-1.09629834e-02	7.39890454e-02	8.91831868e-02	6.46543283e-01
3144            	1.11826029e+00	-1.27694251e-02	8.44710090e-02	9.09884857e-02	6.67141755e-01
3145            	1.11840392e+00	-1.40467058e-02	9.13026280e-02	9.24125398e-02	6.87362849e-01
3146            	1.11838547e+00	-1.47598701e-02	9.45299574e-02	9.32735285e-02	7.06196231e-01
3147            	1.11811642e+00	-1.49978924e-02	9.48665203e-02	9.34770518e-02	7.21564933e-01
3148            	1.11759275e+00	-1.48702559e-02	9.30845723e-02	9.30004173e-02	7.31711383e-01
3149            	1.11683412e+00	-1.45908682e-02	9.05777519e-02	9.18903042e-02	7.36221896e-01
3150            	1.11602650e+00	-1.42311475e-02	8.75942798e-02	9.02358695e-02	7.35134216e-01
3151            	1.11572337e+00	-1.37156048e-02	8.30104314e-02	8.81507523e-02	7.29131781e-01
3152            	1.11613353e+00	-1.28260838e-02	7.51761306e-02	8.58963274e-02	7.18760058e-01
3153            	1.11691404e+00	-1.15823924e-02	6.47533877e-02	8.38249397e-02	7.04558179e-01
3154            	1.11749021e+00	-1.00349059e-02	5.30150850e-02	8.22359749e-02	6.88996182e-01
3155            	1.11755402e+00	-8.33817839e-03	4.14200533e-02	8.12740662e-02	6.74489295e-01
3156            	1.11725980e+00	-6.76434849e-03	3.13834623e-02	8.09693764e-02	6.61255740e-01
3157            	1.11693919e+00	-5.27342476e-03	2.20529222e-02	8.12927575e-02	6.49175941e-01
3158            	1.11689016e+00	-3.87514492e-03	1.31038859e-02	8.22112001e-02	6.38321828e-01
3159            	1.11714071e+00	-2.53167786e-03	4.36662785e-03	8.36658062e-02	6.29451383e-01
3160            	1.11746069e+00	-1.38911707e-03	-2.81035807e-03	8.56428360e-02	6.24438349e-01
3161            	1.11762489e+00	-6.67493976e-04	-6.67541534e-03	8.80197361e-02	6.22893391e-01
3162            	1.11763626e+00	-3.36059858e-04	-7.57492262e-03	9.05648114e-02	6.24092394e-01
3163            	1.11759362e+00	-2.90490911e-04	-6.33758827e-03	9.29751043e-02	6.27777782e-01
3164            	1.11753433e+00	-5.58709287e-04	-2.85586628e-03	9.49451763e-02	6.32814137e-01
3165            	1.11747445e+00	-9.68776403e-04	1.72476435e-03	9.62720845e-02	6.38125327e-01
3166            	1.11748592e+00	-1.44138941e-03	6.87866212e-03	9.68564306e-02	6.43455008e-01
3167            	1.11749545e+00	-2.09882435e-03	1.33985323e-02	9.66301634e-02	6.47330667e-01
3168            	1.11732155e+00	-3.07881384e-03	2.21629852e-02	9.55818103e-02	6.48270732e-01
3169            	1.11698076e+00	-4.43373008e-03	3.32733172e-02	9.37689768e-02	6.47040761e-01
3170            	1.11671382e+00	-6.24627464e-03	4.66231044e-02	9.13107997e-02	6.45395359e-01
3171            	1.11679291e+00	-8.38855739e-03	6.07164710e-02	8.84847344e-02	6.44251893e-01
3172            	1.11717133e+00	-1.05751593e-02	7.38108940e-02	8.56275379e-02	6.42960756e-01
3173            	1.11755314e+00	-1.25906222e-02	8.53516844e-02	8.31043175e-02	6.41857865e-01
3174            	1.11761591e+00	-1.41712700e-02	9.43454550e-02	8.11673178e-02	6.42081462e-01
3175            	1.11737132e+00	-1.52263411e-02	1.00287644e-01	7.99214733e-02	6.45873256e-01
3176            	1.11702459e+00	-1.57771308e-02	1.02925519e-01	7.93702002e-02	6.52474265e-01
3177            	1.11681791e+00	-1.59378151e-02	1.02543973e-01	7.95081257e-02	6.60035152e-01
3178            	1.11685030e+00	-1.56946451e-02	9.89506977e-02	8.03313171e-02	6.68408934e-01
3179            	1.11696659e+00	-1.50798814e-02	9.26849716e-02	8.18511439e-02	6.78512082e-01
3180            	1.11711147e+00	-1.42915354e-02	8.54104288e-02	8.39792931e-02	6.89757839e-01
3181            	1.11736295e+00	-1.32917193e-02	7.69408269e-02	8.64737959e-02	7.01223624e-01
3182            	1.11773855e+00	-1.21694797e-02	6.78412176e-02	8.90552523e-02	7.10921539e-01
3183            	1.11810006e+00	-1.08152147e-02	5.75315314e-02	9.14357850e-02	7.17666315e-01
3184            	1.11833531e+00	-9.16373862e-03	4.57519588e-02	9.33814741e-02	7.21695982e-01
3185            	1.11833704e+00	-7.42597419e-03	3.40002435e-02	9.47106547e-02	7.22684254e-01
3186            	1.11807301e+00	-5.78352805e-03	2.34755653e-02	9.53000212e-02	7.19742088e-01
3187            	1.11753210e+00	-4.29038560e-03	1.45807732e-02	9.51300059e-02	7.11455658e-01
3188            	1.11682983e+00	-3.03601325e-03	7.78634523e-03	9.42233450e-02	6.97738461e-01
3189            	1.11618693e+00	-1.90020062e-03	1.97197141e-03	9.26445286e-02	6.79840878e-01
3190            	1.11595755e+00	-1.09773978e-03	-2.04743594e-03	9.05695315e-02	6.59334989e-01
3191            	1.11615085e+00	-6.03497093e-04	-4.53850019e-03	8.82876010e-02	6.38318842e-01
3192            	1.11647188e+00	-4.69305638e-04	-4.64252137e-03	8.61603001e-02	6.18288474e-01
3193            	1.11651472e+00	-6.46265421e-04	-1.98333391e-03	8.44395319e-02	6.01306412e-01
3194            	1.11620718e+00	-1.01659929e-03	2.67310917e-03	8.32475102e-02	5.88807816e-01
3195            	1.11590071e+00	-1.50266294e-03	8.29119171e-03	8.26347255e-02	5.81323476e-01
3196            	1.11596466e+00	-2.04977169e-03	1.39092527e-02	8.25974435e-02	5.78995745e-01
3197            	1.11643743e+00	-2.80647757e-03	2.02176260e-02	8.31138140e-02	5.80948336e-01
3198            	1.11708993e+00	-3.82150799e-03	2.76447412e-02	8.41404788e-02	5.86875350e-01
3199            	1.11765650e+00	-5.14300134e-03	3.67921306e-02	8.56533415e-02	5.97898221e-01
3200            	1.11799331e+00	-6.79236660e-03	4.78061565e-02	8.75057455e-02	6.14362455e-01
3201            	1.11815809e+00	-8.75168993e-03	6.02987919e-02	8.94757242e-02	6.35211588e-01
3202            	1.11826245e+00	-1.08115818e-02	7.29103982e-02	9.12792478e-02	6.57124398e-01
3203            	1.11836312e+00	-1.26583330e-02	8.37876851e-02	9.26929619e-02	6.77432584e-01
3204            	1.11836655e+00	-1.38958629e-02	9.06177467e-02	9.35682919e-02	6.96157881e-01
3205            	1.11816578e+00	-1.46156768e-02	9.42390482e-02	9.37811271e-02	7.13027467e-01
3206            	1.11765687e+00	-1.49337337e-02	9.54995338e-02	9.33169912e-02	7.25947876e-01
3207            	1.11690024e+00	-1.49953970e-02	9.53041314e-02	9.22112740e-02	7.33095812e-01
3208            	1.11606892e+00	-1.47798330e-02	9.32886717e-02	9.05482199e-02	7.34473320e-01
3209            	1.11559057e+00	-1.44743008e-02	9.00589212e-02	8.84348784e-02	7.29866887e-01
3210            	1.11575888e+00	-1.38680761e-02	8.39919490e-02	8.61265773e-02	7.20977148e-01
3211            	1.11644778e+00	-1.29171340e-02	7.52540740e-02	8.39544438e-02	7.09143929e-01
3212            	1.11705745e+00	-1.17084924e-02	6.53194852e-02	8.22176684e-02	6.94977297e-01
3213            	1.11724146e+00	-1.03341604e-02	5.52765171e-02	8.11072957e-02	6.80329790e-01
3214            	1.11711038e+00	-8.86538471e-03	4.54364813e-02	8.06849479e-02	6.66905930e-01
3215            	1.11695459e+00	-7.35846516e-03	3.56235022e-02	8.09056909e-02	6.55226568e-01
3216            	1.11699173e+00	-5.77552811e-03	2.51459127e-02	8.17611869e-02	6.45861291e-01
3217            	1.11721622e+00	-4.20696692e-03	1.45911913e-02	8.32162128e-02	6.37972129e-01
3218            	1.11749693e+00	-2.74077842e-03	4.93315799e-03	8.52057061e-02	6.31703123e-01
3219            	1.11766631e+00	-1.43809253e-03	-3.09783666e-03	8.75905122e-02	6.27858366e-01
3220            	1.11771692e+00	-5.56164397e-04	-7.89403649e-03	9.01473355e-02	6.26862811e-01
3221            	1.11768116e+00	-1.39529872e-04	-9.30316583e-03	9.25820767e-02	6.28423449e-01
3222            	1.11763665e+00	-1.94783098e-04	-7.35799609e-03	9.46120653e-02	6.31585990e-01
3223            	1.11752990e+00	-4.34061273e-04	-3.95357356e-03	9.60178421e-02	6.35020120e-01
3224            	1.11736159e+00	-8.17904420e-04	6.37044585e-04	9.66824376e-02	6.38302197e-01
3225            	1.11717232e+00	-1.21679725e-03	5.59681553e-03	9.65573409e-02	6.41171425e-01
3226            	1.11692450e+00	-1.87832594e-03	1.25123543e-02	9.56469843e-02	6.42866468e-01
3227            	1.11659919e+00	-2.91297317e-03	2.18495082e-02	9.39970765e-02	6.41639122e-01
3228            	1.11647406e+00	-4.32109109e-03	3.29993796e-02	9.16858359e-02	6.37800464e-01
3229            	1.11675739e+00	-5.99006101e-03	4.46647998e-02	8.89504265e-02	6.33923569e-01
3230            	1.11731010e+00	-7.96467481e-03	5.71065103e-02	8.61390452e-02	6.30988158e-01
3231            	1.11774595e+00	-1.01215286e-02	7.01486352e-02	8.36016678e-02	6.30106938e-01
3232            	1.11779678e+00	-1.21941462e-02	8.27480771e-02	8.15944939e-02	6.31090673e-01
3233            	1.11754880e+00	-1.38463538e-02	9.28213620e-02	8.02810191e-02	6.34354788e-01
3234            	1.11724875e+00	-1.49581669e-02	9.92870277e-02	7.96701547e-02	6.41380967e-01
3235            	1.11708663e+00	-1.55576606e-02	1.01953263e-01	7.97481981e-02	6.51128051e-01
3236            	1.11710308e+00	-1.57616611e-02	1.01445548e-01	8.05116924e-02	6.61963073e-01
3237            	1.11721990e+00	-1.54737449e-02	9.74020745e-02	8.19669387e-02	6.74120119e-01
3238            	1.11730867e+00	-1.48806557e-02	9.13768533e-02	8.40351454e-02	6.87198427e-01
3239            	1.11739792e+00	-1.41404966e-02	8.45128564e-02	8.64838384e-02	7.00159797e-01
3240            	1.11760374e+00	-1.33047698e-02	7.71129782e-02	8.90094530e-02	7.12033801e-01
3241            	1.11789530e+00	-1.22888095e-02	6.87214327e-02	9.13173100e-02	7.21021711e-01
3242            	1.11816401e+00	-1.10379109e-02	5.90988005e-02	9.31768171e-02	7.25625032e-01
3243            	1.11833065e+00	-9.52552263e-03	4.83079046e-02	9.44440407e-02	7.26429840e-01
3244            	1.11828692e+00	-7.85425568e-03	3.71472928e-02	9.50066200e-02	7.23681294e-01
3245            	1.11791441e+00	-6.27793042e-03	2.73156683e-02	9.48253972e-02	7.16851638e-01
3246            	1.11724007e+00	-4.80017507e-03	1.86978556e-02	9.39576683e-02	7.04940844e-01
3247            	1.11653987e+00	-3.50669818e-03	1.15029297e-02	9.24547349e-02	6.87554782e-01
3248            	1.11624177e+00	-2.23143550e-03	4.05546051e-03	9.04233004e-02	6.65697538e-01
3249            	1.11643422e+00	-1.19276242e-03	-2.29906064e-03	8.81499386e-02	6.42332000e-01
3250            	1.11676186e+00	-5.47195880e-04	-6.00174659e-03	8.60011522e-02	6.20527602e-01
3251            	1.11680922e+00	-4.74050991e-04	-5.20220423e-03	8.42573422e-02	6.01321185e-01
3252            	1.11649430e+00	-6.85138991e-04	-1.70656283e-03	8.30487287e-02	5.86411126e-01
3253            	1.11604701e+00	-1.05041421e-03	3.11947756e-03	8.24281566e-02	5.77044896e-01
3254            	1.11585748e+00	-1.47936150e-03	8.07591118e-03	8.23940496e-02	5.73208796e-01
3255            	1.11613706e+00	-2.00967473e-03	1.31107962e-02	8.29592564e-02	5.74984159e-01
3256            	1.11672678e+00	-2.71878830e-03	1.88386940e-02	8.40817118e-02	5.81194940e-01
3257            	1.11735282e+00	-3.62529614e-03	2.56246329e-02	8.57021687e-02	5.90874687e-01
3258            	1.11786337e+00	-4.84997130e-03	3.43608043e-02	8.76458206e-02	6.04723083e-01
3259            	1.11822480e+00	-6.46740874e-03	4.53048507e-02	8.96890111e-02	6.22912067e-01
3260            	1.11842910e+00	-8.49552848e-03	5.83954402e-02	9.15635387e-02	6.44174135e-01
3261            	1.11850279e+00	-1.06359487e-02	7.17072157e-02	9.29918647e-02	6.65731979e-01
3262            	1.11845021e+00	-1.24555398e-02	8.26703072e-02	9.38537494e-02	6.85103108e-01
3263            	1.11825479e+00	-1.36755232e-02	8.97133713e-02	9.40853554e-02	7.01713904e-01
3264            	1.11782228e+00	-1.44404592e-02	9.40314173e-02	9.36415209e-02	7.15859570e-01
3265            	1.11708084e+00	-1.48784942e-02	9.64487300e-02	9.25495235e-02	7.25910141e-01
3266            	1.11622395e+00	-1.50823170e-02	9.73179944e-02	9.08963992e-02	7.30090644e-01
3267            	1.11567435e+00	-1.50025059e-02	9.56639658e-02	8.87678637e-02	7.28169793e-01
3268            	1.11569450e+00	-1.46141486e-02	9.10159809e-02	8.64260983e-02	7.21139155e-01
3269            	1.11614798e+00	-1.38974774e-02	8.36949982e-02	8.41907096e-02	7.10802261e-01
3270            	1.11663567e+00	-1.29505437e-02	7.52041459e-02	8.23507216e-02	6.98664104e-01
3271            	1.11683199e+00	-1.18232439e-02	6.63975539e-02	8.10917580e-02	6.85587781e-01
3272            	1.11679369e+00	-1.06459349e-02	5.79691418e-02	8.05171608e-02	6.72365754e-01
3273            	1.11678262e+00	-9.28127726e-03	4.86245519e-02	8.06146140e-02	6.60577349e-01
3274            	1.11694285e+00	-7.76074221e-03	3.81825718e-02	8.13751560e-02	6.51266638e-01
3275            	1.11725465e+00	-6.08982031e-03	2.66041513e-02	8.27578921e-02	6.44682823e-01
3276            	1.11752315e+00	-4.37823260e-03	1.49487572e-02	8.47514447e-02	6.39858372e-01
3277            	1.11767219e+00	-2.78218640e-03	4.59590218e-03	8.71659273e-02	6.35613551e-01
3278            	1.11771991e+00	-1.34974311e-03	-4.15919504e-03	8.97397590e-02	6.32663054e-01
3279            	1.11770216e+00	-4.04821938e-04	-9.31294442e-03	9.22012771e-02	6.31989252e-01
3280            	1.11763255e+00	-3.69362631e-05	-1.03537834e-02	9.42604083e-02	6.32993423e-01
3281            	1.11752503e+00	-8.82960575e-05	-8.33492635e-03	9.57110998e-02	6.34386375e-01
3282            	1.11732779e+00	-2.67880168e-04	-5.16843560e-03	9.64397368e-02	6.35859031e-01
3283            	1.11698850e+00	-5.69357413e-04	-8.58476046e-04	9.63914757e-02	6.36958003e-01
3284            	1.11654247e+00	-1.00909469e-03	4.71064868e-03	9.55827714e-02	6.37493990e-01
3285            	1.11610257e+00	-1.74028038e-03	1.23000421e-02	9.40685018e-02	6.36803693e-01
3286            	1.11592521e+00	-2.77767248e-03	2.13808506e-02	9.19176068e-02	6.33260992e-01
3287            	1.11629332e+00	-4.07063568e-03	3.10120459e-02	8.93129560e-02	6.27467664e-01
3288            	1.11705768e+00	-5.56124034e-03	4.08838206e-02	8.65796993e-02	6.21984116e-01
3289            	1.11770228e+00	-7.44973399e-03	5.28677801e-02	8.40774161e-02	6.18819264e-01
3290            	1.11786452e+00	-9.61168545e-03	6.66551820e-02	8.20575727e-02	6.19574330e-01
3291            	1.11761118e+00	-1.16893538e-02	7.99200984e-02	8.06624624e-02	6.23583478e-01
3292            	1.11729562e+00	-1.33584892e-02	9.02820252e-02	7.99731627e-02	6.29993463e-01
3293            	1.11716037e+00	-1.44781899e-02	9.65391061e-02	7.99974912e-02	6.39923801e-01
3294            	1.11722969e+00	-1.51273318e-02	9.91432605e-02	8.07102635e-02	6.52880830e-01
3295            	1.11735212e+00	-1.53670833e-02	9.87248415e-02	8.21123743e-02	6.67617550e-01
3296            	1.11743564e+00	-1.51815135e-02	9.54602540e-02	8.41310871e-02	6.83037100e-01
3297            	1.11748082e+00	-1.47122853e-02	9.03420935e-02	8.65336937e-02	6.98026042e-01
3298            	1.11752810e+00	-1.40501354e-02	8.39827538e-02	8.90307611e-02	7.11309764e-01
3299            	1.11766022e+00	-1.32721745e-02	7.69836167e-02	9.13023886e-02	7.22194976e-01
3300            	1.11786400e+00	-1.24003534e-02	6.95639318e-02	9.30962090e-02	7.29186182e-01
3301            	1.11804913e+00	-1.12845795e-02	6.09340754e-02	9.42820686e-02	7.31048857e-01
3302            	1.11814397e+00	-9.86820191e-03	5.09186554e-02	9.47851053e-02	7.28250758e-01
3303            	1.11797367e+00	-8.26116735e-03	4.04254536e-02	9.45844584e-02	7.21539242e-01
3304            	1.11748843e+00	-6.73558574e-03	3.11186981e-02	9.37036788e-02	7.10407513e-01
3305            	1.11685986e+00	-5.26661129e-03	2.24385197e-02	9.22302498e-02	6.94837873e-01
3306            	1.11652821e+00	-3.81531196e-03	1.34875033e-02	9.02678069e-02	6.73838005e-01
3307            	1.11668129e+00	-2.37313549e-03	4.14857872e-03	8.80293414e-02	6.49131304e-01
3308            	1.11701889e+00	-1.15288557e-03	-3.65078786e-03	8.58779973e-02	6.24763591e-01
3309            	1.11708446e+00	-4.50360858e-04	-7.26337019e-03	8.41038705e-02	6.03264936e-01
3310            	1.11677186e+00	-3.99102875e-04	-5.70203434e-03	8.28592697e-02	5.85575255e-01
3311            	1.11632488e+00	-6.20338427e-04	-1.93991665e-03	8.21963529e-02	5.73483376e-01
3312            	1.11603616e+00	-9.23843620e-04	2.19678178e-03	8.21468683e-02	5.67583459e-01
3313            	1.11609207e+00	-1.32283731e-03	6.48061791e-03	8.27193626e-02	5.67603422e-01
3314            	1.11648273e+00	-1.78500686e-03	1.07757917e-02	8.38841516e-02	5.73341669e-01
3315            	1.11702608e+00	-2.39756657e-03	1.58874890e-02	8.55878637e-02	5.83529003e-01
3316            	1.11756776e+00	-3.24612566e-03	2.24914057e-02	8.76425406e-02	5.96630029e-01
3317            	1.11809400e+00	-4.43686033e-03	3.11232977e-02	8.97929511e-02	6.12342506e-01
3318            	1.11850051e+00	-6.06791167e-03	4.23062112e-02	9.17513447e-02	6.31078249e-01
3319            	1.11873267e+00	-8.14819694e-03	5.59289590e-02	9.32676907e-02	6.51492330e-01
3320            	1.11872802e+00	-1.02478239e-02	6.92222080e-02	9.41668318e-02	6.71697553e-01
3321            	1.11850724e+00	-1.20052948e-02	8.00834742e-02	9.43862227e-02	6.89330323e-01
3322            	1.11805634e+00	-1.32772590e-02	8.78885002e-02	9.39596831e-02	7.03643526e-01
3323            	1.11735863e+00	-1.41825244e-02	9.35406637e-02	9.28933138e-02	7.14934947e-01
3324            	1.11651955e+00	-1.48407233e-02	9.75818255e-02	9.12532630e-02	7.22134919e-01
3325            	1.11593031e+00	-1.51927253e-02	9.89454214e-02	8.91323919e-02	7.23273297e-01
3326            	1.11589974e+00	-1.50904002e-02	9.62722126e-02	8.67731521e-02	7.18818735e-01
3327            	1.11624286e+00	-1.44745653e-02	8.95830892e-02	8.44992830e-02	7.10587591e-01
3328            	1.11654926e+00	-1.37232447e-02	8.22289439e-02	8.25948995e-02	7.00112218e-01
3329            	1.11659552e+00	-1.29239808e-02	7.53285025e-02	8.12289189e-02	6.88751163e-01
3330            	1.11649530e+00	-1.20786147e-02	6.87446304e-02	8.05100412e-02	6.77096967e-01
3331            	1.11652036e+00	-1.10561631e-02	6.11809282e-02	8.04610428e-02	6.65434840e-01
3332            	1.11682535e+00	-9.64747616e-03	5.10202166e-02	8.11056394e-02	6.56009017e-01
3333            	1.11729440e+00	-7.96864285e-03	3.90020762e-02	8.24047514e-02	6.49533455e-01
3334            	1.11769325e+00	-6.19822002e-03	2.65742612e-02	8.43210251e-02	6.46033875e-01
3335            	1.11786466e+00	-4.41598250e-03	1.45823607e-02	8.67272929e-02	6.43491667e-01
3336            	1.11788766e+00	-2.80645608e-03	4.26801965e-03	8.93403148e-02	6.40468963e-01
3337            	1.11782219e+00	-1.31092986e-03	-4.83251491e-03	9.18267921e-02	6.37794899e-01
3338            	1.11772809e+00	-3.00585797e-04	-1.03579408e-02	9.39128300e-02	6.36267744e-01
3339            	1.11760809e+00	7.42341801e-05	-1.13523730e-02	9.53899066e-02	6.35713743e-01
3340            	1.11740725e+00	8.12930919e-05	-9.57832575e-03	9.61477152e-02	6.34863905e-01
3341            	1.11705399e+00	-8.01432682e-05	-6.28745348e-03	9.61544151e-02	6.34006152e-01
3342            	1.11647769e+00	-3.90374228e-04	-1.57807549e-03	9.54146158e-02	6.32887181e-01
3343            	1.11581828e+00	-9.56596845e-04	5.03253591e-03	9.39830376e-02	6.31074842e-01
3344            	1.11544105e+00	-1.70831313e-03	1.24948364e-02	9.19585917e-02	6.27988389e-01
3345            	1.11571195e+00	-2.66364782e-03	2.02700971e-02	8.95050210e-02	6.22808739e-01
3346            	1.11653610e+00	-3.76244275e-03	2.79795779e-02	8.68939589e-02	6.15942766e-01
3347            	1.11739825e+00	-5.16499394e-03	3.72996214e-02	8.44621077e-02	6.10182942e-01
3348            	1.11778433e+00	-7.02727735e-03	4.97937043e-02	8.24721762e-02	6.08240944e-01
3349            	1.11765154e+00	-9.17241172e-03	6.41270372e-02	8.10737012e-02	6.11596467e-01
3350            	1.11731541e+00	-1.11852352e-02	7.71817794e-02	8.03110084e-02	6.19011854e-01
3351            	1.11712956e+00	-1.28441394e-02	8.72700432e-02	8.02532412e-02	6.29072607e-01
3352            	1.11719157e+00	-1.39459620e-02	9.30460407e-02	8.09203529e-02	6.41873374e-01
3353            	1.11736206e+00	-1.46521701e-02	9.58677907e-02	8.22691728e-02	6.58044401e-01
3354            	1.11745265e+00	-1.49063054e-02	9.56413369e-02	8.42512515e-02	6.76348706e-01
3355            	1.11748707e+00	-1.48239231e-02	9.31651531e-02	8.66329024e-02	6.93929946e-01
3356            	1.11749601e+00	-1.43751375e-02	8.82238940e-02	8.91065621e-02	7.09677357e-01
3357            	1.11750438e+00	-1.38172715e-02	8.25868680e-02	9.13611101e-02	7.22075755e-01
3358            	1.11753655e+00	-1.31649031e-02	7.64586631e-02	9.31311537e-02	7.30579003e-01
3359            	1.11762110e+00	-1.23235880e-02	6.93543271e-02	9.42705921e-02	7.34760649e-01
3360            	1.11770060e+00	-1.12763190e-02	6.13466588e-02	9.47008579e-02	7.33398814e-01
3361            	1.11763996e+00	-9.98084646e-03	5.23625701e-02	9.44383399e-02	7.26741494e-01
3362            	1.11734631e+00	-8.50973285e-03	4.29468105e-02	9.35224711e-02	7.15945758e-01
3363            	1.11690374e+00	-7.04734642e-03	3.39409674e-02	9.20218072e-02	7.00975513e-01
3364            	1.11667750e+00	-5.51670424e-03	2.41169419e-02	9.00570290e-02	6.81952447e-01
3365            	1.11682352e+00	-3.89403789e-03	1.32178169e-02	8.78672110e-02	6.58365622e-01
3366            	1.11713240e+00	-2.27295354e-03	2.42136916e-03	8.57349838e-02	6.32506132e-01
3367            	1.11719083e+00	-8.99903740e-04	-5.93558608e-03	8.39418445e-02	6.08209701e-01
3368            	1.11690602e+00	-2.82029019e-04	-8.37244960e-03	8.26676690e-02	5.88247562e-01
3369            	1.11646283e+00	-1.70043055e-04	-6.97451091e-03	8.19731192e-02	5.73421286e-01
3370            	1.11617554e+00	-3.02316691e-04	-4.06370105e-03	8.18918713e-02	5.64682070e-01
3371            	1.11616352e+00	-4.88510176e-04	-1.19667166e-03	8.24505307e-02	5.62223373e-01
3372            	1.11636698e+00	-8.34197187e-04	2.39656628e-03	8.36174227e-02	5.65721734e-01
3373            	1.11670327e+00	-1.26434134e-03	6.45245913e-03	8.53654973e-02	5.75146052e-01
3374            	1.11713182e+00	-1.87979896e-03	1.17477272e-02	8.75153530e-02	5.88925714e-01
3375            	1.11765698e+00	-2.71762641e-03	1.83683720e-02	8.97873987e-02	6.04457702e-01
3376            	1.11821423e+00	-3.88220530e-03	2.69243339e-02	9.18568754e-02	6.20865595e-01
3377            	1.11867895e+00	-5.46596249e-03	3.79408320e-02	9.34588133e-02	6.38599869e-01
3378            	1.11887977e+00	-7.43874250e-03	5.11108656e-02	9.44381174e-02	6.56896119e-01
3379            	1.11874804e+00	-9.42129056e-03	6.39819547e-02	9.47001927e-02	6.75040923e-01
3380            	1.11830263e+00	-1.11877708e-02	7.53669224e-02	9.42646036e-02	6.90393076e-01
3381            	1.11758547e+00	-1.26239675e-02	8.47224224e-02	9.32116771e-02	7.01977666e-01
3382            	1.11675080e+00	-1.37379361e-02	9.19426718e-02	9.15907762e-02	7.10294121e-01
3383            	1.11617123e+00	-1.45064526e-02	9.62618477e-02	8.94907177e-02	7.14484342e-01
3384            	1.11611378e+00	-1.48922477e-02	9.69871875e-02	8.71379931e-02	7.13221471e-01
3385            	1.11644860e+00	-1.46925254e-02	9.31290798e-02	8.48371045e-02	7.07582862e-01
3386            	1.11670089e+00	-1.41907775e-02	8.73617349e-02	8.28785796e-02	6.99197887e-01
3387            	1.11659423e+00	-1.35992817e-02	8.16869468e-02	8.14483473e-02	6.89437436e-01
3388            	1.11631914e+00	-1.29720634e-02	7.63230179e-02	8.06365985e-02	6.79656936e-01
3389            	1.11625857e+00	-1.22358121e-02	7.03356109e-02	8.04631387e-02	6.69984509e-01
3390            	1.11658397e+00	-1.11946204e-02	6.21541344e-02	8.09665809e-02	6.60853934e-01
3391            	1.11719064e+00	-9.78359694e-03	5.14323682e-02	8.21469743e-02	6.53884056e-01
3392            	1.11778483e+00	-8.06580503e-03	3.89446400e-02	8.39778623e-02	6.50355200e-01
3393            	1.11813625e+00	-6.27269861e-03	2.64633781e-02	8.63226511e-02	6.49034437e-01
3394            	1.11822666e+00	-4.44791781e-03	1.43044115e-02	8.89351062e-02	6.47832443e-01
3395            	1.11814348e+00	-2.73298156e-03	3.35757856e-03	9.14688435e-02	6.45055890e-01
3396            	1.11798931e+00	-1.16517094e-03	-6.16240121e-03	9.35890828e-02	6.41556459e-01
3397            	1.11784625e+00	-1.88701036e-04	-1.13858717e-02	9.50979600e-02	6.38374375e-01
3398            	1.11764401e+00	2.79947495e-04	-1.28421014e-02	9.58735195e-02	6.35558892e-01
3399            	1.11729229e+00	3.23494287e-04	-1.10765026e-02	9.58986849e-02	6.32116333e-01
3400            	1.11670246e+00	2.09955617e-04	-7.77468047e-03	9.52005236e-02	6.28701722e-01
3401            	1.11592626e+00	-1.81437237e-04	-2.32628532e-03	9.38328277e-02	6.25233692e-01
3402            	1.11530564e+00	-8.10930060e-04	4.46934437e-03	9.18875607e-02	6.21274513e-01
3403            	1.11533699e+00	-1.54693657e-03	1.10313995e-02	8.95287887e-02	6.16332556e-01
3404            	1.11605120e+00	-2.35508833e-03	1.71348540e-02	8.70322275e-02	6.10296226e-01
3405            	1.11696385e+00	-3.36248376e-03	2.42195679e-02	8.46999580e-02	6.03487005e-01
3406            	1.11755851e+00	-4.75420845e-03	3.41233112e-02	8.27721843e-02	5.98953568e-01
3407            	1.11765790e+00	-6.60053132e-03	4.71721140e-02	8.13956949e-02	5.99378697e-01
3408            	1.11744665e+00	-8.64665190e-03	6.11081735e-02	8.06374370e-02	6.05752914e-01
3409            	1.11724931e+00	-1.05670488e-02	7.33815652e-02	8.05258083e-02	6.16721845e-01
3410            	1.11724918e+00	-1.22013522e-02	8.29839279e-02	8.11191643e-02	6.30190041e-01
3411            	1.11737522e+00	-1.33544383e-02	8.89487074e-02	8.24275475e-02	6.46328034e-01
3412            	1.11750657e+00	-1.41028000e-02	9.21497520e-02	8.43773992e-02	6.65912427e-01
3413            	1.11756219e+00	-1.44416053e-02	9.26132845e-02	8.67438126e-02	6.86559050e-01
3414            	1.11757920e+00	-1.44327203e-02	9.06792991e-02	8.92239532e-02	7.05160522e-01
3415            	1.11754840e+00	-1.40989201e-02	8.65563151e-02	9.14756868e-02	7.20215385e-01
3416            	1.11747082e+00	-1.35509600e-02	8.10662163e-02	9.32495825e-02	7.30726446e-01
3417            	1.11735008e+00	-1.29076676e-02	7.51302850e-02	9.43787766e-02	7.36512470e-01
3418            	1.11727676e+00	-1.21579012e-02	6.88147519e-02	9.47664408e-02	7.37064149e-01
3419            	1.11718649e+00	-1.12157261e-02	6.17688372e-02	9.44288862e-02	7.31926410e-01
3420            	1.11697740e+00	-1.00801412e-02	5.40506243e-02	9.34486823e-02	7.21313248e-01
3421            	1.11671515e+00	-8.71296449e-03	4.52218134e-02	9.19078781e-02	7.06837375e-01
3422            	1.11667006e+00	-7.22309463e-03	3.52757484e-02	8.99133728e-02	6.88383187e-01
3423            	1.11693602e+00	-5.51767082e-03	2.34278504e-02	8.76978299e-02	6.66574833e-01
3424            	1.11725877e+00	-3.69754646e-03	1.09052139e-02	8.55813572e-02	6.41910520e-01
3425            	1.11728691e+00	-2.01414058e-03	1.24225378e-04	8.37950886e-02	6.16576841e-01
3426            	1.11696299e+00	-7.34343588e-04	-6.98394797e-03	8.24907497e-02	5.93895468e-01
3427            	1.11651771e+00	-6.12402664e-05	-9.52016874e-03	8.17581773e-02	5.76206155e-01
3428            	1.11621838e+00	1.65458286e-04	-9.14837564e-03	8.16261097e-02	5.64551450e-01
3429            	1.11620224e+00	1.71729727e-04	-7.66866822e-03	8.21449384e-02	5.59231386e-01
3430            	1.11638015e+00	2.17702753e-05	-5.42908368e-03	8.33085884e-02	5.60591770e-01
3431            	1.11656495e+00	-2.75298245e-04	-2.21085211e-03	8.50752637e-02	5.68108731e-01
3432            	1.11675928e+00	-6.45775584e-04	1.60685629e-03	8.72669687e-02	5.80649410e-01
3433            	1.11712511e+00	-1.21849123e-03	6.71819889e-03	8.96294778e-02	5.96705388e-01
3434            	1.11763774e+00	-2.06035072e-03	1.34602477e-02	9.18261745e-02	6.13366792e-01
3435            	1.11821970e+00	-3.24161455e-03	2.22408647e-02	9.35514433e-02	6.29097376e-01
3436            	1.11867520e+00	-4.76357522e-03	3.30472098e-02	9.46249236e-02	6.44865690e-01
3437            	1.11877723e+00	-6.56390959e-03	4.53993166e-02	9.49645409e-02	6.60606513e-01
3438            	1.11844246e+00	-8.42400596e-03	5.79414161e-02	9.45745290e-02	6.76186412e-01
3439            	1.11772307e+00	-1.02415050e-02	7.01738626e-02	9.35177227e-02	6.89032355e-01
3440            	1.11685636e+00	-1.18793946e-02	8.11088698e-02	9.19087464e-02	6.97569707e-01
3441            	1.11626787e+00	-1.32006059e-02	8.92912207e-02	8.98322668e-02	7.02534853e-01
3442            	1.11623182e+00	-1.40299042e-02	9.31659420e-02	8.74983694e-02	7.04160613e-01
3443            	1.11656794e+00	-1.43411224e-02	9.28288402e-02	8.51970630e-02	7.01791197e-01
3444            	1.11682866e+00	-1.42038464e-02	8.95387332e-02	8.32083378e-02	6.96246496e-01
3445            	1.11669151e+00	-1.38703704e-02	8.55313727e-02	8.17195336e-02	6.88719281e-01
3446            	1.11627283e+00	-1.34910780e-02	8.16939954e-02	8.08351137e-02	6.80153915e-01
3447            	1.11601115e+00	-1.29746741e-02	7.69719903e-02	8.05717179e-02	6.72050388e-01
3448            	1.11621784e+00	-1.22403764e-02	7.05203308e-02	8.09557266e-02	6.64966054e-01
3449            	1.11681526e+00	-1.11943839e-02	6.17974371e-02	8.20045307e-02	6.58828682e-01
3450            	1.11755191e+00	-9.79315660e-03	5.09089537e-02	8.37170421e-02	6.54893642e-01
3451            	1.11813137e+00	-8.07875825e-03	3.84919368e-02	8.59928949e-02	6.53732044e-01
3452            	1.11843675e+00	-6.25242466e-03	2.58774126e-02	8.85588757e-02	6.53350340e-01
3453            	1.11846869e+00	-4.39578138e-03	1.35679871e-02	9.10952858e-02	6.52371140e-01
3454            	1.11830343e+00	-2.63560688e-03	2.39398170e-03	9.32737888e-02	6.49213562e-01
3455            	1.11808946e+00	-1.09710085e-03	-6.84844327e-03	9.48239133e-02	6.44192279e-01
3456            	1.11785213e+00	-3.37571159e-05	-1.24967096e-02	9.56297894e-02	6.38424567e-01
3457            	1.11751115e+00	5.41903176e-04	-1.44521811e-02	9.56697323e-02	6.32695901e-01
3458            	1.11694440e+00	6.64047489e-04	-1.28934236e-02	9.49877919e-02	6.26546517e-01
3459            	1.11620062e+00	4.71893071e-04	-8.87454924e-03	9.36600738e-02	6.20890521e-01
3460            	1.11549245e+00	1.26917909e-05	-3.19992530e-03	9.17701322e-02	6.15161984e-01
3461            	1.11526836e+00	-5.67913769e-04	2.46828444e-03	8.94650218e-02	6.08921157e-01
3462            	1.11572176e+00	-1.20628950e-03	7.64481000e-03	8.70261650e-02	6.02717727e-01
3463            	1.11651972e+00	-1.92554729e-03	1.30781073e-02	8.47793780e-02	5.96938518e-01
3464            	1.11715286e+00	-2.94184197e-03	2.08216751e-02	8.29318166e-02	5.91674417e-01
3465            	1.11746614e+00	-4.34039513e-03	3.14084238e-02	8.16138615e-02	5.89604344e-01
3466            	1.11751965e+00	-6.03229017e-03	4.36838707e-02	8.08785577e-02	5.93023421e-01
3467            	1.11749446e+00	-7.90449811e-03	5.63125559e-02	8.07779494e-02	6.02228459e-01
3468            	1.11750911e+00	-9.75192860e-03	6.78216327e-02	8.13405861e-02	6.16572121e-01
3469            	1.11756988e+00	-1.13997688e-02	7.73977003e-02	8.25879646e-02	6.33622004e-01
3470            	1.11765245e+00	-1.26702759e-02	8.42461162e-02	8.45080411e-02	6.53300964e-01
3471            	1.11772467e+00	-1.34821075e-02	8.80119206e-02	8.68681109e-02	6.75272987e-01
3472            	1.11777354e+00	-1.39283273e-02	8.92299667e-02	8.93575421e-02	6.97169805e-01
3473            	1.11774264e+00	-1.39983488e-02	8.79007538e-02	9.16318803e-02	7.15411151e-01
3474            	1.11765675e+00	-1.37404162e-02	8.43703276e-02	9.34102706e-02	7.28637982e-01
3475            	1.11745072e+00	-1.33228346e-02	7.98725179e-02	9.45313512e-02	7.36297602e-01
3476            	1.11717276e+00	-1.27582702e-02	7.46419221e-02	9.49114858e-02	7.38529991e-01
3477            	1.11689311e+00	-1.20493060e-02	6.88775967e-02	9.45469649e-02	7.35300353e-01
3478            	1.11661170e+00	-1.12218656e-02	6.28502204e-02	9.35110499e-02	7.26560005e-01
3479            	1.11640227e+00	-1.02216689e-02	5.59809566e-02	9.19057278e-02	7.12345087e-01
3480            	1.11653172e+00	-8.92475895e-03	4.68628855e-02	8.98621952e-02	6.94271306e-01
3481            	1.11700329e+00	-7.26828365e-03	3.49171547e-02	8.76106909e-02	6.73020136e-01
3482            	1.11747923e+00	-5.41642516e-03	2.17557960e-02	8.54467861e-02	6.49708641e-01
3483            	1.11753542e+00	-3.52125798e-03	9.15728426e-03	8.36456323e-02	6.25682650e-01
3484            	1.11715558e+00	-1.91631686e-03	-4.60330097e-04	8.23303420e-02	6.02190000e-01
3485            	1.11664127e+00	-6.86618511e-04	-6.94497032e-03	8.15587813e-02	5.81814048e-01
3486            	1.11631632e+00	1.07200836e-04	-1.05255449e-02	8.13741498e-02	5.66932752e-01
3487            	1.11629480e+00	5.04565756e-04	-1.17940131e-02	8.18397918e-02	5.58965833e-01
3488            	1.11648121e+00	5.68105482e-04	-1.11066595e-02	8.29600851e-02	5.57416400e-01
3489            	1.11663977e+00	4.62154328e-04	-9.21364060e-03	8.47165145e-02	5.62637701e-01
3490            	1.11667936e+00	2.18358615e-04	-6.22108772e-03	8.69359363e-02	5.73508383e-01
3491            	1.11679407e+00	-1.94139633e-04	-2.05725726e-03	8.93470089e-02	5.88496562e-01
3492            	1.11712093e+00	-7.73190364e-04	3.15586929e-03	9.16407117e-02	6.05474907e-01
3493            	1.11762638e+00	-1.61029140e-03	9.96740205e-03	9.34982293e-02	6.21809855e-01
3494            	1.11817652e+00	-2.72825221e-03	1.85026845e-02	9.47049405e-02	6.35992385e-01
3495            	1.11853883e+00	-4.11095682e-03	2.86417870e-02	9.51517191e-02	6.49262034e-01
3496            	1.11845198e+00	-5.74714488e-03	4.03489730e-02	9.48393591e-02	6.62189283e-01
3497            	1.11784865e+00	-7.57323889e-03	5.32175063e-02	9.38449597e-02	6.74847654e-01
3498            	1.11695082e+00	-9.45001031e-03	6.61636173e-02	9.22415063e-02	6.84838450e-01
3499            	1.11628107e+00	-1.12759222e-02	7.80080904e-02	9.01571300e-02	6.90489514e-01
3500            	1.11618911e+00	-1.26114815e-02	8.54619633e-02	8.78360529e-02	6.92862976e-01
3501            	1.11655527e+00	-1.34300458e-02	8.86559456e-02	8.55355592e-02	6.92767005e-01
3502            	1.11684264e+00	-1.37197417e-02	8.83095709e-02	8.35384116e-02	6.90480673e-01
3503            	1.11673936e+00	-1.37521479e-02	8.67797520e-02	8.20203894e-02	6.85649852e-01
3504            	1.11631212e+00	-1.35419610e-02	8.40688379e-02	8.10804181e-02	6.79547478e-01
3505            	1.11589703e+00	-1.32321899e-02	8.06483848e-02	8.07534601e-02	6.72859683e-01
3506            	1.11586422e+00	-1.27274506e-02	7.55927424e-02	8.10574227e-02	6.66995984e-01
3507            	1.11630619e+00	-1.19996969e-02	6.87213340e-02	8.20079978e-02	6.62682853e-01
3508            	1.11701638e+00	-1.09925164e-02	6.00342200e-02	8.36013298e-02	6.59777972e-01
3509            	1.11773688e+00	-9.63767552e-03	4.94559201e-02	8.57733023e-02	6.58522185e-01
3510            	1.11829411e+00	-7.90520838e-03	3.69460316e-02	8.82789867e-02	6.58767624e-01
3511            	1.11857333e+00	-6.06893502e-03	2.43288707e-02	9.07786767e-02	6.58463915e-01
3512            	1.11852382e+00	-4.19905599e-03	1.20326443e-02	9.29448416e-02	6.56825775e-01
3513            	1.11827078e+00	-2.44260581e-03	9.78683985e-04	9.45424494e-02	6.52297003e-01
3514            	1.11797456e+00	-9.92440506e-04	-7.54790644e-03	9.53915334e-02	6.44975024e-01
3515            	1.11761210e+00	1.96790049e-04	-1.38403819e-02	9.54479858e-02	6.36232782e-01
3516            	1.11708361e+00	8.58439485e-04	-1.60761495e-02	9.47751633e-02	6.27678942e-01
3517            	1.11636071e+00	1.02788801e-03	-1.46187273e-02	9.34577763e-02	6.19215219e-01
3518            	1.11565838e+00	7.78213681e-04	-1.04048296e-02	9.15977464e-02	6.11184200e-01
3519            	1.11535208e+00	3.65081535e-04	-5.82915148e-03	8.93426921e-02	6.03272653e-01
3520            	1.11558969e+00	-1.62325967e-04	-1.31783230e-03	8.69514119e-02	5.95407801e-01
3521            	1.11615428e+00	-6.79306696e-04	2.91106507e-03	8.47469526e-02	5.88980471e-01
3522            	1.11664780e+00	-1.34719592e-03	8.58733127e-03	8.29604090e-02	5.84574497e-01
3523            	1.11696179e+00	-2.36185005e-03	1.69592206e-02	8.17122969e-02	5.81963814e-01
3524            	1.11721701e+00	-3.71355835e-03	2.74299123e-02	8.10311888e-02	5.82586606e-01
3525            	1.11747734e+00	-5.21320232e-03	3.82275913e-02	8.09488047e-02	5.88948071e-01
3526            	1.11769202e+00	-6.90207271e-03	4.93842236e-02	8.15251541e-02	6.01242062e-01
3527            	1.11780249e+00	-8.66822200e-03	6.02961507e-02	8.27591599e-02	6.19043088e-01
3528            	1.11783048e+00	-1.03539332e-02	7.02549801e-02	8.46260161e-02	6.39725012e-01
3529            	1.11784741e+00	-1.16906387e-02	7.77059012e-02	8.69720211e-02	6.62114858e-01
3530            	1.11790439e+00	-1.26575257e-02	8.25338905e-02	8.94772421e-02	6.85068217e-01
3531            	1.11790611e+00	-1.32135368e-02	8.45699838e-02	9.17785537e-02	7.06578125e-01
3532            	1.11784678e+00	-1.34449995e-02	8.43940172e-02	9.35846762e-02	7.23164114e-01
3533            	1.11767509e+00	-1.32791819e-02	8.16409826e-02	9.47245872e-02	7.33781652e-01
3534            	1.11735000e+00	-1.28374613e-02	7.71901572e-02	9.51185319e-02	7.38359130e-01
3535            	1.11687968e+00	-1.23260862e-02	7.26026789e-02	9.47628361e-02	7.36860091e-01
3536            	1.11638962e+00	-1.17549211e-02	6.80586308e-02	9.37066796e-02	7.29947056e-01
3537            	1.11604965e+00	-1.11816850e-02	6.37100387e-02	9.20417111e-02	7.17622663e-01
3538            	1.11619369e+00	-1.03414958e-02	5.71806962e-02	8.99220424e-02	7.00203276e-01
3539            	1.11686221e+00	-8.98195129e-03	4.66865727e-02	8.76058683e-02	6.79346126e-01
3540            	1.11761057e+00	-7.14614412e-03	3.31388273e-02	8.53919517e-02	6.56757594e-01
3541            	1.11787980e+00	-5.18661838e-03	1.96567289e-02	8.35156643e-02	6.33530352e-01
3542            	1.11753557e+00	-3.35593055e-03	8.13577795e-03	8.21543414e-02	6.11108828e-01
3543            	1.11694243e+00	-1.92550770e-03	-2.77379256e-05	8.13715825e-02	5.89980515e-01
3544            	1.11653005e+00	-6.34897492e-04	-7.14925385e-03	8.11424998e-02	5.72519081e-01
3545            	1.11648159e+00	3.40920196e-04	-1.24503831e-02	8.15518716e-02	5.61183203e-01
3546            	1.11666893e+00	9.65982053e-04	-1.56358354e-02	8.26165367e-02	5.57031813e-01
3547            	1.11684957e+00	1.11386032e-03	-1.55802664e-02	8.43375044e-02	5.59250090e-01
3548            	1.11689140e+00	1.02386531e-03	-1.36833194e-02	8.65630753e-02	5.67947318e-01
3549            	1.11687206e+00	7.24630628e-04	-1.02768536e-02	8.90128597e-02	5.81340770e-01
3550            	1.11694105e+00	2.60090488e-04	-5.72547883e-03	9.13604297e-02	5.97389448e-01
3551            	1.11721262e+00	-3.39421712e-04	-3.02176629e-04	9.33065711e-02	6.13841366e-01
3552            	1.11766351e+00	-1.11377819e-03	6.24687223e-03	9.46395367e-02	6.28777982e-01
3553            	1.11811856e+00	-2.15324256e-03	1.44720427e-02	9.52142188e-02	6.40724336e-01
3554            	1.11829943e+00	-3.40092974e-03	2.41059371e-02	9.50047719e-02	6.51252930e-01
3555            	1.11795494e+00	-4.93292126e-03	3.56877061e-02	9.40817151e-02	6.61511839e-01
3556            	1.11717075e+00	-6.78932341e-03	4.91478692e-02	9.25487064e-02	6.71083504e-01
3557            	1.11644015e+00	-8.77736144e-03	6.25670554e-02	9.04917624e-02	6.78103119e-01
3558            	1.11624529e+00	-1.06115406e-02	7.36654074e-02	8.81703340e-02	6.81413223e-01
3559            	1.11655988e+00	-1.19163062e-02	8.02867972e-02	8.58796924e-02	6.81867693e-01
3560            	1.11689593e+00	-1.27267592e-02	8.35450257e-02	8.38713670e-02	6.81396228e-01
3561            	1.11682828e+00	-1.31961119e-02	8.50501457e-02	8.23291574e-02	6.79899808e-01
3562            	1.11641054e+00	-1.33843906e-02	8.50793694e-02	8.13590737e-02	6.76566968e-01
3563            	1.11594883e+00	-1.32702071e-02	8.29979600e-02	8.09729765e-02	6.72100607e-01
3564            	1.11576876e+00	-1.29637957e-02	7.91791741e-02	8.12159677e-02	6.67537392e-01
3565            	1.11598514e+00	-1.24170920e-02	7.33735398e-02	8.20961961e-02	6.64300305e-01
3566            	1.11652525e+00	-1.16961554e-02	6.63461259e-02	8.36045501e-02	6.62986438e-01
3567            	1.11720182e+00	-1.07232457e-02	5.79333875e-02	8.56705054e-02	6.63235990e-01
3568            	1.11788086e+00	-9.43294774e-03	4.78105261e-02	8.80889545e-02	6.63686362e-01
3569            	1.11839879e+00	-7.75043146e-03	3.56481951e-02	9.05449245e-02	6.63957733e-01
3570            	1.11858591e+00	-5.88698967e-03	2.29231529e-02	9.26863241e-02	6.62489177e-01
3571            	1.11846524e+00	-4.00342450e-03	1.06257734e-02	9.42649952e-02	6.59253606e-01
3572            	1.11814443e+00	-2.32573205e-03	2.28280461e-04	9.51562670e-02	6.52927550e-01
3573            	1.11771717e+00	-8.61578881e-04	-8.19716304e-03	9.52510378e-02	6.43120977e-01
3574            	1.11714022e+00	4.07185401e-04	-1.47237968e-02	9.45915294e-02	6.31703262e-01
3575            	1.11642077e+00	1.17578328e-03	-1.74473648e-02	9.32884063e-02	6.20472869e-01
3576            	1.11573570e+00	1.32430592e-03	-1.60219815e-02	9.14453536e-02	6.09882623e-01
3577            	1.11544495e+00	1.07700322e-03	-1.26312431e-02	8.92141597e-02	5.99667905e-01
3578            	1.11562746e+00	7.07116113e-04	-9.21412956e-03	8.68450827e-02	5.90132264e-01
3579            	1.11600313e+00	2.91686831e-04	-5.63685928e-03	8.46504131e-02	5.82042183e-01
3580            	1.11625879e+00	-1.76692082e-04	-1.18706976e-03	8.28769722e-02	5.76600852e-01
3581            	1.11640062e+00	-8.75992225e-04	5.33647746e-03	8.16680651e-02	5.74432396e-01
3582            	1.11662629e+00	-1.89252276e-03	1.39261323e-02	8.10422421e-02	5.74940284e-01
3583            	1.11705297e+00	-3.04496858e-03	2.28449765e-02	8.10017331e-02	5.78545366e-01
3584            	1.11755939e+00	-4.28707847e-03	3.16364062e-02	8.15955697e-02	5.87938781e-01
3585            	1.11789415e+00	-5.80750079e-03	4.16218137e-02	8.28460796e-02	6.03186064e-01
3586            	1.11798361e+00	-7.49383369e-03	5.21926816e-02	8.47258126e-02	6.24103947e-01
3587            	1.11795622e+00	-9.21772600e-03	6.26122737e-02	8.70480555e-02	6.47666901e-01
3588            	1.11797449e+00	-1.07200312e-02	7.12303377e-02	8.95642165e-02	6.71390557e-01
3589            	1.11800294e+00	-1.18170838e-02	7.70025048e-02	9.19100221e-02	6.93958041e-01
3590            	1.11798056e+00	-1.25102134e-02	8.00537438e-02	9.37596346e-02	7.13579269e-01
3591            	1.11782364e+00	-1.28204246e-02	8.05877483e-02	9.49432377e-02	7.27644836e-01
3592            	1.11750682e+00	-1.27320433e-02	7.85506973e-02	9.53617097e-02	7.35046336e-01
3593            	1.11699442e+00	-1.24511578e-02	7.54315909e-02	9.50164181e-02	7.36052918e-01
3594            	1.11633865e+00	-1.20923777e-02	7.21422279e-02	9.39689864e-02	7.30823376e-01
3595            	1.11577471e+00	-1.17269519e-02	6.89994357e-02	9.22980058e-02	7.20353158e-01
3596            	1.11577397e+00	-1.12254030e-02	6.45005161e-02	9.01282268e-02	7.05098573e-01
3597            	1.11645022e+00	-1.03064242e-02	5.65239268e-02	8.77398347e-02	6.85458910e-01
3598            	1.11739911e+00	-8.79635497e-03	4.45519414e-02	8.54432706e-02	6.63064589e-01
3599            	1.11796142e+00	-6.90924136e-03	3.09884274e-02	8.34946275e-02	6.40209979e-01
3600            	1.11783430e+00	-5.06902516e-03	1.89465023e-02	8.20425607e-02	6.18121114e-01
3601            	1.11730194e+00	-3.41536716e-03	8.92591099e-03	8.11855790e-02	5.98208239e-01
3602            	1.11682499e+00	-1.93201506e-03	2.29019467e-04	8.09240396e-02	5.80165699e-01
3603            	1.11668425e+00	-4.84330336e-04	-8.43483939e-03	8.12768113e-02	5.66296288e-01
3604            	1.11683232e+00	7.40016296e-04	-1.58239896e-02	8.22835989e-02	5.58447520e-01
3605            	1.11703766e+00	1.46420220e-03	-1.97938519e-02	8.39598766e-02	5.58243555e-01
3606            	1.11712516e+00	1.63194555e-03	-1.97827689e-02	8.61663303e-02	5.64090720e-01
3607            	1.11712995e+00	1.51573029e-03	-1.77005269e-02	8.86238248e-02	5.75156939e-01
3608            	1.11709185e+00	1.21851613e-03	-1.42653931e-02	9.10123365e-02	5.89662832e-01
3609            	1.11710881e+00	7.58745277e-04	-9.66368273e-03	9.30223240e-02	6.05213468e-01
3610            	1.11729789e+00	1.49555710e-04	-4.04720300e-03	9.44422607e-02	6.20117799e-01
3611            	1.11764787e+00	-6.45875619e-04	2.80509473e-03	9.51344739e-02	6.32868107e-01
3612            	1.11791993e+00	-1.56238156e-03	1.05397482e-02	9.50458246e-02	6.42506284e-01
3613            	1.11785229e+00	-2.62608686e-03	1.94583521e-02	9.42294684e-02	6.50508788e-01
3614            	1.11734805e+00	-4.05722664e-03	3.07744695e-02	9.27824254e-02	6.57990369e-01
3615            	1.11673678e+00	-5.93863468e-03	4.42330391e-02	9.08190322e-02	6.64149735e-01
3616            	1.11650006e+00	-7.99577262e-03	5.73833809e-02	8.85303232e-02	6.68893093e-01
3617            	1.11672048e+00	-9.79484137e-03	6.76386447e-02	8.62274890e-02	6.70528318e-01
3618            	1.11702282e+00	-1.11260992e-02	7.45089217e-02	8.42190406e-02	6.70757685e-01
3619            	1.11698688e+00	-1.20275399e-02	7.90213437e-02	8.26621804e-02	6.70952417e-01
3620            	1.11660516e+00	-1.26665620e-02	8.21951834e-02	8.16580039e-02	6.70858850e-01
3621            	1.11616317e+00	-1.29669992e-02	8.29922725e-02	8.12289907e-02	6.69120638e-01
3622            	1.11593658e+00	-1.29289161e-02	8.10143474e-02	8.14035391e-02	6.66814796e-01
3623            	1.11601055e+00	-1.25974936e-02	7.65825456e-02	8.22184132e-02	6.64999215e-01
3624            	1.11630652e+00	-1.20744277e-02	7.07525295e-02	8.36682048e-02	6.64897081e-01
3625            	1.11679218e+00	-1.13719649e-02	6.39096835e-02	8.56645651e-02	6.66484046e-01
3626            	1.11742907e+00	-1.04512163e-02	5.58829509e-02	8.80039237e-02	6.68849146e-01
3627            	1.11806746e+00	-9.16377616e-03	4.57861125e-02	9.03977860e-02	6.69697525e-01
3628            	1.11850163e+00	-7.51653686e-03	3.39343459e-02	9.25088864e-02	6.68758914e-01
3629            	1.11860549e+00	-5.67428366e-03	2.14578563e-02	9.40752617e-02	6.65760837e-01
3630            	1.11838953e+00	-3.86584190e-03	9.79861988e-03	9.49424335e-02	6.60176066e-01
3631            	1.11795299e+00	-2.21386459e-03	-2.40547435e-04	9.50588500e-02	6.51347397e-01
3632            	1.11731946e+00	-7.01003696e-04	-8.71405420e-03	9.44299107e-02	6.38979752e-01
3633            	1.11654334e+00	6.06463664e-04	-1.52690626e-02	9.31396001e-02	6.25114951e-01
3634            	1.11584313e+00	1.35140795e-03	-1.79872903e-02	9.13114559e-02	6.11517562e-01
3635            	1.11554527e+00	1.56793188e-03	-1.77913072e-02	8.90864619e-02	5.98889548e-01
3636            	1.11571027e+00	1.47286333e-03	-1.62812058e-02	8.67178100e-02	5.86876378e-01
3637            	1.11604513e+00	1.20700003e-03	-1.37801478e-02	8.45251142e-02	5.77060777e-01
3638            	1.11615061e+00	8.21170538e-04	-9.90441517e-03	8.27494573e-02	5.70069023e-01
3639            	1.11603925e+00	2.82990487e-04	-4.36213428e-03	8.15312245e-02	5.66618603e-01
3640            	1.11606466e+00	-4.48661102e-04	2.56578042e-03	8.09233632e-02	5.66953041e-01
3641            	1.11644244e+00	-1.28287116e-03	9.69431116e-03	8.09237006e-02	5.70715040e-01
3642            	1.11709205e+00	-2.16685566e-03	1.64771690e-02	8.15559865e-02	5.77773235e-01
3643            	1.11770578e+00	-3.22794178e-03	2.39602377e-02	8.28343626e-02	5.90328397e-01
3644            	1.11801283e+00	-4.60042910e-03	3.31534819e-02	8.47459252e-02	6.08629834e-01
3645            	1.11804314e+00	-6.28592210e-03	4.39793050e-02	8.71074618e-02	6.31952498e-01
3646            	1.11799883e+00	-8.01948623e-03	5.45867867e-02	8.96372308e-02	6.57064481e-01
3647            	1.11798344e+00	-9.65015611e-03	6.41502597e-02	9.20147434e-02	6.80529129e-01
3648            	1.11795630e+00	-1.08170773e-02	7.05070492e-02	9.39240402e-02	7.01214608e-01
3649            	1.11785883e+00	-1.16304126e-02	7.45260408e-02	9.51566765e-02	7.18053306e-01
3650            	1.11758419e+00	-1.20596552e-02	7.60383299e-02	9.56135577e-02	7.28945725e-01
3651            	1.11708138e+00	-1.21220213e-02	7.52743377e-02	9.52993339e-02	7.32740342e-01
3652            	1.11636881e+00	-1.19579258e-02	7.32583811e-02	9.42700450e-02	7.29968060e-01
3653            	1.11564638e+00	-1.17184677e-02	7.08758153e-02	9.26286968e-02	7.21307517e-01
3654            	1.11539831e+00	-1.14370877e-02	6.77404017e-02	9.04567847e-02	7.07824515e-01
3655            	1.11591049e+00	-1.09285848e-02	6.22818347e-02	8.80212136e-02	6.90529675e-01
3656            	1.11687049e+00	-9.91758769e-03	5.31795154e-02	8.56382773e-02	6.69736612e-01
3657            	1.11766309e+00	-8.38028489e-03	4.13225966e-02	8.35960263e-02	6.47032208e-01
3658            	1.11783706e+00	-6.58234888e-03	2.90100979e-02	8.20486380e-02	6.25268436e-01
3659            	1.11748496e+00	-4.90083441e-03	1.83692595e-02	8.10821722e-02	6.05072334e-01
3660            	1.11705593e+00	-3.34977853e-03	8.85885167e-03	8.07173975e-02	5.87967833e-01
3661            	1.11685796e+00	-1.73776018e-03	-1.19722495e-03	8.10133184e-02	5.73867775e-01
3662            	1.11696000e+00	-1.42694393e-04	-1.12941296e-02	8.19607741e-02	5.63967354e-01
3663            	1.11715187e+00	1.24056784e-03	-1.98712584e-02	8.35765347e-02	5.60070795e-01
3664            	1.11726325e+00	2.01327211e-03	-2.40724172e-02	8.57466531e-02	5.63164678e-01
3665            	1.11729682e+00	2.20503470e-03	-2.42207607e-02	8.81985350e-02	5.71578403e-01
3666            	1.11728077e+00	2.05127519e-03	-2.18930184e-02	9.06082631e-02	5.83843935e-01
3667            	1.11722616e+00	1.78097684e-03	-1.85851247e-02	9.26728535e-02	5.97975569e-01
3668            	1.11719190e+00	1.34069454e-03	-1.40088207e-02	9.41592396e-02	6.11654158e-01
3669            	1.11729839e+00	7.54751368e-04	-8.39333077e-03	9.49355332e-02	6.23933936e-01
3670            	1.11746550e+00	4.77416430e-05	-1.85067093e-03	9.49569544e-02	6.34137341e-01
3671            	1.11746841e+00	-7.09178037e-04	5.27325380e-03	9.42560472e-02	6.41568465e-01
3672            	1.11720120e+00	-1.68848797e-03	1.40120509e-02	9.29209204e-02	6.46770705e-01
3673            	1.11684763e+00	-3.07643612e-03	2.49107447e-02	9.10507481e-02	6.51018256e-01
3674            	1.11674192e+00	-4.92648319e-03	3.74738465e-02	8.88416449e-02	6.54326945e-01
3675            	1.11695803e+00	-6.85777464e-03	4.91981033e-02	8.65780974e-02	6.57501189e-01
3676            	1.11720825e+00	-8.67968901e-03	5.96548989e-02	8.45550446e-02	6.58949020e-01
3677            	1.11715133e+00	-1.01115355e-02	6.78433415e-02	8.29914863e-02	6.59733591e-01
3678            	1.11680108e+00	-1.12576889e-02	7.45112786e-02	8.19634846e-02	6.60765084e-01
3679            	1.11639102e+00	-1.20416239e-02	7.86908258e-02	8.14929250e-02	6.62175529e-01
3680            	1.11616892e+00	-1.23632503e-02	7.92683017e-02	8.16245945e-02	6.62939307e-01
3681            	1.11620768e+00	-1.23261364e-02	7.68792036e-02	8.23821628e-02	6.63527643e-01
3682            	1.11638252e+00	-1.20227229e-02	7.24641559e-02	8.37753108e-02	6.64942885e-01
3683            	1.11665125e+00	-1.15864557e-02	6.72663507e-02	8.57280335e-02	6.67673532e-01
3684            	1.11708046e+00	-1.09546745e-02	6.09508412e-02	8.80201722e-02	6.71481125e-01
3685            	1.11767659e+00	-1.00161901e-02	5.28343303e-02	9.03670404e-02	6.74780028e-01
3686            	1.11822659e+00	-8.80840039e-03	4.33645014e-02	9.24386172e-02	6.74837941e-01
3687            	1.11855566e+00	-7.24530003e-03	3.21698073e-02	9.39676229e-02	6.72080011e-01
3688            	1.11856406e+00	-5.47274984e-03	2.02964598e-02	9.48118067e-02	6.66822691e-01
3689            	1.11826444e+00	-3.80561615e-03	9.74101871e-03	9.48945507e-02	6.58528211e-01
3690            	1.11765874e+00	-2.14324102e-03	-1.19722375e-04	9.42640264e-02	6.47370138e-01
3691            	1.11682919e+00	-6.39432247e-04	-8.31583441e-03	9.30038961e-02	6.32746749e-01
3692            	1.11603232e+00	6.83897284e-04	-1.50750680e-02	9.11838054e-02	6.16863020e-01
3693            	1.11568023e+00	1.50861924e-03	-1.90678657e-02	8.89658072e-02	6.01225585e-01
3694            	1.11584986e+00	1.88370359e-03	-2.08134927e-02	8.65991396e-02	5.87181186e-01
3695            	1.11620552e+00	1.83258827e-03	-1.99230508e-02	8.43950362e-02	5.74777106e-01
3696            	1.11630537e+00	1.62505693e-03	-1.73621398e-02	8.26041439e-02	5.66033133e-01
3697            	1.11605848e+00	1.21004513e-03	-1.26901391e-02	8.13636957e-02	5.60990033e-01
3698            	1.11581248e+00	6.03585948e-04	-6.48438422e-03	8.07328304e-02	5.59926699e-01
3699            	1.11595125e+00	-4.74542967e-05	-3.60564439e-04	8.07312118e-02	5.63096446e-01
3700            	1.11653305e+00	-6.36221517e-04	4.74707922e-03	8.13919691e-02	5.70432132e-01
3701            	1.11727367e+00	-1.27500025e-03	9.78098743e-03	8.27067300e-02	5.81416408e-01
3702            	1.11785148e+00	-2.18265201e-03	1.64103691e-02	8.46540711e-02	5.97216187e-01
3703            	1.11810428e+00	-3.49495389e-03	2.54650401e-02	8.70585038e-02	6.18012181e-01
3704            	1.11813384e+00	-5.17081834e-03	3.63699861e-02	8.96628462e-02	6.42644586e-01
3705            	1.11806796e+00	-6.99945430e-03	4.77397013e-02	9.20944463e-02	6.67747161e-01
3706            	1.11798218e+00	-8.68541840e-03	5.78349572e-02	9.40589676e-02	6.89521985e-01
3707            	1.11786696e+00	-9.98857080e-03	6.52749309e-02	9.53588499e-02	7.07157687e-01
3708            	1.11763956e+00	-1.08848165e-02	7.00438979e-02	9.58700136e-02	7.20243418e-01
3709            	1.11718024e+00	-1.13727037e-02	7.22311146e-02	9.55943181e-02	7.27607366e-01
3710            	1.11647396e+00	-1.16007004e-02	7.28985348e-02	9.45984789e-02	7.27660639e-01
3711            	1.11568604e+00	-1.15801771e-02	7.19975827e-02	9.29704876e-02	7.21369952e-01
3712            	1.11524973e+00	-1.15188302e-02	7.03040234e-02	9.08138782e-02	7.09275264e-01
3713            	1.11551273e+00	-1.12237534e-02	6.61736454e-02	8.83729846e-02	6.93517701e-01
3714            	1.11633200e+00	-1.05623116e-02	5.91306010e-02	8.59481901e-02	6.74937887e-01
3715            	1.11715491e+00	-9.45823260e-03	4.96814323e-02	8.38216370e-02	6.54304427e-01
3716            	1.11750936e+00	-8.08238737e-03	3.95546557e-02	8.21652987e-02	6.32395422e-01
3717            	1.11740975e+00	-6.50278639e-03	2.90726866e-02	8.10882422e-02	6.12350780e-01
3718            	1.11716832e+00	-4.94021642e-03	1.90883025e-02	8.06155433e-02	5.94881944e-01
3719            	1.11703802e+00	-3.25922947e-03	8.22057742e-03	8.07913681e-02	5.81187312e-01
3720            	1.11708412e+00	-1.49401249e-03	-3.33701393e-03	8.16699271e-02	5.71256386e-01
3721            	1.11720973e+00	2.32193709e-04	-1.44580910e-02	8.32248663e-02	5.65510527e-01
3722            	1.11730174e+00	1.67128860e-03	-2.33074451e-02	8.53454160e-02	5.65367700e-01
3723            	1.11736692e+00	2.48426866e-03	-2.77554125e-02	8.77937257e-02	5.71174968e-01
3724            	1.11739013e+00	2.70492281e-03	-2.81108128e-02	9.02176107e-02	5.80879063e-01
3725            	1.11735046e+00	2.55046501e-03	-2.57484188e-02	9.23025425e-02	5.92366792e-01
3726            	1.11724549e+00	2.29553919e-03	-2.24695490e-02	9.38347928e-02	6.04435931e-01
3727            	1.11714328e+00	1.88075233e-03	-1.79293097e-02	9.46681913e-02	6.15410127e-01
3728            	1.11708834e+00	1.34889194e-03	-1.24369461e-02	9.47508940e-02	6.24892474e-01
3729            	1.11698179e+00	7.72296290e-04	-6.35327788e-03	9.41295375e-02	6.32507922e-01
3730            	1.11675998e+00	9.61498879e-05	6.01099328e-04	9.28928218e-02	6.37501892e-01
3731            	1.11657702e+00	-8.49714658e-04	9.00213939e-03	9.11383962e-02	6.39520638e-01
3732            	1.11670022e+00	-2.11561665e-03	1.83890169e-02	8.90238427e-02	6.40800056e-01
3733            	1.11708188e+00	-3.79301475e-03	2.91849432e-02	8.68355924e-02	6.42169436e-01
3734            	1.11739585e+00	-5.63173008e-03	4.03484239e-02	8.48653844e-02	6.44635566e-01
3735            	1.11733258e+00	-7.45878646e-03	5.15167061e-02	8.32957053e-02	6.46808261e-01
3736            	1.11695657e+00	-9.11955425e-03	6.18299673e-02	8.22609223e-02	6.48774473e-01
3737            	1.11653743e+00	-1.04179923e-02	6.96113224e-02	8.17754432e-02	6.51221910e-01
3738            	1.11631465e+00	-1.12439092e-02	7.37190861e-02	8.18653419e-02	6.54746875e-01
3739            	1.11636932e+00	-1.15966091e-02	7.40608588e-02	8.25786548e-02	6.58369355e-01
3740            	1.11655449e+00	-1.16042361e-02	7.17914301e-02	8.39230154e-02	6.62123145e-01
3741            	1.11675078e+00	-1.13502464e-02	6.77952186e-02	8.58414623e-02	6.66940545e-01
3742            	1.11699351e+00	-1.09569276e-02	6.29771827e-02	8.81162268e-02	6.72302565e-01
3743            	1.11735646e+00	-1.04139142e-02	5.72628554e-02	9.04437582e-02	6.77126322e-01
3744            	1.11781560e+00	-9.63588111e-03	5.02925456e-02	9.24886978e-02	6.79550325e-01
3745            	1.11825104e+00	-8.49573101e-03	4.13898767e-02	9.39871347e-02	6.78009433e-01
3746            	1.11850271e+00	-6.98160250e-03	3.06617717e-02	9.47948615e-02	6.73145039e-01
3747            	1.11846086e+00	-5.30767562e-03	1.95959301e-02	9.48489541e-02	6.65526725e-01
3748            	1.11800698e+00	-3.68579428e-03	9.59826466e-03	9.41621903e-02	6.54412170e-01
3749            	1.11720869e+00	-2.09317676e-03	4.27662331e-04	9.28610241e-02	6.40882104e-01
3750            	1.11633400e+00	-5.87838590e-04	-7.83634966e-03	9.10558617e-02	6.24324372e-01
3751            	1.11589639e+00	7.50300092e-04	-1.54390228e-02	8.88448504e-02	6.06710222e-01
3752            	1.11602670e+00	1.74280537e-03	-2.14636645e-02	8.64805678e-02	5.89618479e-01
3753            	1.11640624e+00	2.27055110e-03	-2.46115235e-02	8.42640484e-02	5.75238223e-01
3754            	1.11654217e+00	2.29252319e-03	-2.37974341e-02	8.24463372e-02	5.63853091e-01
3755            	1.11629792e+00	2.05495065e-03	-2.04230049e-02	8.11757152e-02	5.56883031e-01
3756            	1.11592447e+00	1.59710493e-03	-1.52088184e-02	8.05211588e-02	5.54387564e-01
3757            	1.11581723e+00	9.89237654e-04	-9.26888836e-03	8.04838204e-02	5.56012864e-01
3758            	1.11615343e+00	5.07952441e-04	-4.72529298e-03	8.11213575e-02	5.62465859e-01
3759            	1.11681716e+00	1.26192292e-04	-1.21581676e-03	8.24483678e-02	5.73621541e-01
3760            	1.11749419e+00	-3.67594244e-04	2.96515015e-03	8.44393144e-02	5.88397106e-01
3761            	1.11798356e+00	-1.14455260e-03	8.98875494e-03	8.69119841e-02	6.07124485e-01
3762            	1.11825231e+00	-2.42022975e-03	1.79680474e-02	8.95887778e-02	6.29736952e-01
3763            	1.11829970e+00	-4.13300451e-03	2.92849977e-02	9.21305854e-02	6.53959709e-01
3764            	1.11820527e+00	-6.01711593e-03	4.11978434e-02	9.41823475e-02	6.77561871e-01
3765            	1.11802239e+00	-7.77246995e-03	5.19584997e-02	9.55431056e-02	6.96574153e-01
3766            	1.11776151e+00	-9.14813104e-03	6.00996173e-02	9.61256409e-02	7.10659055e-01
3767            	1.11732613e+00	-1.01371634e-02	6.57688556e-02	9.58951067e-02	7.19612364e-01
3768            	1.11664751e+00	-1.08084628e-02	6.95232732e-02	9.49250432e-02	7.23039925e-01
3769            	1.11585482e+00	-1.12070206e-02	7.15102171e-02	9.33260709e-02	7.19783069e-01
3770            	1.11533409e+00	-1.13835050e-02	7.14903847e-02	9.11852729e-02	7.10389838e-01
3771            	1.11543380e+00	-1.13054453e-02	6.88149162e-02	8.87484432e-02	6.96125209e-01
3772            	1.11603528e+00	-1.08912264e-02	6.32865759e-02	8.63127428e-02	6.78870368e-01
3773            	1.11672121e+00	-1.00823801e-02	5.54838397e-02	8.41439833e-02	6.60000375e-01
3774            	1.11709698e+00	-9.06540876e-03	4.73369287e-02	8.24076591e-02	6.40295231e-01
3775            	1.11713181e+00	-7.92837316e-03	3.92658605e-02	8.12221258e-02	6.20505711e-01
3776            	1.11707422e+00	-6.55326794e-03	3.00197612e-02	8.06286253e-02	6.02873787e-01
3777            	1.11711748e+00	-4.96032993e-03	1.93301498e-02	8.06797575e-02	5.88568423e-01
3778            	1.11724895e+00	-3.16991592e-03	7.23022871e-03	8.14163281e-02	5.78446900e-01
3779            	1.11735815e+00	-1.28014535e-03	-5.33672564e-03	8.28877744e-02	5.72998117e-01
3780            	1.11739793e+00	4.27417339e-04	-1.62715120e-02	8.49713296e-02	5.71513784e-01
3781            	1.11741104e+00	1.85192980e-03	-2.50014491e-02	8.73937912e-02	5.74461515e-01
3782            	1.11742634e+00	2.74679663e-03	-3.00220025e-02	8.98315439e-02	5.81293807e-01
3783            	1.11740789e+00	3.05575717e-03	-3.09109063e-02	9.19492241e-02	5.90722454e-01
3784            	1.11732778e+00	2.97764629e-03	-2.89690369e-02	9.35096711e-02	6.00329187e-01
3785            	1.11718592e+00	2.69154448e-03	-2.53642641e-02	9.43862496e-02	6.09798457e-01
3786            	1.11697379e+00	2.23792529e-03	-2.03822847e-02	9.45092952e-02	6.17754512e-01
3787            	1.11665096e+00	1.78281907e-03	-1.50457750e-02	9.39295084e-02	6.24264257e-01
3788            	1.11628333e+00	1.34950489e-03	-9.57999416e-03	9.27554113e-02	6.29272928e-01
3789            	1.11607752e+00	7.71796140e-04	-3.34610099e-03	9.10989463e-02	6.31924441e-01
3790            	1.11632551e+00	-3.23437181e-05	3.42837545e-03	8.90869124e-02	6.31473580e-01
3791            	1.11695054e+00	-1.18056160e-03	1.13705087e-02	8.69756318e-02	6.30742208e-01
3792            	1.11747209e+00	-2.71582917e-03	2.12322721e-02	8.50717770e-02	6.31046615e-01
3793            	1.11749153e+00	-4.53969133e-03	3.29775872e-02	8.35663132e-02	6.33593921e-01
3794            	1.11707557e+00	-6.40969724e-03	4.51002089e-02	8.25368524e-02	6.37077628e-01
3795            	1.11662005e+00	-8.19606044e-03	5.63952096e-02	8.20419679e-02	6.40457505e-01
3796            	1.11639977e+00	-9.54759817e-03	6.41926142e-02	8.21073948e-02	6.44639158e-01
3797            	1.11646903e+00	-1.04231944e-02	6.81840764e-02	8.27739931e-02	6.50514012e-01
3798            	1.11666854e+00	-1.08507600e-02	6.88344760e-02	8.40733171e-02	6.57393715e-01
3799            	1.11684564e+00	-1.09290810e-02	6.71242534e-02	8.59671751e-02	6.64568612e-01
3800            	1.11700120e+00	-1.07731243e-02	6.38897896e-02	8.82261978e-02	6.71840745e-01
3801            	1.11722884e+00	-1.04423812e-02	5.94925339e-02	9.05720293e-02	6.78336981e-01
3802            	1.11751922e+00	-9.90973999e-03	5.39311057e-02	9.26406217e-02	6.82828688e-01
3803            	1.11786267e+00	-9.19615475e-03	4.75344623e-02	9.41416941e-02	6.83613252e-01
3804            	1.11814483e+00	-8.15312534e-03	3.94828646e-02	9.49220581e-02	6.80093443e-01
3805            	1.11827118e+00	-6.77795814e-03	2.98399239e-02	9.49265988e-02	6.72265027e-01
3806            	1.11808561e+00	-5.21501560e-03	1.97343636e-02	9.41936091e-02	6.61629651e-01
3807            	1.11748516e+00	-3.61483857e-03	1.01065948e-02	9.28244773e-02	6.47926125e-01
3808            	1.11667390e+00	-2.05170230e-03	1.09771643e-03	9.09598077e-02	6.32382300e-01
3809            	1.11616720e+00	-5.49794313e-04	-7.86549586e-03	8.87424887e-02	6.14490395e-01
3810            	1.11620978e+00	8.55831821e-04	-1.68197756e-02	8.63620954e-02	5.95738046e-01
3811            	1.11654794e+00	2.03554605e-03	-2.45152476e-02	8.41257714e-02	5.78181013e-01
3812            	1.11671430e+00	2.63829580e-03	-2.78042531e-02	8.22846316e-02	5.64576777e-01
3813            	1.11651889e+00	2.68268378e-03	-2.65262239e-02	8.09798475e-02	5.55101815e-01
3814            	1.11615447e+00	2.39392150e-03	-2.25507643e-02	8.02828048e-02	5.50315939e-01
3815            	1.11595396e+00	1.93060054e-03	-1.75760891e-02	8.02074766e-02	5.50332909e-01
3816            	1.11608473e+00	1.46811956e-03	-1.30958181e-02	8.07987603e-02	5.55110989e-01
3817            	1.11652410e+00	1.19831586e-03	-1.02401841e-02	8.20896271e-02	5.65218017e-01
3818            	1.11709268e+00	9.82356824e-04	-7.72956038e-03	8.40958805e-02	5.80249894e-01
3819            	1.11763144e+00	6.03016005e-04	-4.04852637e-03	8.66272292e-02	5.98315635e-01
3820            	1.11811375e+00	-1.92899868e-04	2.22755788e-03	8.93905749e-02	6.18667073e-01
3821            	1.11842077e+00	-1.40660633e-03	1.09242732e-02	9.20349154e-02	6.41395304e-01
3822            	1.11847317e+00	-3.12858422e-03	2.24859337e-02	9.42212925e-02	6.63921358e-01
3823            	1.11829222e+00	-4.97665245e-03	3.44226601e-02	9.57021898e-02	6.84774231e-01
3824            	1.11799285e+00	-6.82811917e-03	4.60472289e-02	9.63554631e-02	7.00330600e-01
3825            	1.11754860e+00	-8.35731843e-03	5.54789240e-02	9.61932543e-02	7.10403048e-01
3826            	1.11687731e+00	-9.49707709e-03	6.24870360e-02	9.52669357e-02	7.15302508e-01
3827            	1.11608443e+00	-1.03307621e-02	6.75267540e-02	9.36897997e-02	7.15381496e-01
3828            	1.11553325e+00	-1.09334103e-02	7.05122987e-02	9.15787713e-02	7.09161039e-01
3829            	1.11556547e+00	-1.11784735e-02	7.01280104e-02	8.91545633e-02	6.97610154e-01
3830            	1.11605944e+00	-1.10250551e-02	6.63293459e-02	8.67120410e-02	6.82395674e-01
3831            	1.11657847e+00	-1.05071903e-02	6.02595514e-02	8.45229085e-02	6.65025011e-01
3832            	1.11678727e+00	-9.85739614e-03	5.42245066e-02	8.27389600e-02	6.46665586e-01
3833            	1.11676381e+00	-9.08159861e-03	4.81998550e-02	8.14644282e-02	6.28729584e-01
3834            	1.11678772e+00	-8.07758136e-03	4.09614345e-02	8.07532937e-02	6.11466546e-01
3835            	1.11703108e+00	-6.75813136e-03	3.16030693e-02	8.06739838e-02	5.97157376e-01
3836            	1.11736157e+00	-5.03766472e-03	1.95591931e-02	8.12760214e-02	5.86816300e-01
3837            	1.11757816e+00	-3.19043135e-03	6.87644485e-03	8.25960158e-02	5.80876861e-01
3838            	1.11761516e+00	-1.31443224e-03	-5.54720079e-03	8.45860761e-02	5.79887553e-01
3839            	1.11756485e+00	3.43716742e-04	-1.61314802e-02	8.69845936e-02	5.81681874e-01
3840            	1.11752176e+00	1.78286111e-03	-2.50037712e-02	8.94250801e-02	5.86330522e-01
3841            	1.11747786e+00	2.70735172e-03	-3.02110546e-02	9.15772388e-02	5.92868109e-01
3842            	1.11741559e+00	3.12382221e-03	-3.17410712e-02	9.31830585e-02	6.00618859e-01
3843            	1.11728104e+00	3.04593647e-03	-2.97000767e-02	9.40902683e-02	6.07590469e-01
3844            	1.11704974e+00	2.77340877e-03	-2.60189773e-02	9.42621020e-02	6.14160243e-01
3845            	1.11661752e+00	2.43214366e-03	-2.14748441e-02	9.37235948e-02	6.19287698e-01
3846            	1.11605458e+00	2.10112695e-03	-1.66485212e-02	9.25818951e-02	6.23067958e-01
3847            	1.11564529e+00	1.74809732e-03	-1.17339159e-02	9.09702179e-02	6.25512180e-01
3848            	1.11580809e+00	1.26825853e-03	-6.80653852e-03	8.90364020e-02	6.25831360e-01
3849            	1.11652536e+00	5.49116489e-04	-1.31623332e-03	8.70061967e-02	6.23718852e-01
3850            	1.11729241e+00	-4.36715824e-04	5.47115267e-03	8.51751603e-02	6.22448985e-01
3851            	1.11755685e+00	-1.88050915e-03	1.53834304e-02	8.37321023e-02	6.23142597e-01
3852            	1.11725096e+00	-3.68097931e-03	2.76863672e-02	8.27659006e-02	6.26309411e-01
3853            	1.11676837e+00	-5.68138539e-03	4.08821128e-02	8.22749254e-02	6.31090827e-01
3854            	1.11648806e+00	-7.53639803e-03	5.23475514e-02	8.23182171e-02	6.35835613e-01
3855            	1.11650885e+00	-8.87474049e-03	5.96270773e-02	8.29668767e-02	6.42265298e-01
3856            	1.11670375e+00	-9.79982619e-03	6.37462455e-02	8.42307493e-02	6.50970089e-01
3857            	1.11690511e+00	-1.03412742e-02	6.52415910e-02	8.60869702e-02	6.61067697e-01
3858            	1.11707007e+00	-1.05653096e-02	6.46381679e-02	8.83372534e-02	6.70604834e-01
3859            	1.11725315e+00	-1.04763132e-02	6.18664322e-02	9.06913364e-02	6.79281884e-01
3860            	1.11743314e+00	-1.01618695e-02	5.76444842e-02	9.28101809e-02	6.85377643e-01
3861            	1.11760169e+00	-9.67111525e-03	5.25230586e-02	9.43631869e-02	6.87952212e-01
3862            	1.11774932e+00	-8.97121721e-03	4.64592815e-02	9.51619665e-02	6.86287028e-01
3863            	1.11785922e+00	-8.00883059e-03	3.91627192e-02	9.51420978e-02	6.80158975e-01
3864            	1.11782825e+00	-6.85746891e-03	3.12295654e-02	9.43618633e-02	6.69413523e-01
3865            	1.11748944e+00	-5.37946721e-03	2.19023070e-02	9.29289368e-02	6.55921452e-01
3866            	1.11687254e+00	-3.81924062e-03	1.25218371e-02	9.09891571e-02	6.39996873e-01
3867            	1.11640373e+00	-2.22297052e-03	2.62208111e-03	8.86848107e-02	6.22605699e-01
3868            	1.11638284e+00	-6.43894345e-04	-7.78579458e-03	8.62744621e-02	6.03969243e-01
3869            	1.11666934e+00	8.31183729e-04	-1.76965902e-02	8.40121465e-02	5.85252344e-01
3870            	1.11682063e+00	2.08694852e-03	-2.55929107e-02	8.21352193e-02	5.68746128e-01
3871            	1.11664135e+00	2.74602452e-03	-2.86251167e-02	8.07973265e-02	5.56730444e-01
3872            	1.11629229e+00	2.83559644e-03	-2.73545491e-02	8.00534157e-02	5.49414806e-01
3873            	1.11608151e+00	2.53799265e-03	-2.35879242e-02	7.99172600e-02	5.46751562e-01
3874            	1.11614860e+00	2.17627137e-03	-1.98136978e-02	8.04498692e-02	5.49525142e-01
3875            	1.11642823e+00	1.93005553e-03	-1.71137109e-02	8.16789345e-02	5.57677668e-01
3876            	1.11679598e+00	1.86378063e-03	-1.55213491e-02	8.36356967e-02	5.71642236e-01
3877            	1.11719786e+00	1.77092303e-03	-1.35659235e-02	8.61851559e-02	5.89871983e-01
3878            	1.11768090e+00	1.40691731e-03	-9.87143528e-03	8.90229687e-02	6.10112589e-01
3879            	1.11816879e+00	6.51390785e-04	-3.78545148e-03	9.17892445e-02	6.30926060e-01
3880            	1.11849197e+00	-5.35964707e-04	4.88613402e-03	9.41165426e-02	6.52044782e-01
3881            	1.11850801e+00	-2.16365352e-03	1.60774728e-02	9.57557738e-02	6.71640877e-01
3882            	1.11825178e+00	-4.03494338e-03	2.84376021e-02	9.65492269e-02	6.88672269e-01
3883            	1.11776727e+00	-5.93012823e-03	4.06773266e-02	9.64688167e-02	7.00324352e-01
3884            	1.11706996e+00	-7.58105686e-03	5.12824362e-02	9.56133465e-02	7.06563806e-01
3885            	1.11626715e+00	-8.91860873e-03	5.98019044e-02	9.40800172e-02	7.07842599e-01
3886            	1.11571111e+00	-9.95265673e-03	6.58477557e-02	9.19966399e-02	7.04755629e-01
3887            	1.11571328e+00	-1.06557051e-02	6.87060499e-02	8.95862016e-02	6.96402690e-01
3888            	1.11618048e+00	-1.08855609e-02	6.75840323e-02	8.71375815e-02	6.83804203e-01
3889            	1.11664378e+00	-1.06590860e-02	6.33886383e-02	8.49349619e-02	6.68766718e-01
3890            	1.11673423e+00	-1.02096521e-02	5.84808875e-02	8.31399113e-02	6.52383547e-01
3891            	1.11653871e+00	-9.67869508e-03	5.38224259e-02	8.18219413e-02	6.35852828e-01
3892            	1.11643574e+00	-9.06180237e-03	4.88707396e-02	8.10165980e-02	6.20197063e-01
3893            	1.11669598e+00	-8.20583165e-03	4.21744522e-02	8.08087743e-02	6.06195869e-01
3894            	1.11721473e+00	-6.85230808e-03	3.20638097e-02	8.12592892e-02	5.95353152e-01
3895            	1.11767344e+00	-5.07157188e-03	1.93810487e-02	8.24310721e-02	5.89472225e-01
3896            	1.11785677e+00	-3.17873066e-03	6.45332908e-03	8.42720756e-02	5.88053179e-01
3897            	1.11783511e+00	-1.40701084e-03	-5.27119956e-03	8.65798058e-02	5.90712628e-01
3898            	1.11773361e+00	1.81588514e-04	-1.54667732e-02	8.90241249e-02	5.94609994e-01
3899            	1.11761752e+00	1.63243529e-03	-2.44281444e-02	9.12001848e-02	5.99351843e-01
3900            	1.11751218e+00	2.66879175e-03	-3.03091149e-02	9.28471727e-02	6.04305707e-01
3901            	1.11738897e+00	3.18279738e-03	-3.23595057e-02	9.38060924e-02	6.09780682e-01
3902            	1.11718737e+00	3.11395114e-03	-3.02205769e-02	9.40069587e-02	6.13962302e-01
3903            	1.11679053e+00	2.82909171e-03	-2.62196884e-02	9.34934184e-02	6.17248617e-01
3904            	1.11614085e+00	2.58370528e-03	-2.20433556e-02	9.23739566e-02	6.19647297e-01
3905            	1.11551245e+00	2.34300755e-03	-1.78094596e-02	9.07786520e-02	6.20944260e-01
3906            	1.11542361e+00	2.05278877e-03	-1.39646953e-02	8.88761238e-02	6.20991860e-01
3907            	1.11601809e+00	1.71095389e-03	-1.07024846e-02	8.69099020e-02	6.19800527e-01
3908            	1.11688323e+00	1.12084904e-03	-6.21036831e-03	8.51502147e-02	6.17707578e-01
3909            	1.11741549e+00	1.82787096e-04	8.39918143e-04	8.37822339e-02	6.16694657e-01
3910            	1.11737256e+00	-1.22739916e-03	1.12570945e-02	8.28826259e-02	6.18346723e-01
3911            	1.11698567e+00	-3.07477986e-03	2.41718109e-02	8.24650567e-02	6.22363878e-01
3912            	1.11666922e+00	-5.07623586e-03	3.71679850e-02	8.25265750e-02	6.28735367e-01
3913            	1.11661819e+00	-6.92798984e-03	4.81872829e-02	8.31423294e-02	6.35687671e-01
3914            	1.11677178e+00	-8.35854710e-03	5.58302888e-02	8.43769829e-02	6.44641234e-01
3915            	1.11696508e+00	-9.37947469e-03	6.06523649e-02	8.62006750e-02	6.55880684e-01
3916            	1.11713004e+00	-1.00571154e-02	6.32349271e-02	8.84334354e-02	6.68333165e-01
3917            	1.11732304e+00	-1.03937761e-02	6.34305461e-02	9.08046090e-02	6.79642785e-01
3918            	1.11748514e+00	-1.03750090e-02	6.11962075e-02	9.29625860e-02	6.88516299e-01
3919            	1.11758585e+00	-1.00550012e-02	5.70961826e-02	9.45878725e-02	6.92919349e-01
3920            	1.11756635e+00	-9.60164460e-03	5.24623589e-02	9.54525399e-02	6.92455352e-01
3921            	1.11750146e+00	-8.97981290e-03	4.71541176e-02	9.54626697e-02	6.87719371e-01
3922            	1.11740778e+00	-8.18970934e-03	4.12632367e-02	9.46607187e-02	6.78744389e-01
3923            	1.11718718e+00	-7.16599390e-03	3.44340638e-02	9.31700739e-02	6.65178051e-01
3924            	1.11680323e+00	-5.80933824e-03	2.59148693e-02	9.11501814e-02	6.49360005e-01
3925            	1.11651542e+00	-4.26301269e-03	1.59882296e-02	8.87549666e-02	6.31704730e-01
3926            	1.11656362e+00	-2.65950356e-03	5.08390312e-03	8.62440007e-02	6.13226092e-01
3927            	1.11682482e+00	-1.00650653e-03	-6.36062679e-03	8.39290016e-02	5.94899772e-01
3928            	1.11693237e+00	5.56512069e-04	-1.66275508e-02	8.20111221e-02	5.77051198e-01
3929            	1.11672031e+00	1.80823430e-03	-2.38819598e-02	8.06082239e-02	5.62389042e-01
3930            	1.11635441e+00	2.50699583e-03	-2.68597032e-02	7.98140772e-02	5.52453834e-01
3931            	1.11613815e+00	2.65290666e-03	-2.61673702e-02	7.96287830e-02	5.47449166e-01
3932            	1.11621272e+00	2.45590679e-03	-2.35987007e-02	8.01010602e-02	5.47269986e-01
3933            	1.11647587e+00	2.33895980e-03	-2.18421947e-02	8.12662566e-02	5.53234355e-01
3934            	1.11673133e+00	2.35125179e-03	-2.08383088e-02	8.31542751e-02	5.65092215e-01
3935            	1.11693327e+00	2.44612360e-03	-2.00682173e-02	8.56714563e-02	5.82258504e-01
3936            	1.11723692e+00	2.39573780e-03	-1.82620569e-02	8.85447841e-02	6.02634292e-01
3937            	1.11769837e+00	1.98604095e-03	-1.41830721e-02	9.14046179e-02	6.23814289e-01
3938            	1.11818093e+00	1.26483854e-03	-8.20447625e-03	9.38750744e-02	6.43342257e-01
3939            	1.11847558e+00	1.83803555e-04	-3.40278461e-05	9.56731873e-02	6.61545975e-01
3940            	1.11842619e+00	-1.32940037e-03	1.06706261e-02	9.66319823e-02	6.77194564e-01
3941            	1.11802238e+00	-3.19200456e-03	2.33191747e-02	9.67011065e-02	6.89753822e-01
3942            	1.11730764e+00	-5.15322403e-03	3.63886362e-02	9.59246374e-02	6.97341365e-01
3943            	1.11645958e+00	-7.00930870e-03	4.85889128e-02	9.44549308e-02	6.99695960e-01
3944            	1.11584488e+00	-8.51805768e-03	5.79782378e-02	9.24224279e-02	6.97656752e-01
3945            	1.11580204e+00	-9.68656164e-03	6.41418208e-02	9.00302189e-02	6.92037075e-01
3946            	1.11627380e+00	-1.03872762e-02	6.63221247e-02	8.75771615e-02	6.82643406e-01
3947            	1.11677203e+00	-1.05658566e-02	6.48779333e-02	8.53667695e-02	6.70261687e-01
3948            	1.11684665e+00	-1.03671423e-02	6.15418961e-02	8.35596715e-02	6.56194368e-01
3949            	1.11653376e+00	-1.00923897e-02	5.84146951e-02	8.22310951e-02	6.41187084e-01
3950            	1.11622141e+00	-9.71475435e-03	5.48708031e-02	8.13868416e-02	6.26911072e-01
3951            	1.11629993e+00	-9.12572408e-03	4.97178432e-02	8.10875791e-02	6.14332510e-01
3952            	1.11681749e+00	-8.23729014e-03	4.23193166e-02	8.14061092e-02	6.04038241e-01
3953            	1.11745170e+00	-6.87145079e-03	3.18630338e-02	8.24101134e-02	5.97144657e-01
3954            	1.11789832e+00	-5.13035864e-03	1.94527335e-02	8.41046961e-02	5.95574960e-01
3955            	1.11806804e+00	-3.33997167e-03	7.21873843e-03	8.62831915e-02	5.97889156e-01
3956            	1.11802333e+00	-1.62985047e-03	-4.13543642e-03	8.86414198e-02	6.02864628e-01
3957            	1.11785340e+00	5.53040377e-06	-1.46511779e-02	9.08233355e-02	6.07344302e-01
3958            	1.11767271e+00	1.44290358e-03	-2.34786883e-02	9.24947047e-02	6.11121696e-01
3959            	1.11748535e+00	2.57281350e-03	-2.98670845e-02	9.34940651e-02	6.13892607e-01
3960            	1.11727693e+00	3.12388980e-03	-3.20187892e-02	9.37413720e-02	6.16354256e-01
3961            	1.11694562e+00	3.10001813e-03	-2.99446792e-02	9.32594974e-02	6.17421298e-01
3962            	1.11637454e+00	2.89168742e-03	-2.62084428e-02	9.21551898e-02	6.17676046e-01
3963            	1.11568578e+00	2.76604447e-03	-2.28337984e-02	9.05694761e-02	6.17630443e-01
3964            	1.11536334e+00	2.62889011e-03	-1.99185900e-02	8.86722209e-02	6.16857241e-01
3965            	1.11568135e+00	2.46416879e-03	-1.76721019e-02	8.67153418e-02	6.15330215e-01
3966            	1.11641337e+00	2.13132461e-03	-1.46860389e-02	8.49966057e-02	6.13629909e-01
3967            	1.11701835e+00	1.61401999e-03	-1.01641856e-02	8.36948952e-02	6.12277189e-01
3968            	1.11721677e+00	7.22082421e-04	-2.73814217e-03	8.28781335e-02	6.12184800e-01
3969            	1.11708705e+00	-5.97829467e-04	7.39331010e-03	8.25348850e-02	6.14886798e-01
3970            	1.11690252e+00	-2.43335879e-03	2.00499727e-02	8.26662098e-02	6.19981256e-01
3971            	1.11684639e+00	-4.40864268e-03	3.24885742e-02	8.33094154e-02	6.28224471e-01
3972            	1.11692601e+00	-6.29177237e-03	4.34847716e-02	8.45142462e-02	6.37913491e-01
3973            	1.11706416e+00	-7.80761259e-03	5.17551935e-02	8.63227556e-02	6.49785910e-01
3974            	1.11720065e+00	-8.95739194e-03	5.76147252e-02	8.85456017e-02	6.63201528e-01
3975            	1.11739423e+00	-9.76650127e-03	6.11256310e-02	9.09178164e-02	6.77264001e-01
3976            	1.11758773e+00	-1.02159116e-02	6.21354076e-02	9.31155764e-02	6.89211983e-01
3977            	1.11768229e+00	-1.02825498e-02	6.06180001e-02	9.47930378e-02	6.96575704e-01
3978            	1.11761403e+00	-1.00806083e-02	5.75598516e-02	9.57319009e-02	6.98317776e-01
3979            	1.11739231e+00	-9.64762117e-03	5.33352201e-02	9.58135073e-02	6.94910552e-01
3980            	1.11708707e+00	-9.06140512e-03	4.85573783e-02	9.50447434e-02	6.87006603e-01
3981            	1.11676098e+00	-8.44808050e-03	4.41293358e-02	9.35299565e-02	6.75112211e-01
3982            	1.11644290e+00	-7.56333642e-03	3.82831532e-02	9.14375545e-02	6.59330107e-01
3983            	1.11636173e+00	-6.35036654e-03	3.01291687e-02	8.89455671e-02	6.41591224e-01
3984            	1.11661977e+00	-4.78179450e-03	1.91231632e-02	8.63337814e-02	6.23145730e-01
3985            	1.11698935e+00	-3.10317829e-03	7.15315123e-03	8.38924085e-02	6.04681842e-01
3986            	1.11710841e+00	-1.39252193e-03	-4.53064172e-03	8.18926666e-02	5.87630892e-01
3987            	1.11682755e+00	9.87254527e-05	-1.37541740e-02	8.04511274e-02	5.71853251e-01
3988            	1.11639109e+00	1.36351382e-03	-2.07426187e-02	7.96030577e-02	5.59655524e-01
3989            	1.11611723e+00	2.14087944e-03	-2.44081173e-02	7.93644555e-02	5.51639046e-01
3990            	1.11620101e+00	2.44558220e-03	-2.53011802e-02	7.97777730e-02	5.49164282e-01
3991            	1.11650645e+00	2.48331541e-03	-2.47561228e-02	8.08700347e-02	5.52111886e-01
3992            	1.11677967e+00	2.61209431e-03	-2.46948380e-02	8.26887238e-02	5.61879041e-01
3993            	1.11688414e+00	2.80605790e-03	-2.46693805e-02	8.51464913e-02	5.77205385e-01
3994            	1.11697490e+00	2.92315158e-03	-2.39133387e-02	8.79985567e-02	5.96326712e-01
3995            	1.11721105e+00	2.84967260e-03	-2.18919582e-02	9.09023924e-02	6.17343184e-01
3996            	1.11761506e+00	2.54192792e-03	-1.83829485e-02	9.34892900e-02	6.37938341e-01
3997            	1.11803850e+00	1.90440951e-03	-1.27856442e-02	9.54415308e-02	6.55161658e-01
3998            	1.11826077e+00	9.39824036e-04	-5.13646901e-03	9.65682153e-02	6.69638028e-01
3999            	1.11811694e+00	-5.81909180e-04	5.95930070e-03	9.67978689e-02	6.80787013e-01
4000            	1.11751412e+00	-2.46133979e-03	1.91393831e-02	9.61700161e-02	6.88509050e-01
