# Force and moment coefficients
# dragDir       : (0.00000000e+00 0.00000000e+00 -1.00000000e+00)
# sideDir       : (-0.00000000e+00 1.00000000e+00 0.00000000e+00)
# liftDir       : (1.00000000e+00 0.00000000e+00 0.00000000e+00)
# rollAxis      : (0.00000000e+00 0.00000000e+00 -1.00000000e+00)
# pitchAxis     : (-0.00000000e+00 1.00000000e+00 0.00000000e+00)
# yawAxis       : (1.00000000e+00 0.00000000e+00 0.00000000e+00)
# magUInf       : 2.88200000e+02
# lRef          : 5.78100000e-02
# Aref          : 2.62480000e-03
# CofR          : (0.00000000e+00 0.00000000e+00 3.99000000e-01)
#
# Time          	Cd              	Cl              	CmPitch         	CmRoll          	CmYaw           
5001            	-1.06181174e-02	-2.45612590e-03	3.10456705e-02	5.66347409e-03	2.36659333e-02
5002            	-1.05947843e-02	-2.32143815e-03	3.01968457e-02	5.60586979e-03	2.34568358e-02
5003            	-1.05492299e-02	-2.20057417e-03	2.93956215e-02	5.50625785e-03	2.30732146e-02
5004            	-1.04771390e-02	-2.13476396e-03	2.88815142e-02	5.40013837e-03	2.26626499e-02
5005            	-1.03899682e-02	-2.10582002e-03	2.85560074e-02	5.31750973e-03	2.23446957e-02
5006            	-1.03115197e-02	-2.08604011e-03	2.82836175e-02	5.27341400e-03	2.21783815e-02
5007            	-1.02614623e-02	-2.06788456e-03	2.80517212e-02	5.28395495e-03	2.22305424e-02
5008            	-1.02446421e-02	-2.05052635e-03	2.78700793e-02	5.35235075e-03	2.25193422e-02
5009            	-1.02496884e-02	-1.97749710e-03	2.73865380e-02	5.44562238e-03	2.29017239e-02
5010            	-1.02679672e-02	-1.82699799e-03	2.64653891e-02	5.52013719e-03	2.31890400e-02
5011            	-1.02923162e-02	-1.61182647e-03	2.51755544e-02	5.54775627e-03	2.32614929e-02
5012            	-1.03250068e-02	-1.40997636e-03	2.39936857e-02	5.53434410e-03	2.31556080e-02
5013            	-1.03597020e-02	-1.25413052e-03	2.31065261e-02	5.50149696e-03	2.29772559e-02
5014            	-1.03852464e-02	-1.23639153e-03	2.30526518e-02	5.45055800e-03	2.27476040e-02
5015            	-1.03969986e-02	-1.30154621e-03	2.34820258e-02	5.41425332e-03	2.25964620e-02
5016            	-1.04052245e-02	-1.49804155e-03	2.47090859e-02	5.42237169e-03	2.26261849e-02
5017            	-1.04253566e-02	-1.83279418e-03	2.68043769e-02	5.48345891e-03	2.28649958e-02
5018            	-1.04558397e-02	-2.17422866e-03	2.89599200e-02	5.55499982e-03	2.31424616e-02
5019            	-1.04848179e-02	-2.41615919e-03	3.05091225e-02	5.59603431e-03	2.33008736e-02
5020            	-1.05026165e-02	-2.52286967e-03	3.12157446e-02	5.60333931e-03	2.33355233e-02
5021            	-1.05076976e-02	-2.53366885e-03	3.13138690e-02	5.60817744e-03	2.33785892e-02
5022            	-1.05023484e-02	-2.48726297e-03	3.10393822e-02	5.62045440e-03	2.34608017e-02
5023            	-1.04870827e-02	-2.39185171e-03	3.04434550e-02	5.61785045e-03	2.34807154e-02
5024            	-1.04615546e-02	-2.26777166e-03	2.96584455e-02	5.55990717e-03	2.32683947e-02
5025            	-1.04227900e-02	-2.16149016e-03	2.89610779e-02	5.46078100e-03	2.28844556e-02
5026            	-1.03672989e-02	-2.11176146e-03	2.85757792e-02	5.36244640e-03	2.25048162e-02
5027            	-1.03052977e-02	-2.10618050e-03	2.84378590e-02	5.29611985e-03	2.22539804e-02
5028            	-1.02542129e-02	-2.11682967e-03	2.84000114e-02	5.26062965e-03	2.21229403e-02
5029            	-1.02233966e-02	-2.13002165e-03	2.83961570e-02	5.27206754e-03	2.21781759e-02
5030            	-1.02154182e-02	-2.14190372e-03	2.84130648e-02	5.34241550e-03	2.24748579e-02
5031            	-1.02259148e-02	-2.09259341e-03	2.80879220e-02	5.44503993e-03	2.28966601e-02
5032            	-1.02511885e-02	-1.96651367e-03	2.73298994e-02	5.53751762e-03	2.32597663e-02
5033            	-1.02871957e-02	-1.77235706e-03	2.61891177e-02	5.58627808e-03	2.34210170e-02
5034            	-1.03338273e-02	-1.58394008e-03	2.51119562e-02	5.58866098e-03	2.33804330e-02
5035            	-1.03823936e-02	-1.43043380e-03	2.42606782e-02	5.56649064e-03	2.32440286e-02
5036            	-1.04215979e-02	-1.40185634e-03	2.41609511e-02	5.52609167e-03	2.30561717e-02
5037            	-1.04486633e-02	-1.46846437e-03	2.46220472e-02	5.50258246e-03	2.29578614e-02
5038            	-1.04748729e-02	-1.66184003e-03	2.58548510e-02	5.52717265e-03	2.30565371e-02
5039            	-1.05142682e-02	-1.99102116e-03	2.79415628e-02	5.60469841e-03	2.33648004e-02
5040            	-1.05640986e-02	-2.31231545e-03	2.99978977e-02	5.68779658e-03	2.36905635e-02
5041            	-1.06092647e-02	-2.52513960e-03	3.13873240e-02	5.73392578e-03	2.38697005e-02
5042            	-1.06372852e-02	-2.61614675e-03	3.20086041e-02	5.74072752e-03	2.39012762e-02
5043            	-1.06459602e-02	-2.62680338e-03	3.21095092e-02	5.74249372e-03	2.39308012e-02
5044            	-1.06412033e-02	-2.59441208e-03	3.19227622e-02	5.75250955e-03	2.40038546e-02
5045            	-1.06301369e-02	-2.51165065e-03	3.14122545e-02	5.74705820e-03	2.40126137e-02
5046            	-1.06142013e-02	-2.38324041e-03	3.06144551e-02	5.68165145e-03	2.37707509e-02
5047            	-1.05817679e-02	-2.26066903e-03	2.98244850e-02	5.56919802e-03	2.33333541e-02
5048            	-1.05187772e-02	-2.19247182e-03	2.93122727e-02	5.45167889e-03	2.28754597e-02
5049            	-1.04347639e-02	-2.16816270e-03	2.90234170e-02	5.36144454e-03	2.25266251e-02
5050            	-1.03553506e-02	-2.16523072e-03	2.88566290e-02	5.30214758e-03	2.22973971e-02
5051            	-1.02994330e-02	-2.16388748e-03	2.87223253e-02	5.28826356e-03	2.22472025e-02
5052            	-1.02740025e-02	-2.15477380e-03	2.85786171e-02	5.33728020e-03	2.24554430e-02
5053            	-1.02722162e-02	-2.07991134e-03	2.80715804e-02	5.42623172e-03	2.28216194e-02
5054            	-1.02864099e-02	-1.92760912e-03	2.71288399e-02	5.51292576e-03	2.31627717e-02
5055            	-1.03096420e-02	-1.70945061e-03	2.58151623e-02	5.55847799e-03	2.33127719e-02
5056            	-1.03410162e-02	-1.49816697e-03	2.45692992e-02	5.55633013e-03	2.32548393e-02
5057            	-1.03743967e-02	-1.32062339e-03	2.35429211e-02	5.52683019e-03	2.30886515e-02
5058            	-1.04017948e-02	-1.24872992e-03	2.31553546e-02	5.47559221e-03	2.28562713e-02
5059            	-1.04159618e-02	-1.29626323e-03	2.34772353e-02	5.43853606e-03	2.27020424e-02
5060            	-1.04272523e-02	-1.49396507e-03	2.47145473e-02	5.45353997e-03	2.27606993e-02
5061            	-1.04500635e-02	-1.83565365e-03	2.68554265e-02	5.52401837e-03	2.30385397e-02
5062            	-1.04821981e-02	-2.16407798e-03	2.89313527e-02	5.60180706e-03	2.33407109e-02
5063            	-1.05133300e-02	-2.38076875e-03	3.03257258e-02	5.64664364e-03	2.35133057e-02
5064            	-1.05338770e-02	-2.49179661e-03	3.10629873e-02	5.65286431e-03	2.35410650e-02
5065            	-1.05385443e-02	-2.51815489e-03	3.12570655e-02	5.65421136e-03	2.35680969e-02
5066            	-1.05305543e-02	-2.49225983e-03	3.11054653e-02	5.66285854e-03	2.36351030e-02
5067            	-1.05121499e-02	-2.40160012e-03	3.05332951e-02	5.65825039e-03	2.36469100e-02
5068            	-1.04848755e-02	-2.25686027e-03	2.96153486e-02	5.59862044e-03	2.34278651e-02
5069            	-1.04446376e-02	-2.12146532e-03	2.87340046e-02	5.49198853e-03	2.30126181e-02
5070            	-1.03864204e-02	-2.04892389e-03	2.82032419e-02	5.37871166e-03	2.25704881e-02
5071            	-1.03156703e-02	-2.03121414e-03	2.79769864e-02	5.29778994e-03	2.22602485e-02
5072            	-1.02534241e-02	-2.04251490e-03	2.79269474e-02	5.25230036e-03	2.20887355e-02
5073            	-1.02146949e-02	-2.05835351e-03	2.79279246e-02	5.24495692e-03	2.20646097e-02
5074            	-1.02042195e-02	-2.06708666e-03	2.79202217e-02	5.29508597e-03	2.22757804e-02
5075            	-1.02148425e-02	-2.01436190e-03	2.75726478e-02	5.38350975e-03	2.26387364e-02
5076            	-1.02386587e-02	-1.88905395e-03	2.68148964e-02	5.46933915e-03	2.29756916e-02
5077            	-1.02700294e-02	-1.69986184e-03	2.56970106e-02	5.51482677e-03	2.31252548e-02
5078            	-1.03080033e-02	-1.51715092e-03	2.46431093e-02	5.51215262e-03	2.30640528e-02
5079            	-1.03474785e-02	-1.36380239e-03	2.37804881e-02	5.48089159e-03	2.28882788e-02
5080            	-1.03778246e-02	-1.30159071e-03	2.34615721e-02	5.42822837e-03	2.26476473e-02
5081            	-1.03919984e-02	-1.36511283e-03	2.38850678e-02	5.38736529e-03	2.24764462e-02
5082            	-1.03987399e-02	-1.57161668e-03	2.51705502e-02	5.40141426e-03	2.25318645e-02
5083            	-1.04175514e-02	-1.91717265e-03	2.73294533e-02	5.47609197e-03	2.28289062e-02
5084            	-1.04503057e-02	-2.24503191e-03	2.94019814e-02	5.56039615e-03	2.31595665e-02
5085            	-1.04851684e-02	-2.45796224e-03	3.07768112e-02	5.61205085e-03	2.33607140e-02
5086            	-1.05116542e-02	-2.56472912e-03	3.14939234e-02	5.62614932e-03	2.34213394e-02
5087            	-1.05250212e-02	-2.58792674e-03	3.16791134e-02	5.63568130e-03	2.34829884e-02
5088            	-1.05275041e-02	-2.56482936e-03	3.15590284e-02	5.65634536e-03	2.36005890e-02
5089            	-1.05194552e-02	-2.47593697e-03	3.10130788e-02	5.66550457e-03	2.36702818e-02
5090            	-1.05014212e-02	-2.33086881e-03	3.01067639e-02	5.62076290e-03	2.35148617e-02
5091            	-1.04715297e-02	-2.19519450e-03	2.92402161e-02	5.52969267e-03	2.31657017e-02
5092            	-1.04242950e-02	-2.12428716e-03	2.87383264e-02	5.43055999e-03	2.27834116e-02
5093            	-1.03631830e-02	-2.11197856e-03	2.85623587e-02	5.35669718e-03	2.25030976e-02
5094            	-1.03064110e-02	-2.12773807e-03	2.85504773e-02	5.31394930e-03	2.23431626e-02
5095            	-1.02688246e-02	-2.14832914e-03	2.85838345e-02	5.30810070e-03	2.23259046e-02
5096            	-1.02567565e-02	-2.15573729e-03	2.85656003e-02	5.36384791e-03	2.25620421e-02
5097            	-1.02651031e-02	-2.10112465e-03	2.82013630e-02	5.46136963e-03	2.29660480e-02
5098            	-1.02870871e-02	-1.97727289e-03	2.74474710e-02	5.56185843e-03	2.33672858e-02
5099            	-1.03210981e-02	-1.78856108e-03	2.63341037e-02	5.61877222e-03	2.35660983e-02
5100            	-1.03646180e-02	-1.60251858e-03	2.52661233e-02	5.62130647e-03	2.35250389e-02
5101            	-1.04124214e-02	-1.43792142e-03	2.43457298e-02	5.59287069e-03	2.33580850e-02
5102            	-1.04546450e-02	-1.34655526e-03	2.38647288e-02	5.53711091e-03	2.31026081e-02
5103            	-1.04828570e-02	-1.38251369e-03	2.41378904e-02	5.49034326e-03	2.29068689e-02
5104            	-1.05057416e-02	-1.58400576e-03	2.54156215e-02	5.49749942e-03	2.29347263e-02
5105            	-1.05380318e-02	-1.92944758e-03	2.75932306e-02	5.56703030e-03	2.32110094e-02
5106            	-1.05808395e-02	-2.27245047e-03	2.97735181e-02	5.64421036e-03	2.35104458e-02
5107            	-1.06204340e-02	-2.49588159e-03	3.12188389e-02	5.69034573e-03	2.36858077e-02
5108            	-1.06443946e-02	-2.60603020e-03	3.19521759e-02	5.69945738e-03	2.37227470e-02
5109            	-1.06500606e-02	-2.64571446e-03	3.22289611e-02	5.69646277e-03	2.37296005e-02
5110            	-1.06446978e-02	-2.64761762e-03	3.22546188e-02	5.70393248e-03	2.37899920e-02
5111            	-1.06336409e-02	-2.58774722e-03	3.18874173e-02	5.70219583e-03	2.38134035e-02
5112            	-1.06164573e-02	-2.45284122e-03	3.10462088e-02	5.64998320e-03	2.36273842e-02
5113            	-1.05804663e-02	-2.30094029e-03	3.00690029e-02	5.54660659e-03	2.32287850e-02
5114            	-1.05132459e-02	-2.20389838e-03	2.93736742e-02	5.43301301e-03	2.27882685e-02
5115            	-1.04214478e-02	-2.16437802e-03	2.89807566e-02	5.33962053e-03	2.24288986e-02
5116            	-1.03313440e-02	-2.15385999e-03	2.87538865e-02	5.28136690e-03	2.22063124e-02
5117            	-1.02654612e-02	-2.14612691e-03	2.85659912e-02	5.26012018e-03	2.21264126e-02
5118            	-1.02350218e-02	-2.11943600e-03	2.83037457e-02	5.30546290e-03	2.23207142e-02
5119            	-1.02341196e-02	-2.03096836e-03	2.77092190e-02	5.39592992e-03	2.26972736e-02
5120            	-1.02497078e-02	-1.87473455e-03	2.67386664e-02	5.49515912e-03	2.30950641e-02
5121            	-1.02741744e-02	-1.65965496e-03	2.54422987e-02	5.55588457e-03	2.33126109e-02
5122            	-1.03051972e-02	-1.45956115e-03	2.42652410e-02	5.56740257e-03	2.33100869e-02
5123            	-1.03400606e-02	-1.28533391e-03	2.32628622e-02	5.54870092e-03	2.31823397e-02
5124            	-1.03713754e-02	-1.16755444e-03	2.26012833e-02	5.49345815e-03	2.29267482e-02
5125            	-1.03892132e-02	-1.16606491e-03	2.26276317e-02	5.43749596e-03	2.26914500e-02
5126            	-1.03994772e-02	-1.35222842e-03	2.37934061e-02	5.43692026e-03	2.26886816e-02
5127            	-1.04166016e-02	-1.70514419e-03	2.59966019e-02	5.49882231e-03	2.29349501e-02
5128            	-1.04437659e-02	-2.08265019e-03	2.83695762e-02	5.56920289e-03	2.32067500e-02
5129            	-1.04725828e-02	-2.34256973e-03	3.00271034e-02	5.61442045e-03	2.33777831e-02
5130            	-1.04949277e-02	-2.46835920e-03	3.08565578e-02	5.62677117e-03	2.34273213e-02
5131            	-1.05044259e-02	-2.51442778e-03	3.11794204e-02	5.62501948e-03	2.34383190e-02
5132            	-1.05025771e-02	-2.51682628e-03	3.12134797e-02	5.63045568e-03	2.34892640e-02
5133            	-1.04888410e-02	-2.45897242e-03	3.08546764e-02	5.62700106e-03	2.35044881e-02
5134            	-1.04657766e-02	-2.32881625e-03	3.00343988e-02	5.57657637e-03	2.33244940e-02
5135            	-1.04294631e-02	-2.17707570e-03	2.90596850e-02	5.47485126e-03	2.29315817e-02
5136            	-1.03760780e-02	-2.08481212e-03	2.84178716e-02	5.36751312e-03	2.25158972e-02
5137            	-1.03091609e-02	-2.06114300e-03	2.81643925e-02	5.28709757e-03	2.22099637e-02
5138            	-1.02481971e-02	-2.07524916e-03	2.81384841e-02	5.24289350e-03	2.20453155e-02
5139            	-1.02084898e-02	-2.09830460e-03	2.81855712e-02	5.22925171e-03	2.19958168e-02
5140            	-1.01943173e-02	-2.10339800e-03	2.81493860e-02	5.27494933e-03	2.21899783e-02
5141            	-1.02006305e-02	-2.04888462e-03	2.77792470e-02	5.36309322e-03	2.25562658e-02
5142            	-1.02182217e-02	-1.92605710e-03	2.70214957e-02	5.46187094e-03	2.29520348e-02
5143            	-1.02441735e-02	-1.73860794e-03	2.59010324e-02	5.52436701e-03	2.31774609e-02
5144            	-1.02771769e-02	-1.55865360e-03	2.48540683e-02	5.54019959e-03	2.31930053e-02
5145            	-1.03180011e-02	-1.41034527e-03	2.40230882e-02	5.52952390e-03	2.30973609e-02
5146            	-1.03578955e-02	-1.29894588e-03	2.34166305e-02	5.48377488e-03	2.28785161e-02
5147            	-1.03855394e-02	-1.28441786e-03	2.33785752e-02	5.43487068e-03	2.26711811e-02
5148            	-1.04028908e-02	-1.45686269e-03	2.44706058e-02	5.44576056e-03	2.27169461e-02
5149            	-1.04269295e-02	-1.80927129e-03	2.66805420e-02	5.52347023e-03	2.30300932e-02
5150            	-1.04643873e-02	-2.18987564e-03	2.90871620e-02	5.61225295e-03	2.33799774e-02
5151            	-1.05072234e-02	-2.44187108e-03	3.07123513e-02	5.67394294e-03	2.36200220e-02
5152            	-1.05434775e-02	-2.55049470e-03	3.14516515e-02	5.69845988e-03	2.37201285e-02
5153            	-1.05642672e-02	-2.58872920e-03	3.17407562e-02	5.70560892e-03	2.37680052e-02
5154            	-1.05711437e-02	-2.59761690e-03	3.18287663e-02	5.72046305e-03	2.38591050e-02
5155            	-1.05674538e-02	-2.55481710e-03	3.15794873e-02	5.72788987e-03	2.39208792e-02
5156            	-1.05565952e-02	-2.43809471e-03	3.08614962e-02	5.69299073e-03	2.38069576e-02
5157            	-1.05347124e-02	-2.28935031e-03	2.99281065e-02	5.60489334e-03	2.34724923e-02
5158            	-1.04942992e-02	-2.19408601e-03	2.92883089e-02	5.50158503e-03	2.30756417e-02
5159            	-1.04338886e-02	-2.16889444e-03	2.90365167e-02	5.41139286e-03	2.27305266e-02
5160            	-1.03707826e-02	-2.18458558e-03	2.90187688e-02	5.35157017e-03	2.25018093e-02
5161            	-1.03239441e-02	-2.21146607e-03	2.90796106e-02	5.32646269e-03	2.24058617e-02
5162            	-1.03012267e-02	-2.21253059e-03	2.90044853e-02	5.36423493e-03	2.25681955e-02
5163            	-1.03011314e-02	-2.15198451e-03	2.85831556e-02	5.44561333e-03	2.29077949e-02
5164            	-1.03156463e-02	-2.02063515e-03	2.77628487e-02	5.53847794e-03	2.32804539e-02
5165            	-1.03414661e-02	-1.82383595e-03	2.65801750e-02	5.59704517e-03	2.34915313e-02
5166            	-1.03749139e-02	-1.62877124e-03	2.54378049e-02	5.60902924e-03	2.34924241e-02
5167            	-1.04122604e-02	-1.47473450e-03	2.45632398e-02	5.59638120e-03	2.33880965e-02
5168            	-1.04473756e-02	-1.33870538e-03	2.37942078e-02	5.54661365e-03	2.31505640e-02
5169            	-1.04707548e-02	-1.28193082e-03	2.34853258e-02	5.48374762e-03	2.28831730e-02
5170            	-1.04872696e-02	-1.41925821e-03	2.43566183e-02	5.47888943e-03	2.28629992e-02
5171            	-1.05111828e-02	-1.75898882e-03	2.64861684e-02	5.53983410e-03	2.31060314e-02
5172            	-1.05446878e-02	-2.13998655e-03	2.88884065e-02	5.61949657e-03	2.34169504e-02
5173            	-1.05803086e-02	-2.41722301e-03	3.06608582e-02	5.67579834e-03	2.36316764e-02
5174            	-1.06078961e-02	-2.54452836e-03	3.15047462e-02	5.69146197e-03	2.36908803e-02
5175            	-1.06215621e-02	-2.58689805e-03	3.18100884e-02	5.68528982e-03	2.36794633e-02
5176            	-1.06229403e-02	-2.59608901e-03	3.18922589e-02	5.68815136e-03	2.37186626e-02
5177            	-1.06145127e-02	-2.56174672e-03	3.16890091e-02	5.68926821e-03	2.37535973e-02
5178            	-1.05979752e-02	-2.44751844e-03	3.09775861e-02	5.65190456e-03	2.36292956e-02
5179            	-1.05638827e-02	-2.28280886e-03	2.99254287e-02	5.55807064e-03	2.32713226e-02
5180            	-1.05059476e-02	-2.16110527e-03	2.90932587e-02	5.44551829e-03	2.28360743e-02
5181            	-1.04251598e-02	-2.10945545e-03	2.86446240e-02	5.34885040e-03	2.24647378e-02
5182            	-1.03403344e-02	-2.10137978e-03	2.84443895e-02	5.28438789e-03	2.22181068e-02
5183            	-1.02753126e-02	-2.10224484e-03	2.83140262e-02	5.24974988e-03	2.20831948e-02
5184            	-1.02425706e-02	-2.08191415e-03	2.80890746e-02	5.27865729e-03	2.22082605e-02
5185            	-1.02379342e-02	-2.01258486e-03	2.76036471e-02	5.35799288e-03	2.25403373e-02
5186            	-1.02478563e-02	-1.87728684e-03	2.67491806e-02	5.45157174e-03	2.29170423e-02
5187            	-1.02691432e-02	-1.67562575e-03	2.55277709e-02	5.51179516e-03	2.31361452e-02
5188            	-1.02990579e-02	-1.47240643e-03	2.43298677e-02	5.52294842e-03	2.31344705e-02
5189            	-1.03355975e-02	-1.33720377e-03	2.35720666e-02	5.50880740e-03	2.30243599e-02
5190            	-1.03705977e-02	-1.22158441e-03	2.29326688e-02	5.45929147e-03	2.27864057e-02
5191            	-1.03940158e-02	-1.16224037e-03	2.26121952e-02	5.39068709e-03	2.24944150e-02
5192            	-1.04064441e-02	-1.28611979e-03	2.33979913e-02	5.37827998e-03	2.24443132e-02
5193            	-1.04215563e-02	-1.63167216e-03	2.55532704e-02	5.43355538e-03	2.26661257e-02
5194            	-1.04462661e-02	-2.03693642e-03	2.80942288e-02	5.51842146e-03	2.30009996e-02
5195            	-1.04745285e-02	-2.34770587e-03	3.00642313e-02	5.58862201e-03	2.32743069e-02
5196            	-1.04969009e-02	-2.49570183e-03	3.10286843e-02	5.62048216e-03	2.34006868e-02
5197            	-1.05074255e-02	-2.54079940e-03	3.13463677e-02	5.62963202e-03	2.34528672e-02
5198            	-1.05073466e-02	-2.54522884e-03	3.13973096e-02	5.64315790e-03	2.35357929e-02
5199            	-1.04961635e-02	-2.51157577e-03	3.11943977e-02	5.65212582e-03	2.36030394e-02
5200            	-1.04766958e-02	-2.40831749e-03	3.05470022e-02	5.62370795e-03	2.35150448e-02
5201            	-1.04450287e-02	-2.25841922e-03	2.95925149e-02	5.53729457e-03	2.31865305e-02
5202            	-1.03983614e-02	-2.15273407e-03	2.88801684e-02	5.43346016e-03	2.27859626e-02
5203            	-1.03382935e-02	-2.12314085e-03	2.86040241e-02	5.34715441e-03	2.24564401e-02
5204            	-1.02797206e-02	-2.13865621e-03	2.85946041e-02	5.29560738e-03	2.22628601e-02
5205            	-1.02367953e-02	-2.15732057e-03	2.86122475e-02	5.27200476e-03	2.21737642e-02
5206            	-1.02161038e-02	-2.15797259e-03	2.85393512e-02	5.31078470e-03	2.23397062e-02
5207            	-1.02165517e-02	-2.11945096e-03	2.82554476e-02	5.39986200e-03	2.27127182e-02
5208            	-1.02311224e-02	-2.01589383e-03	2.76066705e-02	5.50254270e-03	2.31287139e-02
5209            	-1.02598770e-02	-1.83769082e-03	2.65429984e-02	5.56910080e-03	2.33754978e-02
5210            	-1.02986295e-02	-1.63637271e-03	2.53709595e-02	5.58481346e-03	2.33934169e-02
5211            	-1.03447834e-02	-1.50787124e-03	2.46685417e-02	5.57858951e-03	2.33161187e-02
5212            	-1.03887850e-02	-1.40652945e-03	2.41304994e-02	5.54641173e-03	2.31477030e-02
5213            	-1.04229266e-02	-1.32880568e-03	2.37122670e-02	5.49046336e-03	2.29053769e-02
5214            	-1.04507318e-02	-1.42143215e-03	2.43280400e-02	5.48219929e-03	2.28720208e-02
5215            	-1.04844421e-02	-1.73773507e-03	2.63290034e-02	5.53651916e-03	2.30910012e-02
5216            	-1.05287951e-02	-2.13882784e-03	2.88714983e-02	5.62619413e-03	2.34475925e-02
5217            	-1.05772020e-02	-2.45722594e-03	3.09153153e-02	5.70211190e-03	2.37444614e-02
5218            	-1.06148941e-02	-2.60617148e-03	3.19047234e-02	5.73235154e-03	2.38623724e-02
5219            	-1.06342517e-02	-2.63859038e-03	3.21545210e-02	5.73063114e-03	2.38675655e-02
5220            	-1.06377448e-02	-2.63030657e-03	3.21310595e-02	5.72991183e-03	2.38907834e-02
5221            	-1.06298390e-02	-2.59780653e-03	3.19401452e-02	5.72935203e-03	2.39186585e-02
5222            	-1.06179813e-02	-2.50799264e-03	3.13876079e-02	5.69978893e-03	2.38263066e-02
5223            	-1.05955475e-02	-2.36668898e-03	3.05000560e-02	5.61396427e-03	2.35011291e-02
5224            	-1.05475013e-02	-2.25002932e-03	2.97160183e-02	5.50441747e-03	2.30784887e-02
5225            	-1.04697135e-02	-2.19773246e-03	2.92704326e-02	5.40230091e-03	2.26854748e-02
5226            	-1.03824029e-02	-2.18992728e-03	2.90706109e-02	5.33093121e-03	2.24119961e-02
5227            	-1.03100948e-02	-2.18599535e-03	2.89016523e-02	5.28958162e-03	2.22508677e-02
5228            	-1.02661082e-02	-2.16666317e-03	2.86672945e-02	5.31221591e-03	2.23498477e-02
5229            	-1.02523644e-02	-2.10836628e-03	2.82353012e-02	5.38868213e-03	2.26706616e-02
5230            	-1.02573737e-02	-1.98218046e-03	2.74261778e-02	5.48414006e-03	2.30577811e-02
5231            	-1.02764373e-02	-1.77844098e-03	2.61836161e-02	5.55008223e-03	2.33036604e-02
5232            	-1.03026989e-02	-1.54236817e-03	2.47727628e-02	5.56936097e-03	2.33378322e-02
5233            	-1.03344816e-02	-1.39010448e-03	2.38979809e-02	5.56696238e-03	2.32780933e-02
5234            	-1.03660091e-02	-1.28896379e-03	2.33402261e-02	5.54337978e-03	2.31458414e-02
5235            	-1.03889203e-02	-1.20312384e-03	2.28541280e-02	5.48756015e-03	2.29032502e-02
5236            	-1.04032693e-02	-1.27025779e-03	2.32926114e-02	5.46476247e-03	2.28089970e-02
5237            	-1.04213219e-02	-1.56250734e-03	2.51226126e-02	5.49722875e-03	2.29376012e-02
5238            	-1.04472730e-02	-1.95966652e-03	2.76139612e-02	5.56708155e-03	2.32117574e-02
5239            	-1.04758239e-02	-2.29522109e-03	2.97347930e-02	5.63386982e-03	2.34698522e-02
5240            	-1.04988641e-02	-2.46935022e-03	3.08596899e-02	5.66052668e-03	2.35713406e-02
5241            	-1.05100917e-02	-2.51817177e-03	3.12015246e-02	5.65620165e-03	2.35634974e-02
5242            	-1.05093359e-02	-2.51130468e-03	3.11825306e-02	5.65190034e-03	2.35707440e-02
5243            	-1.04976687e-02	-2.47189326e-03	3.09435896e-02	5.64859653e-03	2.35872933e-02
5244            	-1.04774769e-02	-2.37087925e-03	3.03076863e-02	5.61938707e-03	2.34964480e-02
5245            	-1.04461905e-02	-2.22130178e-03	2.93543998e-02	5.53258431e-03	2.31660700e-02
5246            	-1.04005265e-02	-2.10117019e-03	2.85524594e-02	5.41785580e-03	2.27198571e-02
5247            	-1.03373320e-02	-2.05249670e-03	2.81527290e-02	5.31273957e-03	2.23126226e-02
5248            	-1.02723688e-02	-2.05335465e-03	2.80427284e-02	5.24065957e-03	2.20353564e-02
5249            	-1.02230633e-02	-2.06173959e-03	2.79874842e-02	5.20219778e-03	2.18850951e-02
5250            	-1.01982384e-02	-2.06595712e-03	2.79314196e-02	5.23222372e-03	2.20130612e-02
5251            	-1.01984453e-02	-2.04063833e-03	2.77287662e-02	5.32017237e-03	2.23805561e-02
5252            	-1.02142914e-02	-1.94939307e-03	2.71562148e-02	5.42463497e-03	2.28049853e-02
5253            	-1.02416990e-02	-1.77346079e-03	2.61022466e-02	5.49264814e-03	2.30591183e-02
5254            	-1.02735841e-02	-1.55866258e-03	2.48354302e-02	5.51033893e-03	2.30860227e-02
5255            	-1.03104274e-02	-1.42423670e-03	2.40827645e-02	5.50458003e-03	2.30111540e-02
5256            	-1.03431909e-02	-1.34747598e-03	2.36812091e-02	5.48268267e-03	2.28840424e-02
5257            	-1.03655403e-02	-1.28184637e-03	2.33216937e-02	5.43257733e-03	2.26638618e-02
5258            	-1.03775752e-02	-1.34835150e-03	2.37537482e-02	5.41595162e-03	2.25953157e-02
5259            	-1.03923659e-02	-1.62853027e-03	2.55039328e-02	5.45673901e-03	2.27596999e-02
5260            	-1.04183101e-02	-2.02097728e-03	2.79652066e-02	5.54088180e-03	2.30949486e-02
5261            	-1.04512609e-02	-2.36854343e-03	3.01671396e-02	5.62730194e-03	2.34359109e-02
5262            	-1.04810479e-02	-2.55434365e-03	3.13741087e-02	5.67300292e-03	2.36177169e-02
5263            	-1.05010172e-02	-2.59447140e-03	3.16727156e-02	5.68250570e-03	2.36684492e-02
5264            	-1.05094474e-02	-2.56682267e-03	3.15352257e-02	5.68526048e-03	2.37068919e-02
5265            	-1.05052740e-02	-2.51225238e-03	3.12111064e-02	5.68828993e-03	2.37516642e-02
5266            	-1.04904191e-02	-2.40801298e-03	3.05623957e-02	5.66614944e-03	2.36912781e-02
5267            	-1.04639969e-02	-2.26799240e-03	2.96770913e-02	5.58728291e-03	2.33934498e-02
5268            	-1.04232287e-02	-2.15908264e-03	2.89540512e-02	5.48027542e-03	2.29788718e-02
5269            	-1.03658229e-02	-2.11483457e-03	2.85919113e-02	5.38008721e-03	2.25923310e-02
5270            	-1.03045984e-02	-2.11783546e-03	2.85016891e-02	5.31145883e-03	2.23305602e-02
5271            	-1.02554304e-02	-2.13096709e-03	2.84771656e-02	5.27393814e-03	2.21855079e-02
5272            	-1.02308367e-02	-2.13944888e-03	2.84486057e-02	5.30035153e-03	2.22992313e-02
5273            	-1.02313204e-02	-2.11651278e-03	2.82607246e-02	5.38197436e-03	2.26401764e-02
5274            	-1.02481561e-02	-2.02384089e-03	2.76795120e-02	5.48220093e-03	2.30470418e-02
5275            	-1.02782370e-02	-1.84599203e-03	2.66165690e-02	5.55035924e-03	2.33026301e-02
5276            	-1.03178012e-02	-1.62877085e-03	2.53456870e-02	5.56971644e-03	2.33371323e-02
5277            	-1.03644128e-02	-1.48879760e-03	2.45731197e-02	5.56179856e-03	2.32542299e-02
5278            	-1.04091236e-02	-1.41504823e-03	2.42078623e-02	5.53948007e-03	2.31257560e-02
5279            	-1.04440739e-02	-1.35939395e-03	2.39286116e-02	5.49316593e-03	2.29211541e-02
5280            	-1.04717086e-02	-1.42192498e-03	2.43595692e-02	5.47936504e-03	2.28636648e-02
5281            	-1.05027223e-02	-1.67915971e-03	2.59913075e-02	5.51977196e-03	2.30256771e-02
5282            	-1.05429734e-02	-2.05108054e-03	2.83451587e-02	5.60372263e-03	2.33593745e-02
5283            	-1.05857573e-02	-2.39579855e-03	3.05418177e-02	5.69084927e-03	2.37021305e-02
5284            	-1.06165245e-02	-2.59361386e-03	3.18235573e-02	5.73497619e-03	2.38755583e-02
5285            	-1.06296868e-02	-2.65234478e-03	3.22283029e-02	5.74141478e-03	2.39112601e-02
5286            	-1.06294878e-02	-2.64384254e-03	3.21997572e-02	5.74080975e-03	2.39334391e-02
5287            	-1.06208605e-02	-2.60452762e-03	3.19666060e-02	5.74151095e-03	2.39666736e-02
5288            	-1.06097083e-02	-2.51288558e-03	3.14034115e-02	5.72053428e-03	2.39103017e-02
5289            	-1.05860337e-02	-2.37633548e-03	3.05436421e-02	5.64422616e-03	2.36240642e-02
5290            	-1.05357589e-02	-2.26170788e-03	2.97698535e-02	5.53564316e-03	2.32046902e-02
5291            	-1.04555051e-02	-2.20470021e-03	2.92927081e-02	5.42322624e-03	2.27686549e-02
5292            	-1.03643569e-02	-2.18522073e-03	2.90156875e-02	5.33721140e-03	2.24358639e-02
5293            	-1.02863795e-02	-2.16783967e-03	2.87552248e-02	5.28389695e-03	2.22262225e-02
5294            	-1.02370206e-02	-2.13865354e-03	2.84514770e-02	5.29745855e-03	2.22875911e-02
5295            	-1.02208087e-02	-2.08684888e-03	2.80543543e-02	5.37319239e-03	2.26057919e-02
5296            	-1.02255691e-02	-1.97274541e-03	2.73166204e-02	5.46922783e-03	2.29973889e-02
5297            	-1.02451460e-02	-1.77285092e-03	2.60962758e-02	5.53298011e-03	2.32368773e-02
5298            	-1.02704380e-02	-1.52752240e-03	2.46255269e-02	5.54634461e-03	2.32480101e-02
5299            	-1.03019841e-02	-1.35049146e-03	2.35972023e-02	5.52949457e-03	2.31290093e-02
5300            	-1.03323306e-02	-1.26159472e-03	2.31140229e-02	5.50178986e-03	2.29779206e-02
5301            	-1.03542075e-02	-1.20493439e-03	2.28080148e-02	5.45206766e-03	2.27576927e-02
5302            	-1.03680803e-02	-1.25063937e-03	2.31148525e-02	5.42432536e-03	2.26414490e-02
5303            	-1.03851756e-02	-1.48941597e-03	2.46138751e-02	5.44037237e-03	2.27023194e-02
5304            	-1.04116855e-02	-1.85996174e-03	2.69411352e-02	5.50140841e-03	2.29407970e-02
5305            	-1.04430118e-02	-2.23190014e-03	2.92924540e-02	5.57593598e-03	2.32311376e-02
5306            	-1.04694417e-02	-2.46011218e-03	3.07583178e-02	5.61796816e-03	2.33954854e-02
5307            	-1.04846210e-02	-2.53600547e-03	3.12735677e-02	5.62673848e-03	2.34405946e-02
5308            	-1.04880783e-02	-2.52145506e-03	3.12127367e-02	5.62486932e-03	2.34586383e-02
5309            	-1.04793456e-02	-2.46631145e-03	3.08796319e-02	5.62346338e-03	2.34835468e-02
5310            	-1.04594060e-02	-2.36294562e-03	3.02287380e-02	5.60900456e-03	2.34537053e-02
5311            	-1.04265377e-02	-2.23139354e-03	2.93864031e-02	5.54320543e-03	2.32084120e-02
5312            	-1.03791198e-02	-2.12869202e-03	2.86926498e-02	5.44384581e-03	2.28242396e-02
5313            	-1.03156142e-02	-2.08493777e-03	2.83249429e-02	5.34484813e-03	2.24423414e-02
5314            	-1.02499262e-02	-2.07973995e-03	2.81772271e-02	5.27654530e-03	2.21833856e-02
5315            	-1.01996790e-02	-2.08266672e-03	2.80877101e-02	5.24167484e-03	2.20506437e-02
5316            	-1.01743741e-02	-2.08230728e-03	2.80034607e-02	5.26876901e-03	2.21671654e-02
5317            	-1.01745327e-02	-2.06694866e-03	2.78624382e-02	5.35433921e-03	2.25241177e-02
5318            	-1.01889431e-02	-1.99096078e-03	2.73806272e-02	5.45770234e-03	2.29442597e-02
5319            	-1.02163319e-02	-1.82506812e-03	2.63869888e-02	5.52801317e-03	2.32098100e-02
5320            	-1.02485910e-02	-1.60184762e-03	2.50664150e-02	5.55018383e-03	2.32569900e-02
5321            	-1.02866736e-02	-1.43465679e-03	2.41113720e-02	5.53906808e-03	2.31611604e-02
5322            	-1.03213953e-02	-1.36610789e-03	2.37636234e-02	5.51728835e-03	2.30333589e-02
5323            	-1.03476457e-02	-1.34384189e-03	2.36803333e-02	5.47627615e-03	2.28477543e-02
5324            	-1.03645526e-02	-1.39620634e-03	2.40350129e-02	5.45258807e-03	2.27479646e-02
5325            	-1.03830052e-02	-1.61968630e-03	2.54415942e-02	5.46978047e-03	2.28144302e-02
5326            	-1.04118930e-02	-1.97474574e-03	2.76753124e-02	5.53482606e-03	2.30709879e-02
5327            	-1.04474121e-02	-2.32702271e-03	2.99074276e-02	5.61479317e-03	2.33850329e-02
5328            	-1.04797134e-02	-2.54089366e-03	3.12889411e-02	5.66209851e-03	2.35723790e-02
5329            	-1.05023075e-02	-2.60247333e-03	3.17226415e-02	5.67211687e-03	2.36230930e-02
5330            	-1.05131877e-02	-2.57826899e-03	3.16106155e-02	5.66958938e-03	2.36384079e-02
5331            	-1.05123096e-02	-2.51416060e-03	3.12325380e-02	5.66806925e-03	2.36638051e-02
5332            	-1.05012758e-02	-2.40209991e-03	3.05402532e-02	5.64970413e-03	2.36193576e-02
5333            	-1.04795028e-02	-2.26525569e-03	2.96815682e-02	5.58018102e-03	2.33604905e-02
5334            	-1.04441805e-02	-2.16071373e-03	2.89951754e-02	5.47946121e-03	2.29721561e-02
5335            	-1.03905440e-02	-2.11913299e-03	2.86566883e-02	5.37587915e-03	2.25713269e-02
5336            	-1.03282038e-02	-2.11675569e-03	2.85325907e-02	5.30442912e-03	2.22994418e-02
5337            	-1.02747467e-02	-2.12154109e-03	2.84510122e-02	5.26963416e-03	2.21679949e-02
5338            	-1.02443058e-02	-2.12278639e-03	2.83699398e-02	5.29815080e-03	2.22916919e-02
5339            	-1.02402023e-02	-2.11473091e-03	2.82676127e-02	5.38539842e-03	2.26568422e-02
5340            	-1.02535749e-02	-2.03970590e-03	2.77884628e-02	5.48776054e-03	2.30734682e-02
5341            	-1.02801510e-02	-1.87791437e-03	2.68174959e-02	5.56335736e-03	2.33628385e-02
5342            	-1.03150486e-02	-1.66181201e-03	2.55447091e-02	5.59474974e-03	2.34500620e-02
5343            	-1.03579974e-02	-1.49139553e-03	2.45770115e-02	5.58825182e-03	2.33738695e-02
5344            	-1.03989941e-02	-1.41403758e-03	2.41836054e-02	5.57029732e-03	2.32608489e-02
5345            	-1.04310701e-02	-1.38821982e-03	2.40851777e-02	5.53521595e-03	2.30984143e-02
5346            	-1.04564085e-02	-1.43263832e-03	2.44025141e-02	5.51863576e-03	2.30276000e-02
5347            	-1.04857793e-02	-1.64867094e-03	2.57794080e-02	5.54328149e-03	2.31246183e-02
5348            	-1.05260106e-02	-2.00022349e-03	2.80078575e-02	5.61748716e-03	2.34183668e-02
5349            	-1.05698607e-02	-2.35162646e-03	3.02462162e-02	5.70451516e-03	2.37605987e-02
5350            	-1.06024792e-02	-2.57615933e-03	3.16947406e-02	5.75380108e-03	2.39543024e-02
5351            	-1.06176410e-02	-2.65179050e-03	3.22059798e-02	5.75956900e-03	2.39850786e-02
5352            	-1.06194018e-02	-2.64041090e-03	3.21617129e-02	5.74839154e-03	2.39627922e-02
5353            	-1.06123600e-02	-2.58911216e-03	3.18553536e-02	5.73840432e-03	2.39521738e-02
5354            	-1.06014746e-02	-2.49025895e-03	3.12462246e-02	5.71386718e-03	2.38818221e-02
5355            	-1.05785569e-02	-2.35899922e-03	3.04208047e-02	5.64038376e-03	2.36069784e-02
5356            	-1.05303167e-02	-2.24779804e-03	2.96734494e-02	5.53242775e-03	2.31891940e-02
5357            	-1.04518920e-02	-2.19366947e-03	2.92188769e-02	5.41988081e-03	2.27521721e-02
5358            	-1.03601149e-02	-2.16896207e-03	2.89094067e-02	5.32797603e-03	2.23963510e-02
5359            	-1.02796374e-02	-2.14441990e-03	2.86013527e-02	5.26547852e-03	2.21509385e-02
5360            	-1.02288131e-02	-2.11568932e-03	2.82992607e-02	5.26738107e-03	2.21650574e-02
5361            	-1.02135186e-02	-2.08075735e-03	2.80084178e-02	5.33480193e-03	2.24484704e-02
5362            	-1.02209846e-02	-1.98097185e-03	2.73622711e-02	5.42488760e-03	2.28154830e-02
5363            	-1.02441214e-02	-1.79494654e-03	2.62308667e-02	5.48897978e-03	2.30572134e-02
5364            	-1.02703518e-02	-1.55071391e-03	2.47659727e-02	5.50971055e-03	2.30998381e-02
5365            	-1.03026825e-02	-1.34867231e-03	2.35826330e-02	5.49419809e-03	2.29864062e-02
5366            	-1.03330830e-02	-1.24625314e-03	2.30164157e-02	5.47149311e-03	2.28547999e-02
5367            	-1.03548310e-02	-1.22725235e-03	2.29448504e-02	5.43466616e-03	2.26866153e-02
5368            	-1.03682543e-02	-1.28025593e-03	2.32983335e-02	5.41309243e-03	2.25960553e-02
5369            	-1.03826986e-02	-1.49671038e-03	2.46569710e-02	5.42969989e-03	2.26598352e-02
5370            	-1.04058303e-02	-1.84875484e-03	2.68645569e-02	5.49691112e-03	2.29243429e-02
5371            	-1.04349522e-02	-2.20039057e-03	2.90838738e-02	5.57684592e-03	2.32367772e-02
5372            	-1.04603411e-02	-2.43057886e-03	3.05581504e-02	5.62686809e-03	2.34333170e-02
5373            	-1.04748344e-02	-2.51798525e-03	3.11429379e-02	5.64233252e-03	2.35042160e-02
5374            	-1.04775711e-02	-2.51933496e-03	3.11805368e-02	5.65039775e-03	2.35620096e-02
5375            	-1.04688517e-02	-2.47157879e-03	3.08939551e-02	5.66212582e-03	2.36414688e-02
5376            	-1.04501847e-02	-2.36685151e-03	3.02362011e-02	5.65411764e-03	2.36391843e-02
5377            	-1.04198613e-02	-2.22944563e-03	2.93613847e-02	5.58933024e-03	2.33992107e-02
5378            	-1.03748900e-02	-2.11998325e-03	2.86314571e-02	5.48840916e-03	2.30087873e-02
5379            	-1.03127677e-02	-2.07956859e-03	2.82892483e-02	5.38819086e-03	2.26208166e-02
5380            	-1.02468105e-02	-2.08145717e-03	2.81874795e-02	5.31751233e-03	2.23514174e-02
5381            	-1.01956761e-02	-2.08836907e-03	2.81229462e-02	5.27540108e-03	2.21899363e-02
5382            	-1.01689217e-02	-2.08614700e-03	2.80261082e-02	5.28800552e-03	2.22475556e-02
5383            	-1.01664251e-02	-2.08731687e-03	2.79840532e-02	5.36376420e-03	2.25655851e-02
5384            	-1.01800374e-02	-2.02369135e-03	2.75756906e-02	5.45664906e-03	2.29433895e-02
5385            	-1.02069107e-02	-1.87156628e-03	2.66631730e-02	5.51912891e-03	2.31763647e-02
5386            	-1.02381297e-02	-1.65197027e-03	2.53608076e-02	5.53712565e-03	2.32064830e-02
5387            	-1.02765455e-02	-1.46283599e-03	2.42692921e-02	5.51941147e-03	2.30838392e-02
5388            	-1.03148005e-02	-1.36135932e-03	2.37242035e-02	5.49081400e-03	2.29271092e-02
5389            	-1.03452421e-02	-1.35501569e-03	2.37468975e-02	5.44733912e-03	2.27302934e-02
5390            	-1.03659126e-02	-1.41394362e-03	2.41483844e-02	5.42305326e-03	2.26279508e-02
5391            	-1.03868481e-02	-1.62567272e-03	2.54868289e-02	5.43855254e-03	2.26870456e-02
5392            	-1.04202270e-02	-1.96576553e-03	2.76341344e-02	5.50522379e-03	2.29492576e-02
5393            	-1.04626307e-02	-2.30649757e-03	2.98036137e-02	5.58723549e-03	2.32716791e-02
5394            	-1.05022899e-02	-2.52591750e-03	3.12292500e-02	5.63938917e-03	2.34781404e-02
5395            	-1.05299680e-02	-2.59871442e-03	3.17387543e-02	5.65880480e-03	2.35660891e-02
5396            	-1.05421316e-02	-2.58869357e-03	3.17169560e-02	5.67076218e-03	2.36413772e-02
5397            	-1.05409520e-02	-2.53865902e-03	3.14262512e-02	5.68506515e-03	2.37329726e-02
5398            	-1.05299553e-02	-2.43766753e-03	3.08024313e-02	5.68149303e-03	2.37500468e-02
5399            	-1.05090576e-02	-2.30537817e-03	2.99731039e-02	5.62515653e-03	2.35459380e-02
5400            	-1.04738680e-02	-2.19614431e-03	2.92597220e-02	5.53355989e-03	2.31951931e-02
5401            	-1.04178564e-02	-2.15268965e-03	2.89085600e-02	5.44318815e-03	2.28496970e-02
5402            	-1.03507657e-02	-2.15487203e-03	2.88077310e-02	5.37783667e-03	2.26034352e-02
5403            	-1.02924777e-02	-2.16217563e-03	2.87359306e-02	5.33936664e-03	2.24585025e-02
5404            	-1.02577745e-02	-2.16058109e-03	2.86322321e-02	5.35898767e-03	2.25470096e-02
5405            	-1.02500056e-02	-2.15792503e-03	2.85583806e-02	5.43983461e-03	2.28865709e-02
5406            	-1.02606957e-02	-2.09432132e-03	2.81446852e-02	5.54271237e-03	2.33070053e-02
5407            	-1.02856395e-02	-1.94728421e-03	2.72596345e-02	5.62395908e-03	2.36211045e-02
5408            	-1.03190400e-02	-1.73421815e-03	2.59997699e-02	5.65522869e-03	2.37085040e-02
5409            	-1.03600735e-02	-1.53811875e-03	2.48673476e-02	5.64065584e-03	2.35978291e-02
5410            	-1.04003788e-02	-1.40725799e-03	2.41418049e-02	5.60580538e-03	2.34120581e-02
5411            	-1.04305883e-02	-1.39525864e-03	2.41274054e-02	5.55423292e-03	2.31795113e-02
5412            	-1.04513406e-02	-1.45373967e-03	2.45262435e-02	5.52129738e-03	2.30409279e-02
5413            	-1.04751537e-02	-1.64792298e-03	2.57598982e-02	5.53096365e-03	2.30756858e-02
5414            	-1.05106540e-02	-1.97032160e-03	2.77994595e-02	5.59118770e-03	2.33101161e-02
5415            	-1.05510913e-02	-2.29499981e-03	2.98647222e-02	5.65854530e-03	2.35692293e-02
5416            	-1.05841256e-02	-2.51981044e-03	3.13131961e-02	5.69179386e-03	2.36944955e-02
5417            	-1.06023628e-02	-2.61132790e-03	3.19259565e-02	5.68833956e-03	2.36847155e-02
5418            	-1.06075196e-02	-2.61334877e-03	3.19695519e-02	5.67742517e-03	2.36627292e-02
5419            	-1.06051655e-02	-2.56478412e-03	3.16863982e-02	5.67362892e-03	2.36781412e-02
5420            	-1.05973165e-02	-2.46463794e-03	3.10721562e-02	5.65735749e-03	2.36420691e-02
5421            	-1.05769730e-02	-2.32971906e-03	3.02266185e-02	5.58976853e-03	2.33914927e-02
5422            	-1.05317625e-02	-2.20942042e-03	2.94286781e-02	5.48462252e-03	2.29845566e-02
5423            	-1.04564699e-02	-2.14788893e-03	2.89349919e-02	5.37559736e-03	2.25618116e-02
5424            	-1.03647618e-02	-2.12473781e-03	2.86376608e-02	5.30141673e-03	2.22797831e-02
5425            	-1.02829851e-02	-2.10548422e-03	2.83624019e-02	5.25830730e-03	2.21174446e-02
5426            	-1.02319976e-02	-2.07615700e-03	2.80583108e-02	5.26209346e-03	2.21404947e-02
5427            	-1.02158984e-02	-2.04709499e-03	2.78041120e-02	5.32660141e-03	2.24121856e-02
5428            	-1.02217426e-02	-1.96406556e-03	2.72592516e-02	5.42214377e-03	2.28032629e-02
5429            	-1.02406598e-02	-1.80452977e-03	2.62843701e-02	5.50285472e-03	2.31161337e-02
5430            	-1.02639820e-02	-1.58293818e-03	2.49541648e-02	5.53751903e-03	2.32179867e-02
5431            	-1.02954514e-02	-1.37858930e-03	2.37551554e-02	5.53116853e-03	2.31420887e-02
5432            	-1.03286718e-02	-1.23329417e-03	2.29298814e-02	5.50585348e-03	2.29968424e-02
5433            	-1.03538131e-02	-1.22932531e-03	2.29590519e-02	5.46523251e-03	2.28111420e-02
5434            	-1.03678768e-02	-1.30189065e-03	2.34369554e-02	5.44126199e-03	2.27115152e-02
5435            	-1.03794202e-02	-1.50045394e-03	2.46814364e-02	5.45869719e-03	2.27797471e-02
5436            	-1.03998546e-02	-1.83236722e-03	2.67598189e-02	5.52764918e-03	2.30515951e-02
5437            	-1.04285272e-02	-2.16952213e-03	2.88870687e-02	5.60427689e-03	2.33504211e-02
5438            	-1.04546465e-02	-2.41306199e-03	3.04438623e-02	5.64851488e-03	2.35225986e-02
5439            	-1.04700788e-02	-2.51643662e-03	3.11272826e-02	5.65522999e-03	2.35556758e-02
5440            	-1.04728710e-02	-2.51999886e-03	3.11768724e-02	5.65513169e-03	2.35785095e-02
5441            	-1.04639662e-02	-2.46491810e-03	3.08432061e-02	5.65965268e-03	2.36288363e-02
5442            	-1.04451379e-02	-2.36315003e-03	3.02026553e-02	5.64992069e-03	2.36192838e-02
5443            	-1.04166481e-02	-2.23493127e-03	2.93879923e-02	5.58417566e-03	2.33744374e-02
5444            	-1.03755089e-02	-2.13036784e-03	2.86970147e-02	5.47841995e-03	2.29626644e-02
5445            	-1.03188984e-02	-2.08643712e-03	2.83444267e-02	5.37300562e-03	2.25532722e-02
5446            	-1.02584397e-02	-2.08559660e-03	2.82366019e-02	5.29708729e-03	2.22621676e-02
5447            	-1.02118428e-02	-2.09530336e-03	2.81982809e-02	5.25045531e-03	2.20832442e-02
5448            	-1.01875430e-02	-2.10186959e-03	2.81615823e-02	5.24960686e-03	2.20853215e-02
5449            	-1.01850615e-02	-2.11243725e-03	2.81783088e-02	5.31622005e-03	2.23651227e-02
5450            	-1.01964629e-02	-2.06342355e-03	2.78569708e-02	5.41784362e-03	2.27819067e-02
5451            	-1.02214593e-02	-1.92959643e-03	2.70529217e-02	5.50075283e-03	2.31038294e-02
5452            	-1.02545964e-02	-1.72801292e-03	2.58634009e-02	5.53596863e-03	2.32076035e-02
5453            	-1.02975206e-02	-1.53265637e-03	2.47384315e-02	5.52989042e-03	2.31319448e-02
5454            	-1.03421581e-02	-1.39023005e-03	2.39492863e-02	5.50812757e-03	2.29998613e-02
5455            	-1.03773690e-02	-1.38847491e-03	2.40083141e-02	5.47340139e-03	2.28376823e-02
5456            	-1.04009351e-02	-1.46413174e-03	2.45194973e-02	5.45772743e-03	2.27722116e-02
5457            	-1.04235659e-02	-1.65653038e-03	2.57410267e-02	5.48865718e-03	2.28969989e-02
5458            	-1.04605861e-02	-1.98043394e-03	2.77921880e-02	5.57331150e-03	2.32344515e-02
5459            	-1.05096865e-02	-2.30557282e-03	2.98724610e-02	5.66455386e-03	2.35944945e-02
5460            	-1.05568930e-02	-2.52988383e-03	3.13379582e-02	5.72025616e-03	2.38147206e-02
5461            	-1.05897306e-02	-2.62393699e-03	3.19870274e-02	5.73933077e-03	2.38994412e-02
5462            	-1.06038885e-02	-2.62947577e-03	3.20655559e-02	5.75435089e-03	2.39865266e-02
5463            	-1.06033448e-02	-2.58696399e-03	3.18229456e-02	5.77621643e-03	2.41096209e-02
5464            	-1.05949872e-02	-2.49748955e-03	3.12751909e-02	5.77997328e-03	2.41566072e-02
5465            	-1.05794932e-02	-2.37420237e-03	3.05106877e-02	5.72412852e-03	2.39543411e-02
5466            	-1.05470401e-02	-2.26352664e-03	2.97943724e-02	5.62096864e-03	2.35555105e-02
5467            	-1.04871863e-02	-2.20856608e-03	2.93679653e-02	5.50970654e-03	2.31232970e-02
5468            	-1.04090673e-02	-2.19345948e-03	2.91440403e-02	5.42127713e-03	2.27809916e-02
5469            	-1.03366546e-02	-2.18946591e-03	2.89802181e-02	5.36141507e-03	2.25482604e-02
5470            	-1.02875025e-02	-2.18760864e-03	2.88523734e-02	5.36056626e-03	2.25530411e-02
5471            	-1.02682021e-02	-2.18582997e-03	2.87640311e-02	5.42211606e-03	2.28137706e-02
5472            	-1.02708586e-02	-2.12097395e-03	2.83273515e-02	5.51185849e-03	2.31823711e-02
5473            	-1.02903209e-02	-1.97197158e-03	2.74161409e-02	5.58163445e-03	2.34502024e-02
5474            	-1.03181075e-02	-1.74973013e-03	2.60859546e-02	5.60378405e-03	2.35000993e-02
5475            	-1.03525462e-02	-1.52614860e-03	2.47690617e-02	5.58271448e-03	2.33620447e-02
5476            	-1.03880662e-02	-1.34968609e-03	2.37524168e-02	5.54381196e-03	2.31577854e-02
5477            	-1.04167785e-02	-1.30993069e-03	2.35645589e-02	5.49054626e-03	2.29182759e-02
5478            	-1.04346933e-02	-1.36703575e-03	2.39509226e-02	5.45416136e-03	2.27672688e-02
5479            	-1.04506124e-02	-1.55731031e-03	2.51486584e-02	5.46397968e-03	2.28041387e-02
5480            	-1.04768592e-02	-1.88356611e-03	2.71980565e-02	5.52547682e-03	2.30438904e-02
5481            	-1.05093982e-02	-2.20393111e-03	2.92231877e-02	5.59189827e-03	2.32979784e-02
5482            	-1.05374894e-02	-2.42163409e-03	3.06182804e-02	5.62803361e-03	2.34345091e-02
5483            	-1.05512508e-02	-2.52507489e-03	3.12983703e-02	5.63390643e-03	2.34627194e-02
5484            	-1.05490326e-02	-2.54173777e-03	3.14227157e-02	5.63857017e-03	2.35051124e-02
5485            	-1.05368462e-02	-2.49951879e-03	3.11638788e-02	5.65026466e-03	2.35851455e-02
5486            	-1.05178981e-02	-2.39666556e-03	3.05146510e-02	5.64696982e-03	2.36021882e-02
5487            	-1.04898559e-02	-2.25114302e-03	2.95899189e-02	5.58796516e-03	2.33858292e-02
5488            	-1.04466546e-02	-2.12055111e-03	2.87324365e-02	5.49027304e-03	2.30085015e-02
5489            	-1.03838321e-02	-2.05110170e-03	2.82116180e-02	5.38744415e-03	2.26104315e-02
5490            	-1.03083995e-02	-2.03150551e-03	2.79647104e-02	5.31396749e-03	2.23302923e-02
5491            	-1.02429450e-02	-2.03073123e-03	2.78324634e-02	5.26583687e-03	2.21462762e-02
5492            	-1.02005602e-02	-2.03331023e-03	2.77438947e-02	5.26692914e-03	2.21575463e-02
5493            	-1.01871954e-02	-2.03377730e-03	2.76805251e-02	5.32958884e-03	2.24210260e-02
5494            	-1.01958258e-02	-1.97936565e-03	2.73204514e-02	5.42934720e-03	2.28306565e-02
5495            	-1.02197436e-02	-1.86021809e-03	2.66037545e-02	5.52239947e-03	2.31973946e-02
5496            	-1.02520709e-02	-1.67319145e-03	2.55020020e-02	5.56617762e-03	2.33392772e-02
5497            	-1.02898742e-02	-1.48407430e-03	2.44077224e-02	5.55635245e-03	2.32476994e-02
5498            	-1.03269724e-02	-1.32980532e-03	2.35354774e-02	5.51835751e-03	2.30450232e-02
5499            	-1.03539549e-02	-1.29952434e-03	2.34088946e-02	5.46239086e-03	2.27923714e-02
5500            	-1.03657059e-02	-1.36818159e-03	2.38615025e-02	5.42048708e-03	2.26175515e-02
5501            	-1.03718512e-02	-1.56646273e-03	2.50960626e-02	5.43102022e-03	2.26582684e-02
5502            	-1.03901863e-02	-1.89642413e-03	2.71568741e-02	5.49705840e-03	2.29189723e-02
5503            	-1.04209661e-02	-2.21898776e-03	2.91928876e-02	5.56878900e-03	2.31970494e-02
5504            	-1.04530263e-02	-2.43801533e-03	3.06015877e-02	5.60669364e-03	2.33417201e-02
5505            	-1.04767416e-02	-2.54265512e-03	3.13025649e-02	5.60957940e-03	2.33567746e-02
5506            	-1.04884063e-02	-2.56190337e-03	3.14623360e-02	5.61226356e-03	2.33908333e-02
5507            	-1.04899162e-02	-2.52384244e-03	3.12489961e-02	5.62490047e-03	2.34763215e-02
5508            	-1.04797752e-02	-2.42537689e-03	3.06398452e-02	5.62422205e-03	2.35058328e-02
5509            	-1.04584734e-02	-2.28854841e-03	2.97799915e-02	5.56923007e-03	2.33061268e-02
5510            	-1.04246711e-02	-2.17040959e-03	2.90162012e-02	5.47195307e-03	2.29292428e-02
5511            	-1.03750313e-02	-2.11394446e-03	2.85991690e-02	5.37046899e-03	2.25356102e-02
5512            	-1.03155101e-02	-2.10554160e-03	2.84485598e-02	5.29821225e-03	2.22605503e-02
5513            	-1.02632715e-02	-2.11536945e-03	2.84047207e-02	5.25929247e-03	2.21156393e-02
5514            	-1.02306239e-02	-2.12788806e-03	2.83946484e-02	5.26791702e-03	2.21587655e-02
5515            	-1.02226026e-02	-2.14215309e-03	2.84265788e-02	5.34570660e-03	2.24874884e-02
5516            	-1.02341492e-02	-2.09690737e-03	2.81280266e-02	5.45761621e-03	2.29499835e-02
5517            	-1.02597539e-02	-1.97570830e-03	2.73993720e-02	5.56100159e-03	2.33616493e-02
5518            	-1.02960742e-02	-1.78199154e-03	2.62605170e-02	5.61511355e-03	2.35468714e-02
5519            	-1.03402888e-02	-1.58871488e-03	2.51483442e-02	5.61797378e-03	2.35068137e-02
5520            	-1.03871767e-02	-1.42809822e-03	2.42498424e-02	5.59481758e-03	2.33632566e-02
5521            	-1.04268031e-02	-1.37472815e-03	2.39986045e-02	5.55190689e-03	2.31631291e-02
5522            	-1.04537872e-02	-1.43713029e-03	2.44345099e-02	5.52017191e-03	2.30308966e-02
5523            	-1.04774336e-02	-1.63562864e-03	2.56956276e-02	5.54056507e-03	2.31135563e-02
5524            	-1.05116413e-02	-1.96867048e-03	2.77982953e-02	5.61807226e-03	2.34225328e-02
5525            	-1.05555366e-02	-2.28412569e-03	2.98083733e-02	5.70131168e-03	2.37478781e-02
5526            	-1.05939645e-02	-2.49358289e-03	3.11658863e-02	5.74757927e-03	2.39259067e-02
5527            	-1.06158679e-02	-2.60085453e-03	3.18798608e-02	5.75118878e-03	2.39424903e-02
5528            	-1.06203173e-02	-2.63002399e-03	3.20905506e-02	5.74597292e-03	2.39423795e-02
5529            	-1.06147076e-02	-2.61084011e-03	3.19845415e-02	5.74771600e-03	2.39811151e-02
5530            	-1.06039275e-02	-2.53241840e-03	3.15007054e-02	5.73818985e-03	2.39727098e-02
5531            	-1.05875206e-02	-2.39805071e-03	3.06641678e-02	5.67542144e-03	2.37417045e-02
5532            	-1.05511336e-02	-2.26397508e-03	2.97969590e-02	5.56447406e-03	2.33102924e-02
5533            	-1.04833420e-02	-2.18712014e-03	2.92255155e-02	5.44877632e-03	2.28601189e-02
5534            	-1.03942642e-02	-2.15829759e-03	2.89020648e-02	5.35315470e-03	2.24903095e-02
5535            	-1.03105334e-02	-2.14738740e-03	2.86794973e-02	5.28257612e-03	2.22153255e-02
5536            	-1.02510838e-02	-2.13543467e-03	2.84731214e-02	5.25571286e-03	2.21112234e-02
5537            	-1.02248129e-02	-2.11601887e-03	2.82625932e-02	5.29932031e-03	2.22973361e-02
5538            	-1.02254675e-02	-2.03130320e-03	2.76958866e-02	5.38640539e-03	2.26564966e-02
5539            	-1.02421445e-02	-1.87846637e-03	2.67513646e-02	5.48023841e-03	2.30290412e-02
5540            	-1.02666418e-02	-1.66495717e-03	2.54672327e-02	5.53581658e-03	2.32225928e-02
5541            	-1.02978892e-02	-1.45778459e-03	2.42469518e-02	5.54052480e-03	2.31930354e-02
5542            	-1.03317817e-02	-1.28188797e-03	2.32321342e-02	5.51508732e-03	2.30419857e-02
5543            	-1.03606503e-02	-1.19661944e-03	2.27657871e-02	5.46457475e-03	2.28106421e-02
5544            	-1.03752821e-02	-1.24677550e-03	2.31063686e-02	5.42561745e-03	2.26475743e-02
5545            	-1.03857747e-02	-1.45112227e-03	2.43845790e-02	5.43873576e-03	2.26987160e-02
5546            	-1.04063996e-02	-1.79780118e-03	2.65540261e-02	5.51076448e-03	2.29838086e-02
5547            	-1.04375883e-02	-2.12392144e-03	2.86133544e-02	5.59117659e-03	2.32969918e-02
5548            	-1.04688486e-02	-2.33999532e-03	3.00030745e-02	5.64188243e-03	2.34931954e-02
5549            	-1.04902014e-02	-2.46360382e-03	3.08196994e-02	5.65648026e-03	2.35550149e-02
5550            	-1.04973985e-02	-2.51355938e-03	3.11656527e-02	5.66156829e-03	2.35970250e-02
5551            	-1.04923124e-02	-2.51376450e-03	3.11821594e-02	5.67297315e-03	2.36748392e-02
5552            	-1.04755427e-02	-2.43810755e-03	3.07069705e-02	5.67182983e-03	2.37004627e-02
5553            	-1.04489582e-02	-2.29220685e-03	2.97826652e-02	5.61753280e-03	2.35040429e-02
5554            	-1.04097174e-02	-2.14676486e-03	2.88407697e-02	5.51419297e-03	2.31028407e-02
5555            	-1.03532457e-02	-2.06635400e-03	2.82653063e-02	5.39936318e-03	2.26545969e-02
5556            	-1.02846093e-02	-2.04854217e-03	2.80433712e-02	5.30974781e-03	2.23084671e-02
5557            	-1.02229935e-02	-2.06619443e-03	2.80359881e-02	5.26687299e-03	2.21484225e-02
5558            	-1.01846084e-02	-2.08988757e-03	2.80869625e-02	5.26233832e-03	2.21364125e-02
5559            	-1.01748200e-02	-2.10109795e-03	2.80950504e-02	5.31364383e-03	2.23530934e-02
5560            	-1.01855577e-02	-2.04533683e-03	2.77267767e-02	5.39883848e-03	2.27040925e-02
5561            	-1.02093653e-02	-1.91701299e-03	2.69479742e-02	5.48221008e-03	2.30323445e-02
5562            	-1.02405808e-02	-1.72734584e-03	2.58253326e-02	5.52773434e-03	2.31837400e-02
5563            	-1.02776067e-02	-1.54003185e-03	2.47406153e-02	5.52402084e-03	2.31166016e-02
5564            	-1.03182230e-02	-1.37304475e-03	2.37950460e-02	5.49321884e-03	2.29396076e-02
5565            	-1.03546447e-02	-1.28872734e-03	2.33496966e-02	5.43833017e-03	2.26878432e-02
5566            	-1.03772749e-02	-1.33524378e-03	2.36805924e-02	5.39427242e-03	2.25036188e-02
5567            	-1.03907776e-02	-1.54954553e-03	2.50241815e-02	5.40629571e-03	2.25522603e-02
5568            	-1.04127860e-02	-1.90665858e-03	2.72600563e-02	5.48660561e-03	2.28748728e-02
5569            	-1.04483685e-02	-2.25780782e-03	2.94816826e-02	5.57294907e-03	2.32139382e-02
5570            	-1.04874360e-02	-2.47571884e-03	3.08925038e-02	5.62621534e-03	2.34200252e-02
5571            	-1.05194349e-02	-2.57200164e-03	3.15509519e-02	5.64491096e-03	2.34978961e-02
5572            	-1.05368586e-02	-2.59868466e-03	3.17630809e-02	5.65592789e-03	2.35647458e-02
5573            	-1.05417287e-02	-2.58972288e-03	3.17351005e-02	5.67824295e-03	2.36890547e-02
5574            	-1.05362308e-02	-2.51597295e-03	3.12884191e-02	5.68873230e-03	2.37656910e-02
5575            	-1.05197348e-02	-2.37911732e-03	3.04359152e-02	5.65756825e-03	2.36674692e-02
5576            	-1.04912709e-02	-2.24060809e-03	2.95549381e-02	5.58135661e-03	2.33803580e-02
5577            	-1.04454781e-02	-2.16160872e-03	2.90061357e-02	5.48970160e-03	2.30297197e-02
5578            	-1.03829346e-02	-2.14019880e-03	2.87719905e-02	5.41170650e-03	2.27336889e-02
5579            	-1.03211695e-02	-2.15311702e-03	2.87362091e-02	5.36372653e-03	2.25536094e-02
5580            	-1.02780794e-02	-2.17322431e-03	2.87585578e-02	5.34863971e-03	2.24984517e-02
5581            	-1.02610068e-02	-2.17826958e-03	2.87172217e-02	5.39994258e-03	2.27165314e-02
5582            	-1.02661381e-02	-2.11942234e-03	2.83196357e-02	5.49066795e-03	2.30924950e-02
5583            	-1.02847947e-02	-1.98874094e-03	2.75157710e-02	5.58781213e-03	2.34806754e-02
5584            	-1.03151729e-02	-1.79543467e-03	2.63663010e-02	5.64405254e-03	2.36788335e-02
5585            	-1.03542619e-02	-1.60985738e-03	2.52935823e-02	5.64920164e-03	2.36489726e-02
5586            	-1.03988115e-02	-1.44715977e-03	2.43790602e-02	5.62477263e-03	2.34965446e-02
5587            	-1.04398856e-02	-1.34219455e-03	2.38129421e-02	5.56519135e-03	2.32223931e-02
5588            	-1.04680872e-02	-1.34857900e-03	2.39041189e-02	5.50523053e-03	2.29696364e-02
5589            	-1.04898547e-02	-1.53469843e-03	2.50863805e-02	5.50261053e-03	2.29573373e-02
5590            	-1.05204764e-02	-1.87848041e-03	2.72516916e-02	5.56517811e-03	2.32055030e-02
5591            	-1.05610818e-02	-2.24154375e-03	2.95529596e-02	5.63610071e-03	2.34788872e-02
5592            	-1.06001512e-02	-2.47254866e-03	3.10418411e-02	5.67585003e-03	2.36258428e-02
5593            	-1.06261846e-02	-2.58912715e-03	3.18174598e-02	5.68262895e-03	2.36509863e-02
5594            	-1.06351636e-02	-2.63855360e-03	3.21605432e-02	5.67626325e-03	2.36420998e-02
5595            	-1.06331988e-02	-2.64733990e-03	3.22351467e-02	5.68032961e-03	2.36886068e-02
5596            	-1.06247271e-02	-2.59140711e-03	3.18961627e-02	5.67845563e-03	2.37120969e-02
5597            	-1.06089944e-02	-2.45867362e-03	3.10695726e-02	5.63123069e-03	2.35470811e-02
5598            	-1.05749990e-02	-2.30111865e-03	3.00602959e-02	5.53319382e-03	2.31712132e-02
5599            	-1.05112220e-02	-2.19785506e-03	2.93325759e-02	5.42356311e-03	2.27477015e-02
5600            	-1.04215905e-02	-2.15657291e-03	2.89333026e-02	5.33475490e-03	2.24085274e-02
5601            	-1.03312337e-02	-2.14383893e-03	2.86936929e-02	5.27813910e-03	2.21939747e-02
5602            	-1.02648050e-02	-2.13216466e-03	2.84810103e-02	5.25296743e-03	2.20979409e-02
5603            	-1.02343123e-02	-2.09999868e-03	2.81842286e-02	5.29283799e-03	2.22691585e-02
5604            	-1.02333328e-02	-2.01416292e-03	2.76041378e-02	5.38483570e-03	2.26535027e-02
5605            	-1.02473733e-02	-1.86787339e-03	2.66916268e-02	5.49201809e-03	2.30867878e-02
5606            	-1.02702081e-02	-1.65592970e-03	2.54109479e-02	5.55786257e-03	2.33270909e-02
5607            	-1.02990845e-02	-1.45350649e-03	2.42152739e-02	5.56991113e-03	2.33262050e-02
5608            	-1.03328825e-02	-1.29206041e-03	2.32894479e-02	5.55390225e-03	2.32076401e-02
5609            	-1.03644837e-02	-1.17405580e-03	2.26280417e-02	5.50082615e-03	2.29581401e-02
5610            	-1.03841119e-02	-1.15245320e-03	2.25346345e-02	5.44053202e-03	2.27032125e-02
5611            	-1.03944525e-02	-1.32184471e-03	2.35985425e-02	5.43537663e-03	2.26822125e-02
5612            	-1.04088415e-02	-1.67460256e-03	2.57974200e-02	5.49575586e-03	2.29233403e-02
5613            	-1.04324622e-02	-2.06029509e-03	2.82160359e-02	5.57074000e-03	2.32154053e-02
5614            	-1.04587397e-02	-2.32930816e-03	2.99247127e-02	5.62374451e-03	2.34180126e-02
5615            	-1.04793679e-02	-2.45938906e-03	3.07773814e-02	5.64228310e-03	2.34919368e-02
5616            	-1.04877841e-02	-2.50818195e-03	3.11156556e-02	5.64059985e-03	2.35015238e-02
5617            	-1.04854016e-02	-2.51018505e-03	3.11468037e-02	5.64315276e-03	2.35408707e-02
5618            	-1.04716079e-02	-2.45767036e-03	3.08209508e-02	5.63845592e-03	2.35519462e-02
5619            	-1.04493742e-02	-2.33597881e-03	3.00544004e-02	5.59098577e-03	2.33847923e-02
5620            	-1.04149449e-02	-2.18556365e-03	2.90916954e-02	5.48830550e-03	2.29882818e-02
5621            	-1.03643574e-02	-2.09111564e-03	2.84419246e-02	5.37471442e-03	2.25466809e-02
5622            	-1.03005926e-02	-2.06801106e-03	2.81985259e-02	5.29428254e-03	2.22411607e-02
5623            	-1.02427973e-02	-2.08469261e-03	2.81951016e-02	5.25119753e-03	2.20818080e-02
5624            	-1.02066335e-02	-2.10993113e-03	2.82621916e-02	5.23469458e-03	2.20209370e-02
5625            	-1.01956762e-02	-2.11383372e-03	2.82233278e-02	5.27209823e-03	2.21799555e-02
5626            	-1.02016512e-02	-2.06598479e-03	2.78921178e-02	5.35722236e-03	2.25341293e-02
5627            	-1.02164037e-02	-1.94778771e-03	2.71562976e-02	5.45668701e-03	2.29340580e-02
5628            	-1.02404916e-02	-1.75957312e-03	2.60266125e-02	5.52163588e-03	2.31715986e-02
5629            	-1.02750736e-02	-1.57305436e-03	2.49409672e-02	5.53761395e-03	2.31886811e-02
5630            	-1.03189611e-02	-1.44022016e-03	2.42097644e-02	5.53161958e-03	2.31116249e-02
5631            	-1.03617825e-02	-1.33395399e-03	2.36396876e-02	5.49289981e-03	2.29192023e-02
5632            	-1.03920706e-02	-1.29821574e-03	2.34747559e-02	5.44340862e-03	2.27071610e-02
5633            	-1.04123975e-02	-1.44715051e-03	2.44263151e-02	5.45405718e-03	2.27520004e-02
5634            	-1.04397100e-02	-1.79341990e-03	2.66032221e-02	5.53296344e-03	2.30714007e-02
5635            	-1.04811508e-02	-2.18018200e-03	2.90538196e-02	5.63320421e-03	2.34705140e-02
5636            	-1.05287075e-02	-2.45647101e-03	3.08373151e-02	5.70960154e-03	2.37712952e-02
5637            	-1.05695340e-02	-2.57593438e-03	3.16505243e-02	5.74242405e-03	2.39041109e-02
5638            	-1.05942492e-02	-2.60906378e-03	3.19133524e-02	5.75082202e-03	2.39556246e-02
5639            	-1.06030797e-02	-2.61201203e-03	3.19674693e-02	5.76146682e-03	2.40291819e-02
5640            	-1.05993867e-02	-2.57977322e-03	3.17845551e-02	5.76615850e-03	2.40798220e-02
5641            	-1.05883689e-02	-2.47875924e-03	3.11647460e-02	5.73595209e-03	2.39853100e-02
5642            	-1.05657735e-02	-2.33367893e-03	3.02538446e-02	5.65187946e-03	2.36675091e-02
5643            	-1.05228731e-02	-2.23116122e-03	2.95656556e-02	5.54825773e-03	2.32693206e-02
5644            	-1.04580227e-02	-2.19429527e-03	2.92346633e-02	5.45049332e-03	2.28932919e-02
5645            	-1.03878987e-02	-2.20089966e-03	2.91495035e-02	5.38334324e-03	2.26353101e-02
5646            	-1.03339449e-02	-2.22067418e-03	2.91549434e-02	5.34682417e-03	2.24924251e-02
5647            	-1.03052055e-02	-2.21659434e-03	2.90379277e-02	5.36948320e-03	2.25906852e-02
5648            	-1.02996958e-02	-2.16022894e-03	2.86323314e-02	5.44242805e-03	2.28952497e-02
5649            	-1.03092069e-02	-2.03113993e-03	2.78160505e-02	5.52892248e-03	2.32421359e-02
5650            	-1.03321512e-02	-1.82530265e-03	2.65703493e-02	5.58192495e-03	2.34314153e-02
5651            	-1.03633731e-02	-1.60945612e-03	2.52940635e-02	5.58741079e-03	2.34062887e-02
5652            	-1.03984641e-02	-1.46059887e-03	2.44464229e-02	5.57239382e-03	2.32927926e-02
5653            	-1.04315835e-02	-1.33528652e-03	2.37410983e-02	5.52713525e-03	2.30729367e-02
5654            	-1.04546631e-02	-1.27122050e-03	2.33882818e-02	5.46465913e-03	2.28059702e-02
5655            	-1.04711159e-02	-1.38833850e-03	2.41360461e-02	5.45477951e-03	2.27652713e-02
5656            	-1.04943755e-02	-1.71579113e-03	2.61894536e-02	5.50667169e-03	2.29720391e-02
5657            	-1.05271462e-02	-2.09914332e-03	2.86051315e-02	5.58332497e-03	2.32715980e-02
5658            	-1.05622615e-02	-2.38946361e-03	3.04569444e-02	5.64169609e-03	2.34942298e-02
5659            	-1.05890330e-02	-2.52678037e-03	3.13606483e-02	5.66022399e-03	2.35636196e-02
5660            	-1.05999237e-02	-2.56758937e-03	3.16522184e-02	5.65687856e-03	2.35626834e-02
5661            	-1.05966651e-02	-2.56977064e-03	3.16844272e-02	5.66257236e-03	2.36130473e-02
5662            	-1.05838518e-02	-2.53094595e-03	3.14463662e-02	5.66867879e-03	2.36695314e-02
5663            	-1.05656238e-02	-2.41665486e-03	3.07306749e-02	5.63852870e-03	2.35758307e-02
5664            	-1.05339837e-02	-2.25345432e-03	2.96913062e-02	5.55202272e-03	2.32482056e-02
5665            	-1.04822008e-02	-2.13209704e-03	2.88714040e-02	5.44689224e-03	2.28431262e-02
5666            	-1.04094905e-02	-2.08338702e-03	2.84548140e-02	5.35679583e-03	2.24986516e-02
5667            	-1.03322972e-02	-2.08001996e-03	2.82972101e-02	5.29807969e-03	2.22757998e-02
5668            	-1.02723476e-02	-2.08636975e-03	2.82105903e-02	5.26384974e-03	2.21427188e-02
5669            	-1.02404035e-02	-2.07374204e-03	2.80362923e-02	5.28662256e-03	2.22413374e-02
5670            	-1.02351609e-02	-2.02258942e-03	2.76638765e-02	5.36518914e-03	2.25700939e-02
5671            	-1.02467690e-02	-1.90807401e-03	2.69414673e-02	5.46211880e-03	2.29618940e-02
5672            	-1.02706812e-02	-1.72097718e-03	2.58144451e-02	5.52293503e-03	2.31843852e-02
5673            	-1.03006678e-02	-1.51410164e-03	2.45947027e-02	5.53015536e-03	2.31662593e-02
5674            	-1.03368228e-02	-1.38675273e-03	2.38852582e-02	5.51440421e-03	2.30486729e-02
5675            	-1.03712153e-02	-1.29393413e-03	2.33871456e-02	5.47328266e-03	2.28430984e-02
5676            	-1.03949693e-02	-1.22976286e-03	2.30390260e-02	5.40703218e-03	2.25584035e-02
5677            	-1.04076319e-02	-1.33193247e-03	2.36925579e-02	5.38627003e-03	2.24732999e-02
5678            	-1.04232847e-02	-1.65334139e-03	2.56997761e-02	5.42928858e-03	2.26457872e-02
5679            	-1.04493268e-02	-2.05511412e-03	2.82204377e-02	5.50958758e-03	2.29635790e-02
5680            	-1.04816138e-02	-2.37978119e-03	3.02807341e-02	5.58444848e-03	2.32564471e-02
5681            	-1.05087932e-02	-2.53939899e-03	3.13226654e-02	5.62103092e-03	2.34009697e-02
5682            	-1.05238015e-02	-2.57817684e-03	3.16067537e-02	5.62982291e-03	2.34499379e-02
5683            	-1.05277598e-02	-2.56631537e-03	3.15618168e-02	5.63946242e-03	2.35167504e-02
5684            	-1.05206369e-02	-2.52445474e-03	3.13130652e-02	5.64768397e-03	2.35822868e-02
5685            	-1.05039919e-02	-2.42809420e-03	3.07118615e-02	5.62848003e-03	2.35335998e-02
5686            	-1.04763934e-02	-2.29143731e-03	2.98461642e-02	5.55451216e-03	2.32566716e-02
5687            	-1.04348962e-02	-2.18856720e-03	2.91596701e-02	5.45652115e-03	2.28802605e-02
5688            	-1.03785550e-02	-2.15171436e-03	2.88446291e-02	5.36811439e-03	2.25427279e-02
5689            	-1.03216940e-02	-2.16064107e-03	2.87971689e-02	5.31466784e-03	2.23431954e-02
5690            	-1.02791392e-02	-2.17585759e-03	2.87946685e-02	5.29154225e-03	2.22577449e-02
5691            	-1.02595786e-02	-2.18114798e-03	2.87534699e-02	5.33323738e-03	2.24359986e-02
5692            	-1.02624985e-02	-2.15193199e-03	2.85310040e-02	5.42564987e-03	2.28226945e-02
5693            	-1.02804745e-02	-2.05452307e-03	2.79237972e-02	5.53107360e-03	2.32504912e-02
5694            	-1.03116105e-02	-1.87791376e-03	2.68714120e-02	5.60265482e-03	2.35193451e-02
5695            	-1.03509035e-02	-1.65965384e-03	2.55930775e-02	5.62083794e-03	2.35478331e-02
5696            	-1.03953904e-02	-1.52155534e-03	2.48272202e-02	5.61428726e-03	2.34695722e-02
5697            	-1.04367979e-02	-1.43988854e-03	2.44064690e-02	5.58734241e-03	2.33219012e-02
5698            	-1.04677727e-02	-1.36784554e-03	2.40189709e-02	5.53012937e-03	2.30719731e-02
5699            	-1.04918736e-02	-1.42949851e-03	2.44378734e-02	5.50900194e-03	2.29839368e-02
5700            	-1.05208111e-02	-1.70242730e-03	2.61624994e-02	5.54551665e-03	2.31295590e-02
5701            	-1.05582900e-02	-2.08127695e-03	2.85547649e-02	5.62404941e-03	2.34407302e-02
5702            	-1.05975170e-02	-2.41607766e-03	3.06854958e-02	5.69980535e-03	2.37364932e-02
5703            	-1.06256627e-02	-2.59295576e-03	3.18342182e-02	5.73020104e-03	2.38531627e-02
5704            	-1.06383099e-02	-2.63758813e-03	3.21508108e-02	5.72353901e-03	2.38354434e-02
5705            	-1.06389566e-02	-2.62016697e-03	3.20667622e-02	5.71201342e-03	2.38129123e-02
5706            	-1.06314780e-02	-2.57663110e-03	3.18075841e-02	5.70344271e-03	2.38082164e-02
5707            	-1.06196978e-02	-2.48391035e-03	3.12362253e-02	5.67238210e-03	2.37102397e-02
5708            	-1.05936891e-02	-2.34493944e-03	3.03574984e-02	5.58731673e-03	2.33878340e-02
5709            	-1.05407103e-02	-2.22593295e-03	2.95514665e-02	5.47060708e-03	2.29349613e-02
5710            	-1.04578668e-02	-2.16599346e-03	2.90511312e-02	5.35922645e-03	2.25037287e-02
5711            	-1.03652286e-02	-2.14725763e-03	2.87755939e-02	5.28236453e-03	2.22089459e-02
5712            	-1.02877714e-02	-2.13219045e-03	2.85297559e-02	5.23932047e-03	2.20417925e-02
5713            	-1.02424831e-02	-2.10840564e-03	2.82658294e-02	5.26187222e-03	2.21401772e-02
5714            	-1.02313670e-02	-2.05583204e-03	2.78727122e-02	5.34242865e-03	2.24780898e-02
5715            	-1.02402067e-02	-1.93716055e-03	2.71146484e-02	5.44096545e-03	2.28789440e-02
5716            	-1.02619270e-02	-1.73647130e-03	2.58944297e-02	5.50669767e-03	2.31251255e-02
5717            	-1.02888273e-02	-1.49832896e-03	2.44720081e-02	5.52420981e-03	2.31524614e-02
5718            	-1.03216245e-02	-1.33950817e-03	2.35593308e-02	5.51687283e-03	2.30721850e-02
5719            	-1.03537834e-02	-1.25527190e-03	2.31081913e-02	5.49616881e-03	2.29505812e-02
5720            	-1.03781079e-02	-1.19738223e-03	2.27982919e-02	5.44969964e-03	2.27449696e-02
5721            	-1.03949806e-02	-1.25970389e-03	2.32121237e-02	5.43066522e-03	2.26654105e-02
5722            	-1.04137466e-02	-1.52483458e-03	2.48763768e-02	5.46159487e-03	2.27881149e-02
5723            	-1.04392526e-02	-1.91080296e-03	2.72988014e-02	5.53356246e-03	2.30721331e-02
5724            	-1.04677059e-02	-2.27620806e-03	2.96068721e-02	5.61409703e-03	2.33882625e-02
5725            	-1.04913887e-02	-2.47916045e-03	3.09119452e-02	5.65586691e-03	2.35525991e-02
5726            	-1.05045833e-02	-2.53237795e-03	3.12824199e-02	5.66174486e-03	2.35864480e-02
5727            	-1.05072032e-02	-2.51055782e-03	3.11736810e-02	5.65897224e-03	2.36002700e-02
5728            	-1.04977642e-02	-2.45831028e-03	3.08574237e-02	5.65706766e-03	2.36235629e-02
5729            	-1.04784184e-02	-2.36240682e-03	3.02553932e-02	5.63496168e-03	2.35621093e-02
5730            	-1.04469322e-02	-2.23213777e-03	2.94244676e-02	5.55869912e-03	2.32739476e-02
5731            	-1.04009323e-02	-2.13051516e-03	2.87398266e-02	5.45145722e-03	2.28574657e-02
5732            	-1.03405690e-02	-2.08861298e-03	2.83881107e-02	5.34558057e-03	2.24467560e-02
5733            	-1.02805497e-02	-2.08971610e-03	2.82878739e-02	5.27151841e-03	2.21623952e-02
5734            	-1.02366823e-02	-2.10321870e-03	2.82739830e-02	5.23078133e-03	2.20036030e-02
5735            	-1.02152836e-02	-2.11600145e-03	2.82778086e-02	5.25685853e-03	2.21153553e-02
5736            	-1.02145828e-02	-2.10528846e-03	2.81651431e-02	5.34193087e-03	2.24704108e-02
5737            	-1.02251351e-02	-2.02230526e-03	2.76350743e-02	5.44149813e-03	2.28743963e-02
5738            	-1.02469963e-02	-1.84753707e-03	2.65789644e-02	5.50418036e-03	2.31072862e-02
5739            	-1.02776532e-02	-1.62487160e-03	2.52607482e-02	5.51861382e-03	2.31213842e-02
5740            	-1.03185067e-02	-1.47550386e-03	2.44211589e-02	5.50878747e-03	2.30305439e-02
5741            	-1.03589596e-02	-1.40822717e-03	2.40899438e-02	5.49076035e-03	2.29192413e-02
5742            	-1.03893962e-02	-1.36764697e-03	2.38979866e-02	5.45117857e-03	2.27417575e-02
5743            	-1.04107741e-02	-1.42929579e-03	2.43148275e-02	5.43856402e-03	2.26890263e-02
5744            	-1.04353009e-02	-1.67406942e-03	2.58606014e-02	5.47630992e-03	2.28408154e-02
5745            	-1.04731172e-02	-2.04225570e-03	2.81889185e-02	5.56066760e-03	2.31774980e-02
5746            	-1.05205541e-02	-2.39497658e-03	3.04430824e-02	5.65480898e-03	2.35506114e-02
5747            	-1.05653166e-02	-2.60101479e-03	3.17965003e-02	5.71285814e-03	2.37831153e-02
5748            	-1.05970404e-02	-2.65707534e-03	3.22108338e-02	5.73380674e-03	2.38802178e-02
5749            	-1.06132745e-02	-2.63908034e-03	3.21461623e-02	5.74414358e-03	2.39493372e-02
5750            	-1.06151503e-02	-2.59217640e-03	3.18806535e-02	5.75422584e-03	2.40226522e-02
5751            	-1.06089179e-02	-2.50084973e-03	3.13269851e-02	5.74287207e-03	2.40064232e-02
5752            	-1.05923705e-02	-2.37643211e-03	3.05549893e-02	5.67683137e-03	2.37623043e-02
5753            	-1.05566960e-02	-2.27648104e-03	2.98963037e-02	5.57460943e-03	2.33686549e-02
5754            	-1.04957155e-02	-2.23324441e-03	2.95352393e-02	5.47038155e-03	2.29665082e-02
5755            	-1.04228156e-02	-2.22599663e-03	2.93630928e-02	5.39363469e-03	2.26726754e-02
5756            	-1.03604799e-02	-2.22434380e-03	2.92256417e-02	5.34728764e-03	2.24925525e-02
5757            	-1.03226891e-02	-2.21591295e-03	2.90705802e-02	5.36200481e-03	2.25585236e-02
5758            	-1.03119709e-02	-2.18667234e-03	2.88241523e-02	5.43339114e-03	2.28575745e-02
5759            	-1.03173614e-02	-2.08975001e-03	2.81957247e-02	5.52297865e-03	2.32212155e-02
5760            	-1.03371373e-02	-1.90072998e-03	2.70438065e-02	5.58164265e-03	2.34392157e-02
5761            	-1.03652612e-02	-1.65499415e-03	2.55740072e-02	5.59240209e-03	2.34396245e-02
5762            	-1.04003664e-02	-1.46761401e-03	2.44856285e-02	5.57205128e-03	2.33059026e-02
5763            	-1.04331486e-02	-1.37429215e-03	2.39777791e-02	5.54368162e-03	2.31511153e-02
5764            	-1.04569389e-02	-1.32296318e-03	2.37068811e-02	5.49629410e-03	2.29396965e-02
5765            	-1.04738672e-02	-1.36126996e-03	2.39716489e-02	5.46833083e-03	2.28222776e-02
5766            	-1.04941446e-02	-1.57725185e-03	2.53327817e-02	5.48174440e-03	2.28721951e-02
5767            	-1.05220126e-02	-1.92981273e-03	2.75487983e-02	5.53999565e-03	2.30987398e-02
5768            	-1.05512465e-02	-2.28187835e-03	2.97700027e-02	5.61059425e-03	2.33718166e-02
5769            	-1.05729114e-02	-2.50246134e-03	3.11789039e-02	5.64862359e-03	2.35186288e-02
5770            	-1.05804776e-02	-2.57563170e-03	3.16647577e-02	5.64956512e-03	2.35298293e-02
5771            	-1.05754812e-02	-2.55940330e-03	3.15804178e-02	5.64001282e-03	2.35147721e-02
5772            	-1.05612997e-02	-2.49877458e-03	3.12046871e-02	5.63369489e-03	2.35193230e-02
5773            	-1.05402445e-02	-2.38604175e-03	3.04930207e-02	5.61255310e-03	2.34627121e-02
5774            	-1.05079332e-02	-2.24098164e-03	2.95661790e-02	5.54193143e-03	2.31993430e-02
5775            	-1.04592995e-02	-2.12460506e-03	2.87847370e-02	5.43963798e-03	2.28044183e-02
5776            	-1.03917969e-02	-2.06995636e-03	2.83427590e-02	5.33773585e-03	2.24107696e-02
5777            	-1.03174887e-02	-2.05494016e-03	2.81203755e-02	5.26583865e-03	2.21371479e-02
5778            	-1.02567089e-02	-2.04893707e-03	2.79591194e-02	5.22857684e-03	2.19955011e-02
5779            	-1.02212238e-02	-2.04195016e-03	2.78182924e-02	5.25581104e-03	2.21141135e-02
5780            	-1.02145423e-02	-2.02623823e-03	2.76642631e-02	5.34128114e-03	2.24719121e-02
5781            	-1.02268493e-02	-1.95050629e-03	2.71798418e-02	5.44304743e-03	2.28864264e-02
5782            	-1.02550680e-02	-1.78778172e-03	2.62060456e-02	5.51154207e-03	2.31447217e-02
5783            	-1.02886034e-02	-1.56765995e-03	2.49062233e-02	5.53176918e-03	2.31835568e-02
5784            	-1.03272710e-02	-1.39790775e-03	2.39365718e-02	5.51585709e-03	2.30674199e-02
5785            	-1.03618137e-02	-1.32561765e-03	2.35660492e-02	5.49021836e-03	2.29231119e-02
5786            	-1.03855631e-02	-1.30365493e-03	2.34810103e-02	5.44659291e-03	2.27262275e-02
5787            	-1.03983581e-02	-1.35007430e-03	2.37929591e-02	5.41982258e-03	2.26136892e-02
5788            	-1.04117447e-02	-1.57082296e-03	2.51759166e-02	5.43396072e-03	2.26676179e-02
5789            	-1.04358462e-02	-1.92181429e-03	2.73769003e-02	5.49701830e-03	2.29156223e-02
5790            	-1.04677570e-02	-2.27187888e-03	2.95889685e-02	5.57521722e-03	2.32220213e-02
5791            	-1.04964190e-02	-2.49749582e-03	3.10386662e-02	5.62393864e-03	2.34147923e-02
5792            	-1.05146362e-02	-2.57408032e-03	3.15605793e-02	5.63555809e-03	2.34714857e-02
5793            	-1.05222667e-02	-2.56016140e-03	3.15088229e-02	5.63645402e-03	2.35006636e-02
5794            	-1.05189744e-02	-2.50365113e-03	3.11747005e-02	5.64070455e-03	2.35493186e-02
5795            	-1.05045396e-02	-2.39936177e-03	3.05256778e-02	5.62905231e-03	2.35316111e-02
5796            	-1.04782318e-02	-2.26982739e-03	2.97062031e-02	5.56505367e-03	2.32946839e-02
5797            	-1.04380268e-02	-2.17123486e-03	2.90512975e-02	5.46733060e-03	2.29175130e-02
5798            	-1.03811556e-02	-2.13810040e-03	2.87627923e-02	5.37101175e-03	2.25460066e-02
5799            	-1.03196633e-02	-2.14480696e-03	2.86980361e-02	5.30148647e-03	2.22813680e-02
5800            	-1.02696090e-02	-2.15371447e-03	2.86481370e-02	5.26268465e-03	2.21333437e-02
5801            	-1.02430869e-02	-2.15622341e-03	2.85817307e-02	5.28624983e-03	2.22368813e-02
5802            	-1.02400961e-02	-2.15206554e-03	2.85060255e-02	5.37104071e-03	2.25922566e-02
5803            	-1.02539588e-02	-2.08542356e-03	2.80798268e-02	5.47739934e-03	2.30270687e-02
5804            	-1.02831239e-02	-1.93281844e-03	2.71690260e-02	5.55770507e-03	2.33365181e-02
5805            	-1.03216090e-02	-1.71669675e-03	2.58998265e-02	5.59180401e-03	2.34350108e-02
5806            	-1.03685711e-02	-1.53544771e-03	2.48698162e-02	5.58610688e-03	2.33622247e-02
5807            	-1.04136345e-02	-1.44039867e-03	2.43728130e-02	5.56797670e-03	2.32488293e-02
5808            	-1.04489387e-02	-1.41690846e-03	2.42937454e-02	5.53299908e-03	2.30875779e-02
5809            	-1.04764363e-02	-1.45847520e-03	2.45962470e-02	5.51663614e-03	2.30187538e-02
5810            	-1.05062790e-02	-1.66244314e-03	2.58982816e-02	5.54000917e-03	2.31111310e-02
5811            	-1.05465698e-02	-1.99722891e-03	2.80211674e-02	5.61153593e-03	2.33937595e-02
5812            	-1.05910127e-02	-2.33349973e-03	3.01643445e-02	5.69412798e-03	2.37177128e-02
5813            	-1.06255001e-02	-2.55160697e-03	3.15738218e-02	5.74020591e-03	2.38981032e-02
5814            	-1.06424900e-02	-2.62987590e-03	3.21031303e-02	5.74674548e-03	2.39319101e-02
5815            	-1.06449239e-02	-2.62691747e-03	3.21123870e-02	5.74065056e-03	2.39302102e-02
5816            	-1.06388508e-02	-2.58189690e-03	3.18468576e-02	5.73592209e-03	2.39408169e-02
5817            	-1.06299898e-02	-2.48210503e-03	3.12346032e-02	5.71021644e-03	2.38649956e-02
5818            	-1.06090994e-02	-2.34557119e-03	3.03786607e-02	5.63197321e-03	2.35704411e-02
5819            	-1.05614129e-02	-2.22895997e-03	2.95990201e-02	5.51911158e-03	2.31317829e-02
5820            	-1.04816351e-02	-2.17436028e-03	2.91408245e-02	5.40234816e-03	2.26760794e-02
5821            	-1.03883230e-02	-2.15502779e-03	2.88640074e-02	5.30740837e-03	2.23061426e-02
5822            	-1.03063418e-02	-2.13589846e-03	2.85885306e-02	5.24532742e-03	2.20626026e-02
5823            	-1.02527895e-02	-2.10489073e-03	2.82691097e-02	5.24856405e-03	2.20831241e-02
5824            	-1.02339589e-02	-2.07165806e-03	2.79839780e-02	5.32052877e-03	2.23865709e-02
5825            	-1.02379055e-02	-1.98194358e-03	2.73946414e-02	5.42182409e-03	2.28017836e-02
5826            	-1.02568597e-02	-1.81173836e-03	2.63546445e-02	5.50116809e-03	2.31084166e-02
5827            	-1.02802569e-02	-1.57928205e-03	2.49580706e-02	5.53249326e-03	2.31961412e-02
5828            	-1.03115233e-02	-1.37359823e-03	2.37504691e-02	5.52025240e-03	2.30962923e-02
5829            	-1.03419296e-02	-1.24719573e-03	2.30362018e-02	5.49288360e-03	2.29440654e-02
5830            	-1.03634747e-02	-1.22233783e-03	2.29283881e-02	5.44999390e-03	2.27499375e-02
5831            	-1.03755249e-02	-1.27806497e-03	2.32969925e-02	5.42630573e-03	2.26509386e-02
5832            	-1.03895531e-02	-1.48984188e-03	2.46262410e-02	5.44168447e-03	2.27099763e-02
5833            	-1.04146438e-02	-1.83785211e-03	2.68118527e-02	5.50545332e-03	2.29594697e-02
5834            	-1.04468740e-02	-2.18768703e-03	2.90246108e-02	5.58080913e-03	2.32525462e-02
5835            	-1.04756713e-02	-2.42190573e-03	3.05282484e-02	5.62801545e-03	2.34375940e-02
5836            	-1.04931436e-02	-2.51279177e-03	3.11377502e-02	5.64078295e-03	2.34972176e-02
5837            	-1.04983523e-02	-2.51352609e-03	3.11740652e-02	5.64533973e-03	2.35404106e-02
5838            	-1.04916963e-02	-2.46544719e-03	3.08879585e-02	5.65181227e-03	2.35974209e-02
5839            	-1.04747409e-02	-2.36338056e-03	3.02487480e-02	5.64096818e-03	2.35823853e-02
5840            	-1.04465662e-02	-2.22741860e-03	2.93859746e-02	5.57386289e-03	2.33321105e-02
5841            	-1.04043056e-02	-2.11592105e-03	2.86482976e-02	5.46929994e-03	2.29260839e-02
5842            	-1.03447285e-02	-2.07116112e-03	2.82838278e-02	5.36704317e-03	2.25299364e-02
5843            	-1.02801420e-02	-2.07332261e-03	2.81866448e-02	5.29565122e-03	2.22573864e-02
5844            	-1.02299742e-02	-2.08339698e-03	2.81438614e-02	5.25168583e-03	2.20884005e-02
5845            	-1.02030752e-02	-2.08232683e-03	2.80547070e-02	5.26087269e-03	2.21316616e-02
5846            	-1.02010808e-02	-2.08208194e-03	2.80047657e-02	5.33111829e-03	2.24255651e-02
5847            	-1.02152452e-02	-2.02690944e-03	2.76501695e-02	5.42654287e-03	2.28142902e-02
5848            	-1.02416438e-02	-1.88880747e-03	2.68244466e-02	5.49858582e-03	2.30891181e-02
5849            	-1.02729146e-02	-1.68279301e-03	2.56066759e-02	5.52359691e-03	2.31502202e-02
5850            	-1.03118976e-02	-1.49029481e-03	2.44945109e-02	5.50776204e-03	2.30351174e-02
5851            	-1.03512254e-02	-1.36646292e-03	2.38118323e-02	5.47881353e-03	2.28749474e-02
5852            	-1.03811697e-02	-1.35657725e-03	2.38110911e-02	5.43973576e-03	2.26955012e-02
5853            	-1.03988741e-02	-1.41954658e-03	2.42334455e-02	5.42212300e-03	2.26220025e-02
5854            	-1.04144223e-02	-1.62279397e-03	2.55112472e-02	5.44722420e-03	2.27224503e-02
5855            	-1.04423444e-02	-1.95350223e-03	2.75914828e-02	5.52229858e-03	2.30202285e-02
5856            	-1.04806597e-02	-2.28241325e-03	2.96799726e-02	5.60721666e-03	2.33546975e-02
5857            	-1.05173464e-02	-2.50562713e-03	3.11235364e-02	5.65988040e-03	2.35633857e-02
5858            	-1.05419917e-02	-2.59534601e-03	3.17342595e-02	5.67752587e-03	2.36437374e-02
5859            	-1.05526394e-02	-2.59753800e-03	3.17871495e-02	5.68826738e-03	2.37132250e-02
5860            	-1.05517817e-02	-2.54963833e-03	3.15108329e-02	5.70394551e-03	2.38099132e-02
5861            	-1.05439583e-02	-2.44971508e-03	3.08987472e-02	5.70317007e-03	2.38377702e-02
5862            	-1.05286024e-02	-2.31976456e-03	3.00925579e-02	5.64851353e-03	2.36404172e-02
5863            	-1.04994657e-02	-2.21342112e-03	2.94074820e-02	5.55228283e-03	2.32700415e-02
5864            	-1.04482806e-02	-2.17230318e-03	2.90796571e-02	5.45513246e-03	2.28961309e-02
5865            	-1.03832728e-02	-2.17638121e-03	2.89951653e-02	5.38600144e-03	2.26339504e-02
5866            	-1.03253773e-02	-2.18597270e-03	2.89388143e-02	5.34378350e-03	2.24740247e-02
5867            	-1.02896004e-02	-2.18875029e-03	2.88608059e-02	5.35530963e-03	2.25294521e-02
5868            	-1.02800530e-02	-2.18905908e-03	2.88021870e-02	5.42784388e-03	2.28354349e-02
5869            	-1.02896098e-02	-2.12761078e-03	2.83994110e-02	5.52628478e-03	2.32391618e-02
5870            	-1.03145223e-02	-1.98047761e-03	2.75118067e-02	5.60356798e-03	2.35376081e-02
5871            	-1.03483578e-02	-1.76570640e-03	2.62402565e-02	5.63297583e-03	2.36171507e-02
5872            	-1.03901482e-02	-1.55909146e-03	2.50422864e-02	5.61871696e-03	2.35073013e-02
5873            	-1.04309450e-02	-1.40430912e-03	2.41681646e-02	5.58531924e-03	2.33272151e-02
5874            	-1.04612905e-02	-1.38101507e-03	2.40830741e-02	5.53877387e-03	2.31157285e-02
5875            	-1.04814540e-02	-1.43253574e-03	2.44369544e-02	5.50660058e-03	2.29808655e-02
5876            	-1.05040631e-02	-1.61666601e-03	2.56060264e-02	5.51449207e-03	2.30085242e-02
5877            	-1.05386709e-02	-1.93727568e-03	2.76330617e-02	5.57264674e-03	2.32340752e-02
5878            	-1.05793003e-02	-2.26622560e-03	2.97247198e-02	5.63797020e-03	2.34843857e-02
5879            	-1.06131127e-02	-2.49145825e-03	3.11754673e-02	5.67015489e-03	2.36047594e-02
5880            	-1.06324930e-02	-2.58744486e-03	3.18168298e-02	5.66746096e-03	2.35972376e-02
5881            	-1.06370984e-02	-2.59713117e-03	3.19076180e-02	5.66064524e-03	2.35911527e-02
5882            	-1.06307701e-02	-2.55442994e-03	3.16559772e-02	5.66438668e-03	2.36371290e-02
5883            	-1.06151324e-02	-2.45629665e-03	3.10431758e-02	5.65675503e-03	2.36365101e-02
5884            	-1.05866565e-02	-2.31939465e-03	3.01726765e-02	5.59529672e-03	2.34113735e-02
5885            	-1.05356323e-02	-2.19495565e-03	2.93403752e-02	5.49239965e-03	2.30139376e-02
5886            	-1.04582556e-02	-2.12669704e-03	2.88026139e-02	5.38532412e-03	2.25995816e-02
5887            	-1.03670234e-02	-2.09803315e-03	2.84726594e-02	5.30316127e-03	2.22837787e-02
5888            	-1.02864792e-02	-2.07799226e-03	2.81951996e-02	5.24949295e-03	2.20770619e-02
5889            	-1.02349228e-02	-2.05736536e-03	2.79454475e-02	5.24935528e-03	2.20841984e-02
5890            	-1.02168922e-02	-2.03397443e-03	2.77243832e-02	5.31564464e-03	2.23640235e-02
5891            	-1.02210321e-02	-1.95690617e-03	2.72142273e-02	5.41706275e-03	2.27807646e-02
5892            	-1.02397315e-02	-1.80670774e-03	2.62961086e-02	5.50374293e-03	2.31194691e-02
5893            	-1.02657228e-02	-1.59798416e-03	2.50497580e-02	5.54225447e-03	2.32383344e-02
5894            	-1.03009936e-02	-1.40072438e-03	2.39008486e-02	5.53401147e-03	2.31546157e-02
5895            	-1.03378129e-02	-1.25040655e-03	2.30512071e-02	5.50151195e-03	2.29779972e-02
5896            	-1.03649652e-02	-1.23520219e-03	2.30150783e-02	5.44978074e-03	2.27448336e-02
5897            	-1.03784475e-02	-1.29846020e-03	2.34349335e-02	5.41336936e-03	2.25931116e-02
5898            	-1.03886475e-02	-1.48777952e-03	2.46196668e-02	5.42326397e-03	2.26303353e-02
5899            	-1.04103053e-02	-1.81937456e-03	2.66969956e-02	5.48885126e-03	2.28881450e-02
5900            	-1.04422375e-02	-2.15804606e-03	2.88370811e-02	5.56533402e-03	2.31862556e-02
5901            	-1.04723339e-02	-2.40073621e-03	3.03927254e-02	5.61154905e-03	2.33665706e-02
5902            	-1.04912326e-02	-2.51364193e-03	3.11403097e-02	5.62434287e-03	2.34248420e-02
5903            	-1.04973703e-02	-2.53141777e-03	3.12844112e-02	5.63208452e-03	2.34805180e-02
5904            	-1.04932942e-02	-2.48719434e-03	3.10260916e-02	5.64483432e-03	2.35646365e-02
5905            	-1.04797927e-02	-2.38954578e-03	3.04191786e-02	5.64077042e-03	2.35779725e-02
5906            	-1.04567721e-02	-2.26039239e-03	2.96060757e-02	5.57705805e-03	2.33415907e-02
5907            	-1.04207214e-02	-2.15141026e-03	2.88954832e-02	5.46743967e-03	2.29136303e-02
5908            	-1.03668789e-02	-2.10350315e-03	2.85237474e-02	5.35978676e-03	2.24941373e-02
5909            	-1.03047848e-02	-2.10321676e-03	2.84187003e-02	5.28993615e-03	2.22276521e-02
5910            	-1.02524711e-02	-2.11815323e-03	2.84055908e-02	5.25315337e-03	2.20904457e-02
5911            	-1.02200067e-02	-2.13181333e-03	2.84016541e-02	5.26359068e-03	2.21410741e-02
5912            	-1.02090718e-02	-2.13961698e-03	2.83880715e-02	5.33186863e-03	2.24287730e-02
5913            	-1.02148780e-02	-2.08582490e-03	2.80275407e-02	5.43247288e-03	2.28420304e-02
5914            	-1.02352401e-02	-1.95470472e-03	2.72313270e-02	5.52260374e-03	2.31956250e-02
5915            	-1.02658082e-02	-1.75917673e-03	2.60744589e-02	5.56899389e-03	2.33474425e-02
5916            	-1.03078911e-02	-1.56930101e-03	2.49818854e-02	5.56984358e-03	2.33010184e-02
5917            	-1.03533314e-02	-1.41632771e-03	2.41292094e-02	5.54671746e-03	2.31613955e-02
5918            	-1.03902451e-02	-1.38794008e-03	2.40264482e-02	5.50751267e-03	2.29794600e-02
5919            	-1.04152185e-02	-1.45136484e-03	2.44641256e-02	5.48676218e-03	2.28932897e-02
5920            	-1.04396805e-02	-1.64558405e-03	2.56996944e-02	5.51641102e-03	2.30135406e-02
5921            	-1.04795114e-02	-1.97874259e-03	2.78123778e-02	5.60029444e-03	2.33482092e-02
5922            	-1.05315555e-02	-2.30942123e-03	2.99309889e-02	5.68885617e-03	2.36964605e-02
5923            	-1.05794035e-02	-2.53546184e-03	3.14076450e-02	5.73914191e-03	2.38931586e-02
5924            	-1.06098233e-02	-2.63255025e-03	3.20713340e-02	5.74694906e-03	2.39294248e-02
5925            	-1.06205866e-02	-2.63871284e-03	3.21475757e-02	5.74727897e-03	2.39532450e-02
5926            	-1.06175153e-02	-2.59914486e-03	3.19185017e-02	5.75634989e-03	2.40218797e-02
5927            	-1.06074704e-02	-2.51330816e-03	3.13903787e-02	5.75191368e-03	2.40339304e-02
5928            	-1.05917366e-02	-2.39043400e-03	3.06279930e-02	5.69191493e-03	2.38138442e-02
5929            	-1.05602543e-02	-2.27488420e-03	2.98835146e-02	5.58552979e-03	2.34013736e-02
5930            	-1.04997976e-02	-2.20826607e-03	2.93845381e-02	5.47042179e-03	2.29537192e-02
5931            	-1.04188827e-02	-2.18163404e-03	2.90850842e-02	5.37789248e-03	2.25955058e-02
5932            	-1.03427440e-02	-2.17495709e-03	2.88990884e-02	5.31524768e-03	2.23523876e-02
5933            	-1.02902263e-02	-2.17249959e-03	2.87623494e-02	5.30120149e-03	2.23014049e-02
5934            	-1.02687389e-02	-2.16070016e-03	2.86076466e-02	5.35086651e-03	2.25118972e-02
5935            	-1.02708070e-02	-2.08305897e-03	2.80892871e-02	5.44007262e-03	2.28786831e-02
5936            	-1.02889213e-02	-1.92907215e-03	2.71424357e-02	5.52521757e-03	2.32131898e-02
5937            	-1.03147403e-02	-1.71111488e-03	2.58344236e-02	5.56900358e-03	2.33557611e-02
5938            	-1.03469666e-02	-1.49978281e-03	2.45899573e-02	5.56547955e-03	2.32925050e-02
5939            	-1.03798994e-02	-1.32301737e-03	2.35678658e-02	5.53531562e-03	2.31243502e-02
5940            	-1.04050296e-02	-1.25833263e-03	2.32207799e-02	5.48590114e-03	2.29002413e-02
5941            	-1.04165459e-02	-1.30443008e-03	2.35291427e-02	5.45027681e-03	2.27518403e-02
5942            	-1.04252748e-02	-1.49444867e-03	2.47142320e-02	5.46367366e-03	2.28034215e-02
5943            	-1.04455825e-02	-1.82956274e-03	2.68099699e-02	5.52979254e-03	2.30626990e-02
5944            	-1.04743101e-02	-2.15828518e-03	2.88823403e-02	5.60111864e-03	2.33375540e-02
5945            	-1.05010181e-02	-2.38109557e-03	3.03082355e-02	5.64083820e-03	2.34888459e-02
5946            	-1.05164453e-02	-2.49611275e-03	3.10632892e-02	5.64559010e-03	2.35108979e-02
5947            	-1.05172113e-02	-2.52480133e-03	3.12668974e-02	5.64790255e-03	2.35420307e-02
5948            	-1.05070554e-02	-2.49663891e-03	3.10987049e-02	5.66025334e-03	2.36240000e-02
5949            	-1.04884185e-02	-2.40121397e-03	3.04967805e-02	5.65675555e-03	2.36405591e-02
5950            	-1.04612519e-02	-2.25536981e-03	2.95720541e-02	5.59630329e-03	2.34185324e-02
5951            	-1.04203469e-02	-2.12077403e-03	2.86940867e-02	5.48933808e-03	2.30025882e-02
5952            	-1.03606496e-02	-2.04885494e-03	2.81642383e-02	5.37468560e-03	2.25550811e-02
5953            	-1.02885852e-02	-2.02731849e-03	2.79115224e-02	5.29204400e-03	2.22373005e-02
5954            	-1.02248141e-02	-2.03270727e-03	2.78217367e-02	5.24841114e-03	2.20731665e-02
5955            	-1.01846180e-02	-2.04509190e-03	2.77985544e-02	5.24855206e-03	2.20808700e-02
5956            	-1.01731567e-02	-2.05416746e-03	2.77915033e-02	5.30591101e-03	2.23229026e-02
5957            	-1.01835295e-02	-2.00469042e-03	2.74642316e-02	5.39852248e-03	2.27036732e-02
5958            	-1.02088986e-02	-1.88051966e-03	2.67167962e-02	5.48463804e-03	2.30418875e-02
5959            	-1.02425538e-02	-1.68784602e-03	2.55810644e-02	5.52672760e-03	2.31762946e-02
5960            	-1.02833633e-02	-1.49899779e-03	2.44930113e-02	5.51995639e-03	2.30971065e-02
5961            	-1.03254810e-02	-1.34301479e-03	2.36176322e-02	5.48569596e-03	2.29085866e-02
5962            	-1.03583384e-02	-1.28910642e-03	2.33535033e-02	5.43192512e-03	2.26639397e-02
5963            	-1.03733493e-02	-1.35463162e-03	2.37905654e-02	5.39101937e-03	2.24932463e-02
5964            	-1.03803175e-02	-1.56165442e-03	2.50798887e-02	5.40503228e-03	2.25485733e-02
5965            	-1.03998973e-02	-1.90864383e-03	2.72490391e-02	5.47989564e-03	2.28460671e-02
5966            	-1.04334803e-02	-2.23400945e-03	2.93072838e-02	5.56241777e-03	2.31685982e-02
5967            	-1.04675165e-02	-2.44587054e-03	3.06739626e-02	5.61252311e-03	2.33635389e-02
5968            	-1.04912402e-02	-2.55024374e-03	3.13719471e-02	5.62546799e-03	2.34204573e-02
5969            	-1.04996741e-02	-2.57136319e-03	3.15368418e-02	5.63454277e-03	2.34811311e-02
5970            	-1.04979681e-02	-2.54209805e-03	3.13719010e-02	5.65299297e-03	2.35896822e-02
5971            	-1.04854654e-02	-2.44648743e-03	3.07766659e-02	5.65798834e-03	2.36417548e-02
5972            	-1.04622261e-02	-2.29981918e-03	2.98523460e-02	5.60777957e-03	2.34623406e-02
5973            	-1.04264053e-02	-2.16266059e-03	2.89669045e-02	5.50994621e-03	2.30842022e-02
5974            	-1.03739205e-02	-2.09021220e-03	2.84466345e-02	5.40458570e-03	2.26754897e-02
5975            	-1.03105825e-02	-2.07562990e-03	2.82525250e-02	5.32706894e-03	2.23795262e-02
5976            	-1.02542269e-02	-2.08908607e-03	2.82264969e-02	5.28398971e-03	2.22178881e-02
5977            	-1.02176529e-02	-2.10867761e-03	2.82551156e-02	5.28285685e-03	2.22200606e-02
5978            	-1.02062160e-02	-2.11993734e-03	2.82623839e-02	5.34356213e-03	2.24764272e-02
5979            	-1.02156384e-02	-2.06767035e-03	2.79154370e-02	5.44281601e-03	2.28860728e-02
5980            	-1.02389986e-02	-1.94268383e-03	2.71577405e-02	5.54153038e-03	2.32781903e-02
5981            	-1.02725684e-02	-1.75573806e-03	2.60560097e-02	5.60156071e-03	2.34901186e-02
5982            	-1.03153676e-02	-1.57267560e-03	2.50064240e-02	5.60782763e-03	2.34659872e-02
5983            	-1.03628636e-02	-1.41675372e-03	2.41401397e-02	5.58151719e-03	2.33096466e-02
5984            	-1.04044678e-02	-1.34693241e-03	2.37921613e-02	5.53026288e-03	2.30740590e-02
5985            	-1.04335288e-02	-1.40053015e-03	2.41767847e-02	5.48888293e-03	2.29007548e-02
5986            	-1.04582679e-02	-1.60306760e-03	2.54641364e-02	5.50223402e-03	2.29537373e-02
5987            	-1.04936979e-02	-1.94157828e-03	2.76028618e-02	5.57776804e-03	2.32548969e-02
5988            	-1.05405727e-02	-2.27227011e-03	2.97124051e-02	5.66004764e-03	2.35763425e-02
5989            	-1.05844941e-02	-2.49730516e-03	3.11754121e-02	5.70737642e-03	2.37579124e-02
5990            	-1.06130500e-02	-2.61222088e-03	3.19462938e-02	5.71523548e-03	2.37910374e-02
5991            	-1.06235184e-02	-2.65003728e-03	3.22191826e-02	5.71289790e-03	2.38013675e-02
5992            	-1.06222021e-02	-2.64781758e-03	3.22252592e-02	5.72017617e-03	2.38613853e-02
5993            	-1.06144456e-02	-2.58160118e-03	3.18232275e-02	5.71451055e-03	2.38685507e-02
5994            	-1.06011585e-02	-2.44737879e-03	3.09924803e-02	5.65624345e-03	2.36572376e-02
5995            	-1.05675276e-02	-2.30413167e-03	3.00725586e-02	5.55049800e-03	2.32483536e-02
5996            	-1.05011800e-02	-2.21668014e-03	2.94378949e-02	5.44163849e-03	2.28268920e-02
5997            	-1.04108471e-02	-2.18462599e-03	2.90932145e-02	5.35699598e-03	2.25034700e-02
5998            	-1.03233324e-02	-2.17649460e-03	2.88841210e-02	5.30340423e-03	2.23002185e-02
5999            	-1.02602474e-02	-2.16995122e-03	2.87069738e-02	5.28221805e-03	2.22204987e-02
6000            	-1.02296418e-02	-2.14446519e-03	2.84518102e-02	5.32576591e-03	2.24073793e-02
