# Force and moment coefficients
# dragDir       : (0.00000000e+00 0.00000000e+00 -1.00000000e+00)
# sideDir       : (-0.00000000e+00 1.00000000e+00 0.00000000e+00)
# liftDir       : (1.00000000e+00 0.00000000e+00 0.00000000e+00)
# rollAxis      : (0.00000000e+00 0.00000000e+00 -1.00000000e+00)
# pitchAxis     : (-0.00000000e+00 1.00000000e+00 0.00000000e+00)
# yawAxis       : (1.00000000e+00 0.00000000e+00 0.00000000e+00)
# magUInf       : 1.01700000e+02
# lRef          : 5.78100000e-02
# Aref          : 2.62480000e-03
# CofR          : (0.00000000e+00 0.00000000e+00 3.99000000e-01)
#
# Time          	Cd              	Cl              	CmPitch         	CmRoll          	CmYaw           
2001            	-2.37810198e-01	5.10451802e-03	3.22228013e-01	2.39443553e-01	1.01148697e+00
2002            	-2.37811421e-01	5.10519377e-03	3.22225609e-01	2.39437714e-01	1.01146267e+00
2003            	-2.37812887e-01	5.10584482e-03	3.22223730e-01	2.39431523e-01	1.01143687e+00
2004            	-2.37814339e-01	5.10652358e-03	3.22221657e-01	2.39425106e-01	1.01141015e+00
2005            	-2.37815502e-01	5.10720702e-03	3.22219125e-01	2.39419419e-01	1.01138653e+00
2006            	-2.37816188e-01	5.10792159e-03	3.22215681e-01	2.39415034e-01	1.01136843e+00
2007            	-2.37816372e-01	5.10868914e-03	3.22211150e-01	2.39412035e-01	1.01135622e+00
2008            	-2.37816066e-01	5.10956104e-03	3.22205225e-01	2.39410502e-01	1.01135024e+00
2009            	-2.37815373e-01	5.11055327e-03	3.22197958e-01	2.39410210e-01	1.01134955e+00
2010            	-2.37814420e-01	5.11159174e-03	3.22190006e-01	2.39411209e-01	1.01135430e+00
2011            	-2.37813385e-01	5.11254528e-03	3.22182462e-01	2.39413323e-01	1.01136370e+00
2012            	-2.37812358e-01	5.11330813e-03	3.22176130e-01	2.39416585e-01	1.01137784e+00
2013            	-2.37811441e-01	5.11380534e-03	3.22171632e-01	2.39420755e-01	1.01139565e+00
2014            	-2.37810734e-01	5.11391466e-03	3.22169888e-01	2.39426008e-01	1.01141781e+00
2015            	-2.37810386e-01	5.11351520e-03	3.22171881e-01	2.39432113e-01	1.01144329e+00
2016            	-2.37810371e-01	5.11260553e-03	3.22177577e-01	2.39438550e-01	1.01146990e+00
2017            	-2.37810532e-01	5.11124632e-03	3.22186360e-01	2.39444936e-01	1.01149606e+00
2018            	-2.37810649e-01	5.10956883e-03	3.22197074e-01	2.39451269e-01	1.01152187e+00
2019            	-2.37810612e-01	5.10780666e-03	3.22208085e-01	2.39456580e-01	1.01154334e+00
2020            	-2.37810343e-01	5.10616673e-03	3.22217975e-01	2.39460561e-01	1.01155929e+00
2021            	-2.37809908e-01	5.10481530e-03	3.22225799e-01	2.39462785e-01	1.01156800e+00
2022            	-2.37809423e-01	5.10382665e-03	3.22231263e-01	2.39463429e-01	1.01157026e+00
2023            	-2.37809028e-01	5.10319731e-03	3.22234601e-01	2.39462685e-01	1.01156684e+00
2024            	-2.37808732e-01	5.10291986e-03	3.22235881e-01	2.39460951e-01	1.01155943e+00
2025            	-2.37808609e-01	5.10294757e-03	3.22235507e-01	2.39458219e-01	1.01154797e+00
2026            	-2.37808722e-01	5.10323984e-03	3.22233829e-01	2.39454520e-01	1.01153255e+00
2027            	-2.37809164e-01	5.10377229e-03	3.22231142e-01	2.39449687e-01	1.01151245e+00
2028            	-2.37809961e-01	5.10444940e-03	3.22228084e-01	2.39444204e-01	1.01148968e+00
2029            	-2.37811169e-01	5.10512754e-03	3.22225641e-01	2.39438302e-01	1.01146512e+00
2030            	-2.37812651e-01	5.10577454e-03	3.22223810e-01	2.39432154e-01	1.01143950e+00
2031            	-2.37814183e-01	5.10644220e-03	3.22221927e-01	2.39425547e-01	1.01141197e+00
2032            	-2.37815424e-01	5.10711596e-03	3.22219572e-01	2.39419692e-01	1.01138764e+00
2033            	-2.37816206e-01	5.10782303e-03	3.22216320e-01	2.39414970e-01	1.01136812e+00
2034            	-2.37816452e-01	5.10859070e-03	3.22211882e-01	2.39411737e-01	1.01135492e+00
2035            	-2.37816212e-01	5.10946423e-03	3.22206046e-01	2.39409881e-01	1.01134758e+00
2036            	-2.37815552e-01	5.11045895e-03	3.22198813e-01	2.39409453e-01	1.01134632e+00
2037            	-2.37814616e-01	5.11151050e-03	3.22190806e-01	2.39410307e-01	1.01135047e+00
2038            	-2.37813546e-01	5.11249630e-03	3.22183009e-01	2.39412471e-01	1.01136011e+00
2039            	-2.37812482e-01	5.11329719e-03	3.22176384e-01	2.39415728e-01	1.01137423e+00
2040            	-2.37811483e-01	5.11385492e-03	3.22171385e-01	2.39419975e-01	1.01139241e+00
2041            	-2.37810709e-01	5.11404624e-03	3.22169026e-01	2.39425103e-01	1.01141408e+00
2042            	-2.37810269e-01	5.11375558e-03	3.22170198e-01	2.39431120e-01	1.01143925e+00
2043            	-2.37810212e-01	5.11290319e-03	3.22175473e-01	2.39437741e-01	1.01146665e+00
2044            	-2.37810342e-01	5.11158358e-03	3.22183963e-01	2.39444406e-01	1.01149401e+00
2045            	-2.37810472e-01	5.10994243e-03	3.22194470e-01	2.39450641e-01	1.01151942e+00
2046            	-2.37810433e-01	5.10817289e-03	3.22205525e-01	2.39456185e-01	1.01154187e+00
2047            	-2.37810185e-01	5.10648968e-03	3.22215720e-01	2.39460418e-01	1.01155886e+00
2048            	-2.37809731e-01	5.10507362e-03	3.22223922e-01	2.39463108e-01	1.01156950e+00
2049            	-2.37809226e-01	5.10401537e-03	3.22229794e-01	2.39464039e-01	1.01157292e+00
2050            	-2.37808779e-01	5.10333705e-03	3.22233363e-01	2.39463504e-01	1.01157037e+00
2051            	-2.37808472e-01	5.10301709e-03	3.22234891e-01	2.39461724e-01	1.01156273e+00
2052            	-2.37808318e-01	5.10302126e-03	3.22234616e-01	2.39459003e-01	1.01155131e+00
2053            	-2.37808407e-01	5.10329558e-03	3.22233014e-01	2.39455248e-01	1.01153564e+00
2054            	-2.37808814e-01	5.10379657e-03	3.22230470e-01	2.39450609e-01	1.01151635e+00
2055            	-2.37809601e-01	5.10447161e-03	3.22227409e-01	2.39445034e-01	1.01149319e+00
2056            	-2.37810793e-01	5.10517087e-03	3.22224807e-01	2.39439088e-01	1.01146846e+00
2057            	-2.37812321e-01	5.10583278e-03	3.22222949e-01	2.39432769e-01	1.01144213e+00
2058            	-2.37813916e-01	5.10646468e-03	3.22221384e-01	2.39426404e-01	1.01141560e+00
2059            	-2.37815284e-01	5.10711373e-03	3.22219373e-01	2.39420315e-01	1.01139026e+00
2060            	-2.37816186e-01	5.10780651e-03	3.22216389e-01	2.39415237e-01	1.01136923e+00
2061            	-2.37816557e-01	5.10856137e-03	3.22212219e-01	2.39411511e-01	1.01135395e+00
2062            	-2.37816401e-01	5.10942476e-03	3.22206572e-01	2.39409322e-01	1.01134521e+00
2063            	-2.37815816e-01	5.11040888e-03	3.22199519e-01	2.39408544e-01	1.01134247e+00
2064            	-2.37814896e-01	5.11146120e-03	3.22191532e-01	2.39409297e-01	1.01134620e+00
2065            	-2.37813825e-01	5.11245999e-03	3.22183652e-01	2.39411344e-01	1.01135535e+00
2066            	-2.37812698e-01	5.11329464e-03	3.22176720e-01	2.39414680e-01	1.01136983e+00
2067            	-2.37811640e-01	5.11389521e-03	3.22171364e-01	2.39418914e-01	1.01138796e+00
2068            	-2.37810774e-01	5.11415768e-03	3.22168420e-01	2.39424064e-01	1.01140977e+00
2069            	-2.37810258e-01	5.11394627e-03	3.22168980e-01	2.39430029e-01	1.01143476e+00
2070            	-2.37810108e-01	5.11319858e-03	3.22173460e-01	2.39436617e-01	1.01146208e+00
2071            	-2.37810202e-01	5.11194082e-03	3.22181508e-01	2.39443391e-01	1.01148993e+00
2072            	-2.37810314e-01	5.11031481e-03	3.22191895e-01	2.39449995e-01	1.01151689e+00
2073            	-2.37810313e-01	5.10848500e-03	3.22203388e-01	2.39456051e-01	1.01154146e+00
2074            	-2.37810073e-01	5.10673443e-03	3.22214020e-01	2.39460702e-01	1.01156018e+00
2075            	-2.37809609e-01	5.10524559e-03	3.22222665e-01	2.39463587e-01	1.01157160e+00
2076            	-2.37809031e-01	5.10412476e-03	3.22228822e-01	2.39464809e-01	1.01157622e+00
2077            	-2.37808517e-01	5.10339310e-03	3.22232627e-01	2.39464407e-01	1.01157420e+00
2078            	-2.37808140e-01	5.10303517e-03	3.22234289e-01	2.39462791e-01	1.01156725e+00
2079            	-2.37807948e-01	5.10301662e-03	3.22234101e-01	2.39460047e-01	1.01155570e+00
2080            	-2.37807995e-01	5.10327377e-03	3.22232542e-01	2.39456399e-01	1.01154049e+00
2081            	-2.37808393e-01	5.10375412e-03	3.22230113e-01	2.39451747e-01	1.01152113e+00
2082            	-2.37809145e-01	5.10443412e-03	3.22226968e-01	2.39446207e-01	1.01149812e+00
2083            	-2.37810320e-01	5.10516175e-03	3.22224162e-01	2.39440131e-01	1.01147285e+00
2084            	-2.37811852e-01	5.10585390e-03	3.22222118e-01	2.39433800e-01	1.01144649e+00
2085            	-2.37813537e-01	5.10649658e-03	3.22220618e-01	2.39427307e-01	1.01141942e+00
2086            	-2.37815041e-01	5.10717353e-03	3.22218635e-01	2.39420850e-01	1.01139254e+00
2087            	-2.37816117e-01	5.10785958e-03	3.22215953e-01	2.39415414e-01	1.01136999e+00
2088            	-2.37816631e-01	5.10859021e-03	3.22212148e-01	2.39411525e-01	1.01135402e+00
2089            	-2.37816596e-01	5.10942602e-03	3.22206857e-01	2.39409047e-01	1.01134404e+00
2090            	-2.37816084e-01	5.11039053e-03	3.22200036e-01	2.39408073e-01	1.01134047e+00
2091            	-2.37815220e-01	5.11143955e-03	3.22192152e-01	2.39408486e-01	1.01134277e+00
2092            	-2.37814143e-01	5.11245903e-03	3.22184134e-01	2.39410376e-01	1.01135127e+00
2093            	-2.37813003e-01	5.11332564e-03	3.22176980e-01	2.39413542e-01	1.01136505e+00
2094            	-2.37811898e-01	5.11396439e-03	3.22171311e-01	2.39417812e-01	1.01138336e+00
2095            	-2.37810976e-01	5.11427814e-03	3.22167962e-01	2.39422876e-01	1.01140483e+00
2096            	-2.37810366e-01	5.11412673e-03	3.22168005e-01	2.39428927e-01	1.01143021e+00
2097            	-2.37810147e-01	5.11344570e-03	3.22171961e-01	2.39435481e-01	1.01145742e+00
2098            	-2.37810187e-01	5.11222475e-03	3.22179698e-01	2.39442535e-01	1.01148647e+00
2099            	-2.37810294e-01	5.11061105e-03	3.22190000e-01	2.39449292e-01	1.01151408e+00
2100            	-2.37810269e-01	5.10879643e-03	3.22201362e-01	2.39455418e-01	1.01153895e+00
2101            	-2.37810039e-01	5.10700610e-03	3.22212260e-01	2.39460276e-01	1.01155851e+00
2102            	-2.37809559e-01	5.10544807e-03	3.22221317e-01	2.39463600e-01	1.01157176e+00
2103            	-2.37808956e-01	5.10423899e-03	3.22227993e-01	2.39465193e-01	1.01157789e+00
2104            	-2.37808368e-01	5.10342680e-03	3.22232195e-01	2.39465221e-01	1.01157764e+00
2105            	-2.37807925e-01	5.10300443e-03	3.22234164e-01	2.39463758e-01	1.01157130e+00
2106            	-2.37807644e-01	5.10294652e-03	3.22234089e-01	2.39461156e-01	1.01156034e+00
2107            	-2.37807630e-01	5.10318097e-03	3.22232583e-01	2.39457453e-01	1.01154488e+00
2108            	-2.37807952e-01	5.10365163e-03	3.22230101e-01	2.39452854e-01	1.01152575e+00
2109            	-2.37808661e-01	5.10431866e-03	3.22226972e-01	2.39447317e-01	1.01150275e+00
2110            	-2.37809777e-01	5.10506833e-03	3.22223940e-01	2.39441270e-01	1.01147762e+00
2111            	-2.37811299e-01	5.10579662e-03	3.22221655e-01	2.39434806e-01	1.01145071e+00
2112            	-2.37813014e-01	5.10647320e-03	3.22219987e-01	2.39428283e-01	1.01142353e+00
2113            	-2.37814637e-01	5.10716238e-03	3.22218105e-01	2.39421671e-01	1.01139600e+00
2114            	-2.37815850e-01	5.10785522e-03	3.22215585e-01	2.39416078e-01	1.01137279e+00
2115            	-2.37816526e-01	5.10858342e-03	3.22212038e-01	2.39411824e-01	1.01135526e+00
2116            	-2.37816616e-01	5.10941116e-03	3.22206984e-01	2.39409101e-01	1.01134426e+00
2117            	-2.37816230e-01	5.11036825e-03	3.22200400e-01	2.39407739e-01	1.01133905e+00
2118            	-2.37815441e-01	5.11142929e-03	3.22192551e-01	2.39407894e-01	1.01134027e+00
2119            	-2.37814421e-01	5.11247448e-03	3.22184455e-01	2.39409490e-01	1.01134754e+00
2120            	-2.37813280e-01	5.11337825e-03	3.22177067e-01	2.39412604e-01	1.01136113e+00
2121            	-2.37812176e-01	5.11405369e-03	3.22171168e-01	2.39416798e-01	1.01137913e+00
2122            	-2.37811204e-01	5.11441112e-03	3.22167469e-01	2.39421952e-01	1.01140101e+00
2123            	-2.37810543e-01	5.11431198e-03	3.22167105e-01	2.39427940e-01	1.01142615e+00
2124            	-2.37810246e-01	5.11369572e-03	3.22170537e-01	2.39434509e-01	1.01145346e+00
2125            	-2.37810261e-01	5.11253105e-03	3.22177882e-01	2.39441479e-01	1.01148217e+00
2126            	-2.37810355e-01	5.11093790e-03	3.22188035e-01	2.39448451e-01	1.01151070e+00
2127            	-2.37810349e-01	5.10911414e-03	3.22199482e-01	2.39454701e-01	1.01153608e+00
2128            	-2.37810137e-01	5.10724623e-03	3.22210895e-01	2.39460088e-01	1.01155784e+00
2129            	-2.37809677e-01	5.10559853e-03	3.22220546e-01	2.39463677e-01	1.01157214e+00
2130            	-2.37809032e-01	5.10430612e-03	3.22227683e-01	2.39465538e-01	1.01157937e+00
2131            	-2.37808377e-01	5.10341830e-03	3.22232258e-01	2.39465735e-01	1.01157979e+00
2132            	-2.37807831e-01	5.10293062e-03	3.22234483e-01	2.39464570e-01	1.01157468e+00
2133            	-2.37807471e-01	5.10282678e-03	3.22234578e-01	2.39462061e-01	1.01156410e+00
2134            	-2.37807369e-01	5.10303291e-03	3.22233118e-01	2.39458503e-01	1.01154924e+00
2135            	-2.37807633e-01	5.10347953e-03	3.22230701e-01	2.39453886e-01	1.01153002e+00
2136            	-2.37808268e-01	5.10412789e-03	3.22227579e-01	2.39448475e-01	1.01150754e+00
2137            	-2.37809327e-01	5.10488104e-03	3.22224440e-01	2.39442389e-01	1.01148225e+00
2138            	-2.37810792e-01	5.10562880e-03	3.22221949e-01	2.39435972e-01	1.01145556e+00
2139            	-2.37812521e-01	5.10632699e-03	3.22220168e-01	2.39429328e-01	1.01142787e+00
2140            	-2.37814206e-01	5.10701477e-03	3.22218388e-01	2.39422778e-01	1.01140060e+00
2141            	-2.37815553e-01	5.10770538e-03	3.22216084e-01	2.39416931e-01	1.01137631e+00
2142            	-2.37816356e-01	5.10843549e-03	3.22212717e-01	2.39412407e-01	1.01135765e+00
2143            	-2.37816586e-01	5.10925838e-03	3.22207905e-01	2.39409283e-01	1.01134494e+00
2144            	-2.37816287e-01	5.11021979e-03	3.22201424e-01	2.39407683e-01	1.01133874e+00
2145            	-2.37815585e-01	5.11129849e-03	3.22193597e-01	2.39407501e-01	1.01133855e+00
2146            	-2.37814610e-01	5.11238284e-03	3.22185322e-01	2.39408910e-01	1.01134505e+00
2147            	-2.37813517e-01	5.11333365e-03	3.22177708e-01	2.39411790e-01	1.01135767e+00
2148            	-2.37812415e-01	5.11405791e-03	3.22171506e-01	2.39415987e-01	1.01137572e+00
2149            	-2.37811437e-01	5.11447468e-03	3.22167423e-01	2.39421072e-01	1.01139733e+00
2150            	-2.37810718e-01	5.11445236e-03	3.22166489e-01	2.39427108e-01	1.01142271e+00
2151            	-2.37810380e-01	5.11390759e-03	3.22169410e-01	2.39433675e-01	1.01145004e+00
2152            	-2.37810363e-01	5.11281362e-03	3.22176260e-01	2.39440709e-01	1.01147907e+00
2153            	-2.37810475e-01	5.11126813e-03	3.22186140e-01	2.39447669e-01	1.01150755e+00
2154            	-2.37810487e-01	5.10945204e-03	3.22197567e-01	2.39454140e-01	1.01153387e+00
2155            	-2.37810314e-01	5.10756121e-03	3.22209181e-01	2.39459563e-01	1.01155576e+00
2156            	-2.37809869e-01	5.10583791e-03	3.22219329e-01	2.39463513e-01	1.01157155e+00
2157            	-2.37809238e-01	5.10444847e-03	3.22227095e-01	2.39465638e-01	1.01157984e+00
2158            	-2.37808537e-01	5.10346053e-03	3.22232231e-01	2.39466224e-01	1.01158187e+00
2159            	-2.37807932e-01	5.10288063e-03	3.22234945e-01	2.39465274e-01	1.01157761e+00
2160            	-2.37807464e-01	5.10270966e-03	3.22235299e-01	2.39463004e-01	1.01156800e+00
2161            	-2.37807269e-01	5.10287335e-03	3.22233964e-01	2.39459452e-01	1.01155314e+00
2162            	-2.37807422e-01	5.10330008e-03	3.22231505e-01	2.39454884e-01	1.01153413e+00
2163            	-2.37807974e-01	5.10393647e-03	3.22228334e-01	2.39449412e-01	1.01151139e+00
2164            	-2.37808943e-01	5.10471125e-03	3.22224923e-01	2.39443254e-01	1.01148583e+00
2165            	-2.37810359e-01	5.10547655e-03	3.22222247e-01	2.39436775e-01	1.01145888e+00
2166            	-2.37812053e-01	5.10619772e-03	3.22220271e-01	2.39430198e-01	1.01143149e+00
2167            	-2.37813783e-01	5.10689225e-03	3.22218518e-01	2.39423570e-01	1.01140388e+00
2168            	-2.37815208e-01	5.10758154e-03	3.22216342e-01	2.39417676e-01	1.01137940e+00
2169            	-2.37816130e-01	5.10830379e-03	3.22213204e-01	2.39412890e-01	1.01135962e+00
2170            	-2.37816460e-01	5.10911084e-03	3.22208643e-01	2.39409573e-01	1.01134610e+00
2171            	-2.37816257e-01	5.11005695e-03	3.22202406e-01	2.39407649e-01	1.01133851e+00
2172            	-2.37815610e-01	5.11114336e-03	3.22194614e-01	2.39407201e-01	1.01133722e+00
2173            	-2.37814685e-01	5.11226100e-03	3.22186207e-01	2.39408244e-01	1.01134220e+00
2174            	-2.37813612e-01	5.11326323e-03	3.22178300e-01	2.39410942e-01	1.01135409e+00
2175            	-2.37812518e-01	5.11404412e-03	3.22171756e-01	2.39414989e-01	1.01137152e+00
2176            	-2.37811493e-01	5.11453536e-03	3.22167136e-01	2.39420136e-01	1.01139343e+00
2177            	-2.37810729e-01	5.11461634e-03	3.22165484e-01	2.39426024e-01	1.01141824e+00
2178            	-2.37810326e-01	5.11417191e-03	3.22167677e-01	2.39432674e-01	1.01144597e+00
2179            	-2.37810292e-01	5.11317362e-03	3.22173900e-01	2.39439631e-01	1.01147471e+00
2180            	-2.37810411e-01	5.11169455e-03	3.22183372e-01	2.39446736e-01	1.01150384e+00
2181            	-2.37810484e-01	5.10990046e-03	3.22194752e-01	2.39453355e-01	1.01153078e+00
2182            	-2.37810364e-01	5.10799066e-03	3.22206563e-01	2.39459100e-01	1.01155401e+00
2183            	-2.37809996e-01	5.10619991e-03	3.22217250e-01	2.39463308e-01	1.01157085e+00
2184            	-2.37809393e-01	5.10471878e-03	3.22225633e-01	2.39465809e-01	1.01158068e+00
2185            	-2.37808704e-01	5.10362807e-03	3.22231432e-01	2.39466608e-01	1.01158354e+00
2186            	-2.37808047e-01	5.10295005e-03	3.22234684e-01	2.39465986e-01	1.01158063e+00
2187            	-2.37807529e-01	5.10268624e-03	3.22235543e-01	2.39463874e-01	1.01157164e+00
2188            	-2.37807242e-01	5.10278700e-03	3.22234463e-01	2.39460462e-01	1.01155735e+00
2189            	-2.37807317e-01	5.10317311e-03	3.22232141e-01	2.39455813e-01	1.01153798e+00
2190            	-2.37807782e-01	5.10378213e-03	3.22229008e-01	2.39450357e-01	1.01151530e+00
2191            	-2.37808678e-01	5.10452664e-03	3.22225678e-01	2.39444252e-01	1.01148994e+00
2192            	-2.37810013e-01	5.10529052e-03	3.22222890e-01	2.39437816e-01	1.01146318e+00
2193            	-2.37811685e-01	5.10602783e-03	3.22220778e-01	2.39431052e-01	1.01143501e+00
2194            	-2.37813430e-01	5.10673765e-03	3.22218951e-01	2.39424342e-01	1.01140707e+00
2195            	-2.37814952e-01	5.10746146e-03	3.22216703e-01	2.39417947e-01	1.01138048e+00
2196            	-2.37815982e-01	5.10819110e-03	3.22213682e-01	2.39412952e-01	1.01135983e+00
2197            	-2.37816448e-01	5.10897220e-03	3.22209491e-01	2.39409442e-01	1.01134548e+00
2198            	-2.37816343e-01	5.10988729e-03	3.22203596e-01	2.39407428e-01	1.01133751e+00
2199            	-2.37815768e-01	5.11095787e-03	3.22196015e-01	2.39406715e-01	1.01133508e+00
2200            	-2.37814854e-01	5.11209542e-03	3.22187500e-01	2.39407553e-01	1.01133922e+00
2201            	-2.37813790e-01	5.11314635e-03	3.22179304e-01	2.39409927e-01	1.01134976e+00
2202            	-2.37812663e-01	5.11398929e-03	3.22172321e-01	2.39413893e-01	1.01136689e+00
2203            	-2.37811598e-01	5.11455378e-03	3.22167182e-01	2.39418949e-01	1.01138846e+00
2204            	-2.37810744e-01	5.11472682e-03	3.22164820e-01	2.39424937e-01	1.01141373e+00
2205            	-2.37810271e-01	5.11437875e-03	3.22166302e-01	2.39431610e-01	1.01144161e+00
2206            	-2.37810172e-01	5.11348597e-03	3.22171767e-01	2.39438615e-01	1.01147060e+00
2207            	-2.37810293e-01	5.11207342e-03	3.22180825e-01	2.39445814e-01	1.01150015e+00
2208            	-2.37810379e-01	5.11031789e-03	3.22191981e-01	2.39452729e-01	1.01152836e+00
2209            	-2.37810307e-01	5.10840879e-03	3.22203863e-01	2.39458704e-01	1.01155255e+00
2210            	-2.37809984e-01	5.10657290e-03	3.22214899e-01	2.39463342e-01	1.01157117e+00
2211            	-2.37809435e-01	5.10501389e-03	3.22223853e-01	2.39466120e-01	1.01158212e+00
2212            	-2.37808753e-01	5.10384155e-03	3.22230173e-01	2.39467211e-01	1.01158618e+00
2213            	-2.37808096e-01	5.10307808e-03	3.22233960e-01	2.39466755e-01	1.01158391e+00
2214            	-2.37807536e-01	5.10273336e-03	3.22235263e-01	2.39464943e-01	1.01157615e+00
2215            	-2.37807197e-01	5.10276991e-03	3.22234507e-01	2.39461655e-01	1.01156235e+00
2216            	-2.37807181e-01	5.10311474e-03	3.22232304e-01	2.39457141e-01	1.01154353e+00
2217            	-2.37807592e-01	5.10369187e-03	3.22229289e-01	2.39451593e-01	1.01152046e+00
2218            	-2.37808426e-01	5.10442462e-03	3.22225937e-01	2.39445429e-01	1.01149484e+00
2219            	-2.37809729e-01	5.10519282e-03	3.22223071e-01	2.39438722e-01	1.01146694e+00
2220            	-2.37811373e-01	5.10593395e-03	3.22220893e-01	2.39431878e-01	1.01143845e+00
2221            	-2.37813151e-01	5.10664117e-03	3.22219131e-01	2.39424998e-01	1.01140978e+00
2222            	-2.37814739e-01	5.10737504e-03	3.22216919e-01	2.39418379e-01	1.01138226e+00
2223            	-2.37815889e-01	5.10809823e-03	3.22214117e-01	2.39413047e-01	1.01136018e+00
2224            	-2.37816466e-01	5.10885793e-03	3.22210228e-01	2.39409349e-01	1.01134503e+00
2225            	-2.37816480e-01	5.10974347e-03	3.22204698e-01	2.39407009e-01	1.01133567e+00
2226            	-2.37815978e-01	5.11079215e-03	3.22197364e-01	2.39406099e-01	1.01133241e+00
2227            	-2.37815110e-01	5.11193887e-03	3.22188863e-01	2.39406574e-01	1.01133502e+00
2228            	-2.37814038e-01	5.11303000e-03	3.22180403e-01	2.39408725e-01	1.01134465e+00
2229            	-2.37812901e-01	5.11392679e-03	3.22173067e-01	2.39412454e-01	1.01136081e+00
2230            	-2.37811773e-01	5.11455862e-03	3.22167411e-01	2.39417548e-01	1.01138258e+00
2231            	-2.37810841e-01	5.11481283e-03	3.22164424e-01	2.39423562e-01	1.01140800e+00
2232            	-2.37810259e-01	5.11455265e-03	3.22165193e-01	2.39430459e-01	1.01143687e+00
2233            	-2.37810089e-01	5.11373575e-03	3.22170078e-01	2.39437620e-01	1.01146655e+00
2234            	-2.37810166e-01	5.11238277e-03	3.22178696e-01	2.39445055e-01	1.01149713e+00
2235            	-2.37810265e-01	5.11065348e-03	3.22189710e-01	2.39452129e-01	1.01152600e+00
2236            	-2.37810198e-01	5.10874984e-03	3.22201565e-01	2.39458386e-01	1.01155138e+00
2237            	-2.37809908e-01	5.10688777e-03	3.22212819e-01	2.39463220e-01	1.01157081e+00
2238            	-2.37809378e-01	5.10525106e-03	3.22222289e-01	2.39466545e-01	1.01158402e+00
2239            	-2.37808717e-01	5.10399469e-03	3.22229169e-01	2.39467910e-01	1.01158918e+00
2240            	-2.37808033e-01	5.10315852e-03	3.22233372e-01	2.39467707e-01	1.01158796e+00
2241            	-2.37807446e-01	5.10274330e-03	3.22235076e-01	2.39466054e-01	1.01158082e+00
2242            	-2.37807028e-01	5.10272742e-03	3.22234530e-01	2.39463062e-01	1.01156825e+00
2243            	-2.37806940e-01	5.10304005e-03	3.22232418e-01	2.39458630e-01	1.01154976e+00
2244            	-2.37807279e-01	5.10359945e-03	3.22229404e-01	2.39453145e-01	1.01152694e+00
2245            	-2.37808083e-01	5.10433350e-03	3.22225997e-01	2.39446791e-01	1.01150053e+00
2246            	-2.37809347e-01	5.10512077e-03	3.22222952e-01	2.39439983e-01	1.01147222e+00
2247            	-2.37811005e-01	5.10586597e-03	3.22220765e-01	2.39432990e-01	1.01144309e+00
2248            	-2.37812814e-01	5.10657599e-03	3.22219032e-01	2.39426039e-01	1.01141414e+00
2249            	-2.37814487e-01	5.10728239e-03	3.22217120e-01	2.39419409e-01	1.01138655e+00
2250            	-2.37815746e-01	5.10799188e-03	3.22214567e-01	2.39413862e-01	1.01136355e+00
2251            	-2.37816471e-01	5.10873331e-03	3.22211012e-01	2.39409682e-01	1.01134635e+00
2252            	-2.37816605e-01	5.10958973e-03	3.22205844e-01	2.39406985e-01	1.01133548e+00
2253            	-2.37816227e-01	5.11060335e-03	3.22198918e-01	2.39405655e-01	1.01133044e+00
2254            	-2.37815415e-01	5.11173922e-03	3.22190568e-01	2.39405888e-01	1.01133203e+00
2255            	-2.37814374e-01	5.11284993e-03	3.22182032e-01	2.39407665e-01	1.01134010e+00
2256            	-2.37813210e-01	5.11379211e-03	3.22174370e-01	2.39411201e-01	1.01135548e+00
2257            	-2.37812059e-01	5.11447518e-03	3.22168357e-01	2.39416110e-01	1.01137649e+00
2258            	-2.37811051e-01	5.11479807e-03	3.22164825e-01	2.39422178e-01	1.01140218e+00
2259            	-2.37810382e-01	5.11462452e-03	3.22164920e-01	2.39429085e-01	1.01143113e+00
2260            	-2.37810108e-01	5.11389486e-03	3.22169101e-01	2.39436452e-01	1.01146173e+00
2261            	-2.37810139e-01	5.11261853e-03	3.22177172e-01	2.39443938e-01	1.01149255e+00
2262            	-2.37810208e-01	5.11094913e-03	3.22187766e-01	2.39451169e-01	1.01152212e+00
2263            	-2.37810149e-01	5.10905684e-03	3.22199565e-01	2.39457697e-01	1.01154863e+00
2264            	-2.37809862e-01	5.10716419e-03	3.22211017e-01	2.39463035e-01	1.01157017e+00
2265            	-2.37809343e-01	5.10547491e-03	3.22220837e-01	2.39466662e-01	1.01158462e+00
2266            	-2.37808657e-01	5.10414560e-03	3.22228139e-01	2.39468435e-01	1.01159146e+00
2267            	-2.37807951e-01	5.10323175e-03	3.22232799e-01	2.39468458e-01	1.01159115e+00
2268            	-2.37807311e-01	5.10273959e-03	3.22234907e-01	2.39467141e-01	1.01158540e+00
2269            	-2.37806828e-01	5.10266119e-03	3.22234655e-01	2.39464383e-01	1.01157377e+00
2270            	-2.37806630e-01	5.10293508e-03	3.22232622e-01	2.39460250e-01	1.01155653e+00
2271            	-2.37806876e-01	5.10347908e-03	3.22229565e-01	2.39454782e-01	1.01153378e+00
2272            	-2.37807581e-01	5.10422645e-03	3.22225924e-01	2.39448429e-01	1.01150738e+00
2273            	-2.37808791e-01	5.10504544e-03	3.22222596e-01	2.39441458e-01	1.01147840e+00
2274            	-2.37810422e-01	5.10582432e-03	3.22220157e-01	2.39434396e-01	1.01144900e+00
2275            	-2.37812272e-01	5.10655218e-03	3.22218371e-01	2.39427288e-01	1.01141939e+00
2276            	-2.37814024e-01	5.10727814e-03	3.22216453e-01	2.39420485e-01	1.01139108e+00
2277            	-2.37815432e-01	5.10801573e-03	3.22213947e-01	2.39414394e-01	1.01136580e+00
2278            	-2.37816302e-01	5.10875957e-03	3.22210594e-01	2.39409937e-01	1.01134743e+00
2279            	-2.37816594e-01	5.10958396e-03	3.22205865e-01	2.39406976e-01	1.01133543e+00
2280            	-2.37816343e-01	5.11055601e-03	3.22199389e-01	2.39405477e-01	1.01132966e+00
2281            	-2.37815643e-01	5.11166302e-03	3.22191388e-01	2.39405363e-01	1.01132978e+00
2282            	-2.37814640e-01	5.11278593e-03	3.22182830e-01	2.39406820e-01	1.01133651e+00
2283            	-2.37813499e-01	5.11376383e-03	3.22174978e-01	2.39409922e-01	1.01135008e+00
2284            	-2.37812339e-01	5.11449513e-03	3.22168649e-01	2.39414591e-01	1.01137012e+00
2285            	-2.37811302e-01	5.11487987e-03	3.22164683e-01	2.39420464e-01	1.01139502e+00
2286            	-2.37810542e-01	5.11478309e-03	3.22164160e-01	2.39427440e-01	1.01142430e+00
2287            	-2.37810186e-01	5.11412991e-03	3.22167737e-01	2.39434869e-01	1.01145520e+00
2288            	-2.37810125e-01	5.11294906e-03	3.22175070e-01	2.39442379e-01	1.01148617e+00
2289            	-2.37810192e-01	5.11130072e-03	3.22185531e-01	2.39449864e-01	1.01151681e+00
2290            	-2.37810166e-01	5.10937185e-03	3.22197609e-01	2.39456972e-01	1.01154574e+00
2291            	-2.37809925e-01	5.10743307e-03	3.22209421e-01	2.39462607e-01	1.01156849e+00
2292            	-2.37809395e-01	5.10569563e-03	3.22219528e-01	2.39466512e-01	1.01158409e+00
2293            	-2.37808701e-01	5.10428126e-03	3.22227354e-01	2.39468617e-01	1.01159228e+00
2294            	-2.37807945e-01	5.10328245e-03	3.22232474e-01	2.39469035e-01	1.01159360e+00
2295            	-2.37807260e-01	5.10270789e-03	3.22235034e-01	2.39467924e-01	1.01158867e+00
2296            	-2.37806690e-01	5.10255471e-03	3.22235121e-01	2.39465536e-01	1.01157858e+00
2297            	-2.37806408e-01	5.10276288e-03	3.22233376e-01	2.39461670e-01	1.01156242e+00
2298            	-2.37806537e-01	5.10326734e-03	3.22230391e-01	2.39456449e-01	1.01154070e+00
2299            	-2.37807154e-01	5.10399780e-03	3.22226723e-01	2.39450056e-01	1.01151412e+00
2300            	-2.37808271e-01	5.10483603e-03	3.22223136e-01	2.39443025e-01	1.01148490e+00
2301            	-2.37809864e-01	5.10565402e-03	3.22220395e-01	2.39435695e-01	1.01145439e+00
2302            	-2.37811712e-01	5.10640767e-03	3.22218444e-01	2.39428559e-01	1.01142468e+00
2303            	-2.37813545e-01	5.10715253e-03	3.22216529e-01	2.39421542e-01	1.01139547e+00
2304            	-2.37815056e-01	5.10790056e-03	3.22214112e-01	2.39415379e-01	1.01136989e+00
2305            	-2.37816081e-01	5.10867462e-03	3.22210800e-01	2.39410395e-01	1.01134931e+00
2306            	-2.37816518e-01	5.10950151e-03	3.22206274e-01	2.39407168e-01	1.01133618e+00
2307            	-2.37816426e-01	5.11045297e-03	3.22200165e-01	2.39405374e-01	1.01132916e+00
2308            	-2.37815848e-01	5.11154706e-03	3.22192428e-01	2.39405045e-01	1.01132837e+00
2309            	-2.37814944e-01	5.11268270e-03	3.22183938e-01	2.39406140e-01	1.01133358e+00
2310            	-2.37813851e-01	5.11370395e-03	3.22175884e-01	2.39408935e-01	1.01134589e+00
2311            	-2.37812727e-01	5.11448948e-03	3.22169265e-01	2.39413252e-01	1.01136446e+00
2312            	-2.37811667e-01	5.11494164e-03	3.22164841e-01	2.39419005e-01	1.01138890e+00
2313            	-2.37810866e-01	5.11491802e-03	3.22163796e-01	2.39425893e-01	1.01141785e+00
2314            	-2.37810425e-01	5.11434647e-03	3.22166733e-01	2.39433446e-01	1.01144932e+00
2315            	-2.37810323e-01	5.11322179e-03	3.22173652e-01	2.39441057e-01	1.01148073e+00
2316            	-2.37810364e-01	5.11161755e-03	3.22183795e-01	2.39448684e-01	1.01151199e+00
2317            	-2.37810333e-01	5.10973970e-03	3.22195545e-01	2.39455641e-01	1.01154031e+00
2318            	-2.37810088e-01	5.10778908e-03	3.22207427e-01	2.39461621e-01	1.01156451e+00
2319            	-2.37809590e-01	5.10598511e-03	3.22218000e-01	2.39465955e-01	1.01158187e+00
2320            	-2.37808897e-01	5.10447174e-03	3.22226451e-01	2.39468641e-01	1.01159247e+00
2321            	-2.37808136e-01	5.10336922e-03	3.22232214e-01	2.39469347e-01	1.01159493e+00
2322            	-2.37807393e-01	5.10270168e-03	3.22235270e-01	2.39468536e-01	1.01159123e+00
2323            	-2.37806751e-01	5.10246676e-03	3.22235763e-01	2.39466329e-01	1.01158186e+00
2324            	-2.37806335e-01	5.10261553e-03	3.22234189e-01	2.39462820e-01	1.01156719e+00
2325            	-2.37806330e-01	5.10307859e-03	3.22231263e-01	2.39457805e-01	1.01154631e+00
2326            	-2.37806794e-01	5.10379382e-03	3.22227463e-01	2.39451618e-01	1.01152061e+00
2327            	-2.37807794e-01	5.10464561e-03	3.22223614e-01	2.39444526e-01	1.01149114e+00
2328            	-2.37809296e-01	5.10548686e-03	3.22220591e-01	2.39437192e-01	1.01146063e+00
2329            	-2.37811130e-01	5.10626024e-03	3.22218497e-01	2.39429888e-01	1.01143021e+00
2330            	-2.37812981e-01	5.10701357e-03	3.22216556e-01	2.39422824e-01	1.01140081e+00
2331            	-2.37814571e-01	5.10777335e-03	3.22214186e-01	2.39416374e-01	1.01137402e+00
2332            	-2.37815684e-01	5.10856507e-03	3.22210898e-01	2.39411128e-01	1.01135234e+00
2333            	-2.37816250e-01	5.10941472e-03	3.22206422e-01	2.39407367e-01	1.01133698e+00
2334            	-2.37816266e-01	5.11036720e-03	3.22200471e-01	2.39405366e-01	1.01132909e+00
2335            	-2.37815813e-01	5.11145462e-03	3.22192964e-01	2.39404770e-01	1.01132716e+00
2336            	-2.37814994e-01	5.11260332e-03	3.22184520e-01	2.39405694e-01	1.01133167e+00
2337            	-2.37813980e-01	5.11366778e-03	3.22176312e-01	2.39408104e-01	1.01134238e+00
2338            	-2.37812883e-01	5.11451664e-03	3.22169336e-01	2.39412162e-01	1.01135990e+00
2339            	-2.37811836e-01	5.11505127e-03	3.22164411e-01	2.39417572e-01	1.01138293e+00
2340            	-2.37810984e-01	5.11512913e-03	3.22162651e-01	2.39424376e-01	1.01141159e+00
2341            	-2.37810500e-01	5.11465856e-03	3.22164888e-01	2.39431894e-01	1.01144295e+00
2342            	-2.37810358e-01	5.11362013e-03	3.22171205e-01	2.39439706e-01	1.01147526e+00
2343            	-2.37810412e-01	5.11206450e-03	3.22181063e-01	2.39447483e-01	1.01150716e+00
2344            	-2.37810423e-01	5.11017558e-03	3.22192945e-01	2.39454836e-01	1.01153714e+00
2345            	-2.37810255e-01	5.10817128e-03	3.22205279e-01	2.39461107e-01	1.01156252e+00
2346            	-2.37809790e-01	5.10629629e-03	3.22216348e-01	2.39465797e-01	1.01158134e+00
2347            	-2.37809098e-01	5.10471952e-03	3.22225198e-01	2.39468515e-01	1.01159204e+00
2348            	-2.37808306e-01	5.10352004e-03	3.22231522e-01	2.39469593e-01	1.01159603e+00
2349            	-2.37807548e-01	5.10274266e-03	3.22235244e-01	2.39469028e-01	1.01159331e+00
2350            	-2.37806857e-01	5.10240576e-03	3.22236303e-01	2.39467127e-01	1.01158518e+00
2351            	-2.37806379e-01	5.10245773e-03	3.22235241e-01	2.39463836e-01	1.01157138e+00
2352            	-2.37806249e-01	5.10284506e-03	3.22232603e-01	2.39459154e-01	1.01155188e+00
2353            	-2.37806587e-01	5.10352981e-03	3.22228803e-01	2.39452956e-01	1.01152611e+00
2354            	-2.37807442e-01	5.10438392e-03	3.22224723e-01	2.39445891e-01	1.01149676e+00
2355            	-2.37808856e-01	5.10524033e-03	3.22221471e-01	2.39438434e-01	1.01146575e+00
2356            	-2.37810646e-01	5.10606174e-03	3.22219010e-01	2.39430872e-01	1.01143427e+00
2357            	-2.37812533e-01	5.10682077e-03	3.22217089e-01	2.39423662e-01	1.01140425e+00
2358            	-2.37814179e-01	5.10757935e-03	3.22214811e-01	2.39417178e-01	1.01137731e+00
2359            	-2.37815388e-01	5.10836069e-03	3.22211734e-01	2.39411780e-01	1.01135499e+00
2360            	-2.37816047e-01	5.10920462e-03	3.22207438e-01	2.39407841e-01	1.01133886e+00
2361            	-2.37816171e-01	5.11016875e-03	3.22201577e-01	2.39405349e-01	1.01132890e+00
2362            	-2.37815809e-01	5.11125938e-03	3.22194188e-01	2.39404492e-01	1.01132590e+00
2363            	-2.37815086e-01	5.11241609e-03	3.22185839e-01	2.39405107e-01	1.01132911e+00
2364            	-2.37814125e-01	5.11351442e-03	3.22177499e-01	2.39407323e-01	1.01133901e+00
2365            	-2.37813069e-01	5.11442055e-03	3.22170224e-01	2.39411048e-01	1.01135516e+00
2366            	-2.37812000e-01	5.11504615e-03	3.22164696e-01	2.39416259e-01	1.01137741e+00
2367            	-2.37811113e-01	5.11523412e-03	3.22162192e-01	2.39422840e-01	1.01140518e+00
2368            	-2.37810554e-01	5.11488482e-03	3.22163555e-01	2.39430426e-01	1.01143690e+00
2369            	-2.37810380e-01	5.11395731e-03	3.22169127e-01	2.39438297e-01	1.01146950e+00
2370            	-2.37810406e-01	5.11250998e-03	3.22178262e-01	2.39446158e-01	1.01150181e+00
2371            	-2.37810449e-01	5.11068107e-03	3.22189816e-01	2.39453581e-01	1.01153210e+00
2372            	-2.37810312e-01	5.10869949e-03	3.22202053e-01	2.39460087e-01	1.01155849e+00
2373            	-2.37809931e-01	5.10678049e-03	3.22213525e-01	2.39465152e-01	1.01157885e+00
2374            	-2.37809293e-01	5.10512121e-03	3.22222974e-01	2.39468424e-01	1.01159184e+00
2375            	-2.37808535e-01	5.10382597e-03	3.22229951e-01	2.39469808e-01	1.01159706e+00
2376            	-2.37807763e-01	5.10293977e-03	3.22234334e-01	2.39469630e-01	1.01159592e+00
2377            	-2.37807057e-01	5.10249609e-03	3.22236038e-01	2.39467869e-01	1.01158833e+00
2378            	-2.37806503e-01	5.10245944e-03	3.22235418e-01	2.39464791e-01	1.01157539e+00
2379            	-2.37806267e-01	5.10277351e-03	3.22233077e-01	2.39460250e-01	1.01155645e+00
2380            	-2.37806462e-01	5.10340007e-03	3.22229427e-01	2.39454315e-01	1.01153177e+00
2381            	-2.37807190e-01	5.10423454e-03	3.22225277e-01	2.39447220e-01	1.01150229e+00
2382            	-2.37808472e-01	5.10509903e-03	3.22221776e-01	2.39439744e-01	1.01147121e+00
2383            	-2.37810200e-01	5.10591345e-03	3.22219264e-01	2.39432117e-01	1.01143945e+00
2384            	-2.37812066e-01	5.10667102e-03	3.22217321e-01	2.39424842e-01	1.01140916e+00
2385            	-2.37813763e-01	5.10743382e-03	3.22215092e-01	2.39418033e-01	1.01138085e+00
2386            	-2.37815032e-01	5.10822725e-03	3.22212030e-01	2.39412365e-01	1.01135739e+00
2387            	-2.37815792e-01	5.10906641e-03	3.22207915e-01	2.39408096e-01	1.01133987e+00
2388            	-2.37816005e-01	5.11001904e-03	3.22202264e-01	2.39405386e-01	1.01132899e+00
2389            	-2.37815748e-01	5.11109393e-03	3.22195133e-01	2.39404226e-01	1.01132470e+00
2390            	-2.37815072e-01	5.11225669e-03	3.22186819e-01	2.39404625e-01	1.01132701e+00
2391            	-2.37814150e-01	5.11337668e-03	3.22178403e-01	2.39406559e-01	1.01133574e+00
2392            	-2.37813076e-01	5.11432994e-03	3.22170808e-01	2.39410186e-01	1.01135151e+00
2393            	-2.37812001e-01	5.11501850e-03	3.22164876e-01	2.39415204e-01	1.01137298e+00
2394            	-2.37811072e-01	5.11530538e-03	3.22161688e-01	2.39421618e-01	1.01140010e+00
2395            	-2.37810468e-01	5.11506705e-03	3.22162287e-01	2.39429010e-01	1.01143105e+00
2396            	-2.37810222e-01	5.11425236e-03	3.22167045e-01	2.39436949e-01	1.01146401e+00
2397            	-2.37810210e-01	5.11291037e-03	3.22175461e-01	2.39444845e-01	1.01149651e+00
2398            	-2.37810230e-01	5.11115010e-03	3.22186552e-01	2.39452570e-01	1.01152810e+00
2399            	-2.37810130e-01	5.10919865e-03	3.22198656e-01	2.39459259e-01	1.01155526e+00
2400            	-2.37809793e-01	5.10727433e-03	3.22210228e-01	2.39464654e-01	1.01157701e+00
2401            	-2.37809225e-01	5.10555817e-03	3.22220140e-01	2.39468344e-01	1.01159171e+00
2402            	-2.37808503e-01	5.10418917e-03	3.22227634e-01	2.39470166e-01	1.01159874e+00
2403            	-2.37807772e-01	5.10321402e-03	3.22232636e-01	2.39470184e-01	1.01159837e+00
2404            	-2.37807073e-01	5.10267194e-03	3.22234966e-01	2.39468687e-01	1.01159185e+00
2405            	-2.37806507e-01	5.10255079e-03	3.22234856e-01	2.39465713e-01	1.01157930e+00
2406            	-2.37806194e-01	5.10278815e-03	3.22232880e-01	2.39461478e-01	1.01156162e+00
2407            	-2.37806314e-01	5.10333875e-03	3.22229591e-01	2.39455747e-01	1.01153777e+00
2408            	-2.37806926e-01	5.10413087e-03	3.22225532e-01	2.39448826e-01	1.01150900e+00
2409            	-2.37808119e-01	5.10498025e-03	3.22221990e-01	2.39441233e-01	1.01147742e+00
2410            	-2.37809785e-01	5.10579248e-03	3.22219397e-01	2.39433493e-01	1.01144519e+00
2411            	-2.37811675e-01	5.10655107e-03	3.22217480e-01	2.39425843e-01	1.01141331e+00
2412            	-2.37813420e-01	5.10730260e-03	3.22215394e-01	2.39418846e-01	1.01138421e+00
2413            	-2.37814786e-01	5.10808014e-03	3.22212577e-01	2.39412838e-01	1.01135930e+00
2414            	-2.37815637e-01	5.10890762e-03	3.22208674e-01	2.39408313e-01	1.01134070e+00
2415            	-2.37815960e-01	5.10984265e-03	3.22203297e-01	2.39405223e-01	1.01132821e+00
2416            	-2.37815781e-01	5.11091268e-03	3.22196315e-01	2.39403740e-01	1.01132256e+00
2417            	-2.37815213e-01	5.11206594e-03	3.22188222e-01	2.39403833e-01	1.01132357e+00
2418            	-2.37814351e-01	5.11319672e-03	3.22179830e-01	2.39405563e-01	1.01133146e+00
2419            	-2.37813317e-01	5.11418293e-03	3.22172087e-01	2.39408882e-01	1.01134595e+00
2420            	-2.37812224e-01	5.11493461e-03	3.22165731e-01	2.39413707e-01	1.01136664e+00
2421            	-2.37811260e-01	5.11531405e-03	3.22161911e-01	2.39419849e-01	1.01139267e+00
2422            	-2.37810574e-01	5.11518454e-03	3.22161706e-01	2.39427221e-01	1.01142360e+00
2423            	-2.37810259e-01	5.11447453e-03	3.22165704e-01	2.39435205e-01	1.01145679e+00
2424            	-2.37810180e-01	5.11322272e-03	3.22173457e-01	2.39443369e-01	1.01149047e+00
2425            	-2.37810199e-01	5.11150195e-03	3.22184299e-01	2.39451405e-01	1.01152338e+00
2426            	-2.37810120e-01	5.10953132e-03	3.22196559e-01	2.39458678e-01	1.01155299e+00
2427            	-2.37809823e-01	5.10758719e-03	3.22208318e-01	2.39464256e-01	1.01157549e+00
2428            	-2.37809268e-01	5.10582480e-03	3.22218541e-01	2.39468315e-01	1.01159172e+00
2429            	-2.37808553e-01	5.10439855e-03	3.22226406e-01	2.39470413e-01	1.01159987e+00
2430            	-2.37807790e-01	5.10336724e-03	3.22231713e-01	2.39470789e-01	1.01160099e+00
2431            	-2.37807088e-01	5.10275063e-03	3.22234506e-01	2.39469544e-01	1.01159548e+00
2432            	-2.37806488e-01	5.10255410e-03	3.22234818e-01	2.39466909e-01	1.01158433e+00
2433            	-2.37806146e-01	5.10272796e-03	3.22233195e-01	2.39462808e-01	1.01156718e+00
2434            	-2.37806193e-01	5.10321255e-03	3.22230210e-01	2.39457392e-01	1.01154462e+00
2435            	-2.37806727e-01	5.10395468e-03	3.22226343e-01	2.39450618e-01	1.01151645e+00
2436            	-2.37807807e-01	5.10479942e-03	3.22222659e-01	2.39443114e-01	1.01148525e+00
2437            	-2.37809417e-01	5.10562372e-03	3.22219904e-01	2.39435206e-01	1.01145231e+00
2438            	-2.37811300e-01	5.10640385e-03	3.22217840e-01	2.39427343e-01	1.01141955e+00
2439            	-2.37813123e-01	5.10715666e-03	3.22215861e-01	2.39420019e-01	1.01138906e+00
2440            	-2.37814589e-01	5.10792079e-03	3.22213278e-01	2.39413771e-01	1.01136314e+00
2441            	-2.37815572e-01	5.10872198e-03	3.22209736e-01	2.39408887e-01	1.01134301e+00
2442            	-2.37816005e-01	5.10961719e-03	3.22204774e-01	2.39405576e-01	1.01132956e+00
2443            	-2.37815954e-01	5.11064433e-03	3.22198254e-01	2.39403684e-01	1.01132216e+00
2444            	-2.37815455e-01	5.11178670e-03	3.22190333e-01	2.39403408e-01	1.01132163e+00
2445            	-2.37814665e-01	5.11292788e-03	3.22181981e-01	2.39404688e-01	1.01132763e+00
2446            	-2.37813667e-01	5.11393974e-03	3.22174132e-01	2.39407754e-01	1.01134107e+00
2447            	-2.37812606e-01	5.11472932e-03	3.22167586e-01	2.39412269e-01	1.01136048e+00
2448            	-2.37811613e-01	5.11517673e-03	3.22163295e-01	2.39418216e-01	1.01138573e+00
2449            	-2.37810879e-01	5.11514055e-03	3.22162430e-01	2.39425331e-01	1.01141563e+00
2450            	-2.37810475e-01	5.11453752e-03	3.22165624e-01	2.39433333e-01	1.01144896e+00
2451            	-2.37810346e-01	5.11337857e-03	3.22172720e-01	2.39441558e-01	1.01148293e+00
2452            	-2.37810319e-01	5.11172342e-03	3.22183085e-01	2.39449941e-01	1.01151734e+00
2453            	-2.37810231e-01	5.10979882e-03	3.22195044e-01	2.39457431e-01	1.01154787e+00
2454            	-2.37809968e-01	5.10780893e-03	3.22207143e-01	2.39463701e-01	1.01157325e+00
2455            	-2.37809435e-01	5.10601874e-03	3.22217576e-01	2.39467972e-01	1.01159035e+00
2456            	-2.37808702e-01	5.10453641e-03	3.22225769e-01	2.39470509e-01	1.01160033e+00
2457            	-2.37807922e-01	5.10343270e-03	3.22231508e-01	2.39471249e-01	1.01160293e+00
2458            	-2.37807181e-01	5.10273821e-03	3.22234733e-01	2.39470418e-01	1.01159914e+00
2459            	-2.37806545e-01	5.10246802e-03	3.22235453e-01	2.39468010e-01	1.01158891e+00
2460            	-2.37806125e-01	5.10258013e-03	3.22234100e-01	2.39464219e-01	1.01157304e+00
2461            	-2.37806090e-01	5.10300851e-03	3.22231344e-01	2.39459015e-01	1.01155135e+00
2462            	-2.37806497e-01	5.10371493e-03	3.22227511e-01	2.39452573e-01	1.01152457e+00
2463            	-2.37807456e-01	5.10456099e-03	3.22223634e-01	2.39445147e-01	1.01149369e+00
2464            	-2.37808952e-01	5.10541251e-03	3.22220535e-01	2.39437285e-01	1.01146096e+00
2465            	-2.37810814e-01	5.10622002e-03	3.22218266e-01	2.39429247e-01	1.01142747e+00
2466            	-2.37812689e-01	5.10699601e-03	3.22216219e-01	2.39421669e-01	1.01139592e+00
2467            	-2.37814271e-01	5.10777744e-03	3.22213699e-01	2.39414967e-01	1.01136809e+00
2468            	-2.37815358e-01	5.10859608e-03	3.22210204e-01	2.39409726e-01	1.01134647e+00
2469            	-2.37815929e-01	5.10948029e-03	3.22205518e-01	2.39405986e-01	1.01133121e+00
2470            	-2.37815998e-01	5.11047496e-03	3.22199383e-01	2.39403886e-01	1.01132292e+00
2471            	-2.37815636e-01	5.11158512e-03	3.22191869e-01	2.39403268e-01	1.01132092e+00
2472            	-2.37814935e-01	5.11271855e-03	3.22183699e-01	2.39404275e-01	1.01132577e+00
2473            	-2.37814025e-01	5.11374206e-03	3.22175905e-01	2.39406874e-01	1.01133726e+00
2474            	-2.37812996e-01	5.11455855e-03	3.22169238e-01	2.39411084e-01	1.01135541e+00
2475            	-2.37812001e-01	5.11506662e-03	3.22164562e-01	2.39416598e-01	1.01137887e+00
2476            	-2.37811201e-01	5.11512295e-03	3.22163018e-01	2.39423470e-01	1.01140780e+00
2477            	-2.37810741e-01	5.11462478e-03	3.22165467e-01	2.39431240e-01	1.01144020e+00
2478            	-2.37810547e-01	5.11356374e-03	3.22171852e-01	2.39439546e-01	1.01147457e+00
2479            	-2.37810481e-01	5.11201062e-03	3.22181517e-01	2.39447846e-01	1.01150868e+00
2480            	-2.37810364e-01	5.11013177e-03	3.22193146e-01	2.39455690e-01	1.01154072e+00
2481            	-2.37810110e-01	5.10814795e-03	3.22205224e-01	2.39462258e-01	1.01156735e+00
2482            	-2.37809589e-01	5.10631840e-03	3.22215924e-01	2.39467046e-01	1.01158660e+00
2483            	-2.37808873e-01	5.10477769e-03	3.22224510e-01	2.39469940e-01	1.01159804e+00
2484            	-2.37808073e-01	5.10359601e-03	3.22230710e-01	2.39471229e-01	1.01160293e+00
2485            	-2.37807314e-01	5.10281649e-03	3.22234444e-01	2.39470762e-01	1.01160061e+00
2486            	-2.37806617e-01	5.10246144e-03	3.22235606e-01	2.39468811e-01	1.01159227e+00
2487            	-2.37806125e-01	5.10249674e-03	3.22234629e-01	2.39465300e-01	1.01157753e+00
2488            	-2.37805968e-01	5.10286671e-03	3.22232056e-01	2.39460427e-01	1.01155722e+00
2489            	-2.37806252e-01	5.10352599e-03	3.22228334e-01	2.39454211e-01	1.01153137e+00
2490            	-2.37807052e-01	5.10435778e-03	3.22224310e-01	2.39447062e-01	1.01150166e+00
2491            	-2.37808427e-01	5.10522424e-03	3.22220936e-01	2.39439193e-01	1.01146891e+00
2492            	-2.37810208e-01	5.10606826e-03	3.22218315e-01	2.39431080e-01	1.01143513e+00
2493            	-2.37812110e-01	5.10689028e-03	3.22216019e-01	2.39423073e-01	1.01140179e+00
2494            	-2.37813752e-01	5.10770054e-03	3.22213408e-01	2.39416140e-01	1.01137300e+00
2495            	-2.37814949e-01	5.10852914e-03	3.22210016e-01	2.39410562e-01	1.01134995e+00
2496            	-2.37815620e-01	5.10942132e-03	3.22205431e-01	2.39406600e-01	1.01133376e+00
2497            	-2.37815816e-01	5.11040953e-03	3.22199527e-01	2.39404167e-01	1.01132406e+00
2498            	-2.37815564e-01	5.11151695e-03	3.22192195e-01	2.39403257e-01	1.01132083e+00
2499            	-2.37814978e-01	5.11266589e-03	3.22184100e-01	2.39403819e-01	1.01132382e+00
2500            	-2.37814159e-01	5.11372465e-03	3.22176221e-01	2.39406052e-01	1.01133379e+00
2501            	-2.37813220e-01	5.11458208e-03	3.22169427e-01	2.39409845e-01	1.01135020e+00
2502            	-2.37812235e-01	5.11515563e-03	3.22164353e-01	2.39415134e-01	1.01137275e+00
2503            	-2.37811417e-01	5.11529952e-03	3.22162231e-01	2.39421671e-01	1.01140032e+00
2504            	-2.37810892e-01	5.11490427e-03	3.22163936e-01	2.39429304e-01	1.01143221e+00
2505            	-2.37810677e-01	5.11393740e-03	3.22169697e-01	2.39437452e-01	1.01146596e+00
2506            	-2.37810592e-01	5.11245631e-03	3.22178881e-01	2.39445862e-01	1.01150056e+00
2507            	-2.37810487e-01	5.11060887e-03	3.22190332e-01	2.39453880e-01	1.01153335e+00
2508            	-2.37810218e-01	5.10860935e-03	3.22202487e-01	2.39460905e-01	1.01156190e+00
2509            	-2.37809756e-01	5.10669567e-03	3.22213804e-01	2.39466205e-01	1.01158325e+00
2510            	-2.37809045e-01	5.10508508e-03	3.22222838e-01	2.39469454e-01	1.01159615e+00
2511            	-2.37808220e-01	5.10384254e-03	3.22229383e-01	2.39470852e-01	1.01160145e+00
2512            	-2.37807399e-01	5.10297948e-03	3.22233550e-01	2.39470831e-01	1.01160098e+00
2513            	-2.37806673e-01	5.10252330e-03	3.22235302e-01	2.39469246e-01	1.01159412e+00
2514            	-2.37806121e-01	5.10245890e-03	3.22234859e-01	2.39466194e-01	1.01158128e+00
2515            	-2.37805890e-01	5.10274356e-03	3.22232711e-01	2.39461565e-01	1.01156195e+00
2516            	-2.37806050e-01	5.10333139e-03	3.22229253e-01	2.39455701e-01	1.01153756e+00
2517            	-2.37806712e-01	5.10412704e-03	3.22225248e-01	2.39448736e-01	1.01150860e+00
2518            	-2.37807926e-01	5.10498810e-03	3.22221667e-01	2.39441097e-01	1.01147683e+00
2519            	-2.37809611e-01	5.10584722e-03	3.22218808e-01	2.39432925e-01	1.01144280e+00
2520            	-2.37811482e-01	5.10668531e-03	3.22216365e-01	2.39424844e-01	1.01140915e+00
2521            	-2.37813195e-01	5.10751200e-03	3.22213758e-01	2.39417522e-01	1.01137872e+00
2522            	-2.37814487e-01	5.10835227e-03	3.22210437e-01	2.39411617e-01	1.01135430e+00
2523            	-2.37815278e-01	5.10924267e-03	3.22206045e-01	2.39407250e-01	1.01133640e+00
2524            	-2.37815565e-01	5.11024392e-03	3.22200196e-01	2.39404453e-01	1.01132518e+00
2525            	-2.37815426e-01	5.11136240e-03	3.22192966e-01	2.39403148e-01	1.01132029e+00
2526            	-2.37814929e-01	5.11253527e-03	3.22184855e-01	2.39403487e-01	1.01132235e+00
2527            	-2.37814215e-01	5.11363219e-03	3.22176892e-01	2.39405365e-01	1.01133084e+00
2528            	-2.37813341e-01	5.11454089e-03	3.22169875e-01	2.39408909e-01	1.01134624e+00
2529            	-2.37812412e-01	5.11518544e-03	3.22164438e-01	2.39413832e-01	1.01136729e+00
2530            	-2.37811581e-01	5.11543674e-03	3.22161620e-01	2.39420119e-01	1.01139386e+00
2531            	-2.37811041e-01	5.11516319e-03	3.22162537e-01	2.39427451e-01	1.01142454e+00
2532            	-2.37810808e-01	5.11431277e-03	3.22167537e-01	2.39435528e-01	1.01145806e+00
2533            	-2.37810744e-01	5.11292125e-03	3.22176190e-01	2.39443927e-01	1.01149266e+00
2534            	-2.37810647e-01	5.11111273e-03	3.22187408e-01	2.39452318e-01	1.01152703e+00
2535            	-2.37810412e-01	5.10910699e-03	3.22199653e-01	2.39459677e-01	1.01155697e+00
2536            	-2.37809946e-01	5.10715770e-03	3.22211190e-01	2.39465386e-01	1.01158003e+00
2537            	-2.37809265e-01	5.10548535e-03	3.22220658e-01	2.39468881e-01	1.01159392e+00
2538            	-2.37808445e-01	5.10415822e-03	3.22227741e-01	2.39470676e-01	1.01160085e+00
2539            	-2.37807623e-01	5.10320246e-03	3.22232486e-01	2.39470899e-01	1.01160136e+00
2540            	-2.37806857e-01	5.10264444e-03	3.22234819e-01	2.39469701e-01	1.01159609e+00
2541            	-2.37806258e-01	5.10247168e-03	3.22234984e-01	2.39466952e-01	1.01158447e+00
2542            	-2.37805919e-01	5.10266150e-03	3.22233268e-01	2.39462711e-01	1.01156674e+00
2543            	-2.37805971e-01	5.10316815e-03	3.22230155e-01	2.39457043e-01	1.01154312e+00
2544            	-2.37806480e-01	5.10391790e-03	3.22226207e-01	2.39450322e-01	1.01151519e+00
2545            	-2.37807552e-01	5.10475794e-03	3.22222543e-01	2.39442781e-01	1.01148381e+00
2546            	-2.37809103e-01	5.10562422e-03	3.22219439e-01	2.39434684e-01	1.01145011e+00
2547            	-2.37810922e-01	5.10645575e-03	3.22216960e-01	2.39426566e-01	1.01141630e+00
2548            	-2.37812644e-01	5.10729903e-03	3.22214264e-01	2.39419000e-01	1.01138485e+00
2549            	-2.37814009e-01	5.10815858e-03	3.22210931e-01	2.39412617e-01	1.01135841e+00
2550            	-2.37814877e-01	5.10905301e-03	3.22206633e-01	2.39407963e-01	1.01133931e+00
2551            	-2.37815253e-01	5.11005347e-03	3.22200925e-01	2.39404820e-01	1.01132663e+00
2552            	-2.37815183e-01	5.11117051e-03	3.22193811e-01	2.39403282e-01	1.01132076e+00
2553            	-2.37814773e-01	5.11235429e-03	3.22185763e-01	2.39403231e-01	1.01132118e+00
2554            	-2.37814120e-01	5.11348018e-03	3.22177712e-01	2.39404850e-01	1.01132860e+00
2555            	-2.37813311e-01	5.11443843e-03	3.22170480e-01	2.39408017e-01	1.01134244e+00
2556            	-2.37812403e-01	5.11515739e-03	3.22164607e-01	2.39412699e-01	1.01136252e+00
2557            	-2.37811575e-01	5.11551526e-03	3.22161124e-01	2.39418667e-01	1.01138780e+00
2558            	-2.37810992e-01	5.11537148e-03	3.22161162e-01	2.39425848e-01	1.01141793e+00
2559            	-2.37810745e-01	5.11465180e-03	3.22165320e-01	2.39433729e-01	1.01145068e+00
2560            	-2.37810682e-01	5.11337150e-03	3.22173276e-01	2.39442168e-01	1.01148550e+00
2561            	-2.37810635e-01	5.11163029e-03	3.22184147e-01	2.39450684e-01	1.01152042e+00
2562            	-2.37810444e-01	5.10966175e-03	3.22196224e-01	2.39458360e-01	1.01155171e+00
2563            	-2.37810043e-01	5.10768964e-03	3.22208002e-01	2.39464434e-01	1.01157628e+00
2564            	-2.37809406e-01	5.10591428e-03	3.22218183e-01	2.39468697e-01	1.01159336e+00
2565            	-2.37808627e-01	5.10450123e-03	3.22225868e-01	2.39470782e-01	1.01160146e+00
2566            	-2.37807798e-01	5.10347361e-03	3.22231053e-01	2.39471267e-01	1.01160303e+00
2567            	-2.37807029e-01	5.10283024e-03	3.22233914e-01	2.39470257e-01	1.01159850e+00
2568            	-2.37806376e-01	5.10256374e-03	3.22234586e-01	2.39467881e-01	1.01158841e+00
2569            	-2.37805982e-01	5.10265102e-03	3.22233430e-01	2.39463907e-01	1.01157175e+00
2570            	-2.37805950e-01	5.10306092e-03	3.22230795e-01	2.39458527e-01	1.01154932e+00
2571            	-2.37806367e-01	5.10373994e-03	3.22227152e-01	2.39451874e-01	1.01152163e+00
2572            	-2.37807294e-01	5.10454213e-03	3.22223507e-01	2.39444530e-01	1.01149108e+00
2573            	-2.37808735e-01	5.10536976e-03	3.22220479e-01	2.39436575e-01	1.01145795e+00
2574            	-2.37810477e-01	5.10619912e-03	3.22217895e-01	2.39428380e-01	1.01142382e+00
2575            	-2.37812210e-01	5.10706330e-03	3.22215083e-01	2.39420316e-01	1.01139027e+00
2576            	-2.37813627e-01	5.10794192e-03	3.22211709e-01	2.39413480e-01	1.01136194e+00
2577            	-2.37814599e-01	5.10883149e-03	3.22207598e-01	2.39408387e-01	1.01134098e+00
2578            	-2.37815055e-01	5.10981018e-03	3.22202148e-01	2.39405039e-01	1.01132743e+00
2579            	-2.37815070e-01	5.11092282e-03	3.22195192e-01	2.39403121e-01	1.01131996e+00
2580            	-2.37814711e-01	5.11211244e-03	3.22187185e-01	2.39402855e-01	1.01131948e+00
2581            	-2.37814113e-01	5.11326597e-03	3.22179046e-01	2.39404122e-01	1.01132543e+00
2582            	-2.37813326e-01	5.11427059e-03	3.22171558e-01	2.39407098e-01	1.01133849e+00
2583            	-2.37812460e-01	5.11504993e-03	3.22165368e-01	2.39411453e-01	1.01135723e+00
2584            	-2.37811623e-01	5.11549458e-03	3.22161328e-01	2.39417226e-01	1.01138174e+00
2585            	-2.37811011e-01	5.11546855e-03	3.22160583e-01	2.39424107e-01	1.01141066e+00
2586            	-2.37810708e-01	5.11487940e-03	3.22163840e-01	2.39431875e-01	1.01144301e+00
2587            	-2.37810643e-01	5.11370603e-03	3.22171122e-01	2.39440249e-01	1.01147760e+00
2588            	-2.37810608e-01	5.11205712e-03	3.22181433e-01	2.39448891e-01	1.01151310e+00
2589            	-2.37810457e-01	5.11013555e-03	3.22193277e-01	2.39456824e-01	1.01154549e+00
2590            	-2.37810081e-01	5.10816049e-03	3.22205113e-01	2.39463474e-01	1.01157248e+00
2591            	-2.37809470e-01	5.10636191e-03	3.22215480e-01	2.39468114e-01	1.01159112e+00
2592            	-2.37808691e-01	5.10491087e-03	3.22223404e-01	2.39470607e-01	1.01160092e+00
2593            	-2.37807889e-01	5.10382464e-03	3.22228997e-01	2.39471367e-01	1.01160361e+00
2594            	-2.37807129e-01	5.10310816e-03	3.22232330e-01	2.39470763e-01	1.01160075e+00
2595            	-2.37806482e-01	5.10276695e-03	3.22233478e-01	2.39468638e-01	1.01159168e+00
2596            	-2.37806048e-01	5.10276827e-03	3.22232799e-01	2.39465074e-01	1.01157671e+00
2597            	-2.37805966e-01	5.10309162e-03	3.22230632e-01	2.39459922e-01	1.01155519e+00
2598            	-2.37806281e-01	5.10370725e-03	3.22227230e-01	2.39453514e-01	1.01152851e+00
2599            	-2.37807092e-01	5.10446960e-03	3.22223658e-01	2.39446265e-01	1.01149834e+00
2600            	-2.37808406e-01	5.10527644e-03	3.22220567e-01	2.39438455e-01	1.01146583e+00
2601            	-2.37810088e-01	5.10609465e-03	3.22217962e-01	2.39430135e-01	1.01143116e+00
2602            	-2.37811812e-01	5.10695476e-03	3.22215161e-01	2.39421848e-01	1.01139667e+00
2603            	-2.37813300e-01	5.10782696e-03	3.22211932e-01	2.39414520e-01	1.01136626e+00
2604            	-2.37814338e-01	5.10870764e-03	3.22207976e-01	2.39409033e-01	1.01134363e+00
2605            	-2.37814883e-01	5.10965558e-03	3.22202854e-01	2.39405268e-01	1.01132831e+00
2606            	-2.37814957e-01	5.11074229e-03	3.22196150e-01	2.39403067e-01	1.01131964e+00
2607            	-2.37814638e-01	5.11194659e-03	3.22188112e-01	2.39402331e-01	1.01131719e+00
2608            	-2.37814059e-01	5.11313331e-03	3.22179793e-01	2.39403293e-01	1.01132188e+00
2609            	-2.37813325e-01	5.11417154e-03	3.22172174e-01	2.39405922e-01	1.01133350e+00
2610            	-2.37812496e-01	5.11499214e-03	3.22165781e-01	2.39410085e-01	1.01135145e+00
2611            	-2.37811678e-01	5.11550177e-03	3.22161362e-01	2.39415544e-01	1.01137468e+00
2612            	-2.37811011e-01	5.11557661e-03	3.22159902e-01	2.39422275e-01	1.01140303e+00
2613            	-2.37810654e-01	5.11509040e-03	3.22162433e-01	2.39429979e-01	1.01143516e+00
2614            	-2.37810539e-01	5.11402702e-03	3.22168951e-01	2.39438391e-01	1.01146997e+00
2615            	-2.37810508e-01	5.11244592e-03	3.22178844e-01	2.39447126e-01	1.01150589e+00
2616            	-2.37810349e-01	5.11055821e-03	3.22190467e-01	2.39455441e-01	1.01153991e+00
2617            	-2.37810000e-01	5.10858749e-03	3.22202320e-01	2.39462403e-01	1.01156820e+00
2618            	-2.37809401e-01	5.10676298e-03	3.22212870e-01	2.39467528e-01	1.01158887e+00
2619            	-2.37808637e-01	5.10525058e-03	3.22221204e-01	2.39470437e-01	1.01160037e+00
2620            	-2.37807821e-01	5.10410868e-03	3.22227126e-01	2.39471597e-01	1.01160472e+00
2621            	-2.37807072e-01	5.10332982e-03	3.22230868e-01	2.39471265e-01	1.01160297e+00
2622            	-2.37806404e-01	5.10292160e-03	3.22232404e-01	2.39469591e-01	1.01159576e+00
2623            	-2.37805950e-01	5.10285396e-03	3.22232126e-01	2.39466318e-01	1.01158197e+00
2624            	-2.37805812e-01	5.10310101e-03	3.22230353e-01	2.39461561e-01	1.01156209e+00
2625            	-2.37806078e-01	5.10364623e-03	3.22227317e-01	2.39455342e-01	1.01153617e+00
2626            	-2.37806802e-01	5.10437063e-03	3.22223851e-01	2.39448290e-01	1.01150682e+00
2627            	-2.37808043e-01	5.10515145e-03	3.22220810e-01	2.39440568e-01	1.01147466e+00
2628            	-2.37809667e-01	5.10598388e-03	3.22218027e-01	2.39432139e-01	1.01143954e+00
2629            	-2.37811418e-01	5.10684643e-03	3.22215248e-01	2.39423568e-01	1.01140385e+00
2630            	-2.37812970e-01	5.10771164e-03	3.22212157e-01	2.39415989e-01	1.01137238e+00
2631            	-2.37814125e-01	5.10857057e-03	3.22208512e-01	2.39410051e-01	1.01134783e+00
2632            	-2.37814771e-01	5.10948382e-03	3.22203760e-01	2.39405946e-01	1.01133106e+00
2633            	-2.37814950e-01	5.11052993e-03	3.22197469e-01	2.39403294e-01	1.01132047e+00
2634            	-2.37814696e-01	5.11171904e-03	3.22189625e-01	2.39402163e-01	1.01131636e+00
2635            	-2.37814164e-01	5.11292052e-03	3.22181282e-01	2.39402631e-01	1.01131898e+00
2636            	-2.37813469e-01	5.11399892e-03	3.22173468e-01	2.39404876e-01	1.01132900e+00
2637            	-2.37812698e-01	5.11485838e-03	3.22166917e-01	2.39408668e-01	1.01134541e+00
2638            	-2.37811895e-01	5.11542489e-03	3.22162162e-01	2.39413897e-01	1.01136772e+00
2639            	-2.37811218e-01	5.11557569e-03	3.22160210e-01	2.39420334e-01	1.01139486e+00
2640            	-2.37810784e-01	5.11519846e-03	3.22161942e-01	2.39427916e-01	1.01142655e+00
2641            	-2.37810636e-01	5.11424568e-03	3.22167715e-01	2.39436151e-01	1.01146067e+00
2642            	-2.37810585e-01	5.11275867e-03	3.22176989e-01	2.39444955e-01	1.01149693e+00
2643            	-2.37810446e-01	5.11092865e-03	3.22188283e-01	2.39453406e-01	1.01153154e+00
2644            	-2.37810102e-01	5.10896728e-03	3.22200086e-01	2.39460860e-01	1.01156191e+00
2645            	-2.37809526e-01	5.10710571e-03	3.22210907e-01	2.39466509e-01	1.01158475e+00
2646            	-2.37808753e-01	5.10551809e-03	3.22219704e-01	2.39470137e-01	1.01159925e+00
2647            	-2.37807940e-01	5.10429542e-03	3.22226140e-01	2.39471689e-01	1.01160519e+00
2648            	-2.37807157e-01	5.10344444e-03	3.22230286e-01	2.39471726e-01	1.01160496e+00
2649            	-2.37806457e-01	5.10296336e-03	3.22232232e-01	2.39470331e-01	1.01159888e+00
2650            	-2.37805924e-01	5.10283313e-03	3.22232229e-01	2.39467482e-01	1.01158686e+00
2651            	-2.37805717e-01	5.10300508e-03	3.22230823e-01	2.39463082e-01	1.01156844e+00
2652            	-2.37805881e-01	5.10349223e-03	3.22227997e-01	2.39457231e-01	1.01154405e+00
2653            	-2.37806511e-01	5.10418834e-03	3.22224566e-01	2.39450298e-01	1.01151518e+00
2654            	-2.37807647e-01	5.10497723e-03	3.22221316e-01	2.39442641e-01	1.01148330e+00
2655            	-2.37809206e-01	5.10579587e-03	3.22218519e-01	2.39434378e-01	1.01144887e+00
2656            	-2.37810944e-01	5.10663792e-03	3.22215849e-01	2.39425957e-01	1.01141381e+00
2657            	-2.37812562e-01	5.10750890e-03	3.22212820e-01	2.39417995e-01	1.01138071e+00
2658            	-2.37813804e-01	5.10839777e-03	3.22209116e-01	2.39411480e-01	1.01135375e+00
2659            	-2.37814576e-01	5.10932405e-03	3.22204470e-01	2.39406711e-01	1.01133418e+00
2660            	-2.37814860e-01	5.11035774e-03	3.22198414e-01	2.39403709e-01	1.01132212e+00
2661            	-2.37814725e-01	5.11152525e-03	3.22190884e-01	2.39402197e-01	1.01131639e+00
2662            	-2.37814273e-01	5.11273214e-03	3.22182627e-01	2.39402356e-01	1.01131771e+00
2663            	-2.37813657e-01	5.11383315e-03	3.22174789e-01	2.39404150e-01	1.01132585e+00
2664            	-2.37812931e-01	5.11472780e-03	3.22168084e-01	2.39407627e-01	1.01134096e+00
2665            	-2.37812166e-01	5.11534839e-03	3.22163044e-01	2.39412439e-01	1.01136153e+00
2666            	-2.37811469e-01	5.11558691e-03	3.22160509e-01	2.39418541e-01	1.01138733e+00
2667            	-2.37811006e-01	5.11530934e-03	3.22161570e-01	2.39425805e-01	1.01141773e+00
2668            	-2.37810813e-01	5.11446537e-03	3.22166593e-01	2.39433930e-01	1.01145145e+00
2669            	-2.37810764e-01	5.11307221e-03	3.22175281e-01	2.39442606e-01	1.01148721e+00
2670            	-2.37810633e-01	5.11129823e-03	3.22186235e-01	2.39451230e-01	1.01152258e+00
2671            	-2.37810316e-01	5.10934401e-03	3.22198035e-01	2.39458971e-01	1.01155415e+00
2672            	-2.37809744e-01	5.10744716e-03	3.22209087e-01	2.39465190e-01	1.01157938e+00
2673            	-2.37808980e-01	5.10579337e-03	3.22218314e-01	2.39469318e-01	1.01159593e+00
2674            	-2.37808124e-01	5.10447846e-03	3.22225269e-01	2.39471527e-01	1.01160460e+00
2675            	-2.37807308e-01	5.10354940e-03	3.22229856e-01	2.39471887e-01	1.01160568e+00
2676            	-2.37806557e-01	5.10300885e-03	3.22232100e-01	2.39470828e-01	1.01160100e+00
2677            	-2.37805972e-01	5.10281284e-03	3.22232433e-01	2.39468313e-01	1.01159034e+00
2678            	-2.37805659e-01	5.10292763e-03	3.22231226e-01	2.39464323e-01	1.01157362e+00
2679            	-2.37805735e-01	5.10332976e-03	3.22228804e-01	2.39458847e-01	1.01155077e+00
2680            	-2.37806250e-01	5.10396962e-03	3.22225553e-01	2.39452241e-01	1.01152327e+00
2681            	-2.37807284e-01	5.10472774e-03	3.22222343e-01	2.39444695e-01	1.01149183e+00
2682            	-2.37808737e-01	5.10553922e-03	3.22219432e-01	2.39436599e-01	1.01145811e+00
2683            	-2.37810429e-01	5.10639216e-03	3.22216623e-01	2.39428059e-01	1.01142254e+00
2684            	-2.37812044e-01	5.10728594e-03	3.22213447e-01	2.39419936e-01	1.01138877e+00
2685            	-2.37813366e-01	5.10819869e-03	3.22209712e-01	2.39412971e-01	1.01135991e+00
2686            	-2.37814242e-01	5.10913515e-03	3.22205159e-01	2.39407829e-01	1.01133878e+00
2687            	-2.37814652e-01	5.11016594e-03	3.22199311e-01	2.39404357e-01	1.01132473e+00
2688            	-2.37814622e-01	5.11132998e-03	3.22191960e-01	2.39402497e-01	1.01131754e+00
2689            	-2.37814263e-01	5.11256556e-03	3.22183663e-01	2.39402161e-01	1.01131679e+00
2690            	-2.37813702e-01	5.11371787e-03	3.22175583e-01	2.39403583e-01	1.01132339e+00
2691            	-2.37813049e-01	5.11466750e-03	3.22168640e-01	2.39406599e-01	1.01133659e+00
2692            	-2.37812326e-01	5.11535383e-03	3.22163250e-01	2.39411148e-01	1.01135610e+00
2693            	-2.37811670e-01	5.11567025e-03	3.22160286e-01	2.39416946e-01	1.01138065e+00
2694            	-2.37811200e-01	5.11548804e-03	3.22160736e-01	2.39424052e-01	1.01141045e+00
2695            	-2.37811000e-01	5.11474824e-03	3.22165093e-01	2.39431922e-01	1.01144315e+00
2696            	-2.37810947e-01	5.11345868e-03	3.22173123e-01	2.39440423e-01	1.01147823e+00
2697            	-2.37810861e-01	5.11174318e-03	3.22183777e-01	2.39448962e-01	1.01151326e+00
2698            	-2.37810572e-01	5.10980025e-03	3.22195551e-01	2.39456990e-01	1.01154606e+00
2699            	-2.37810041e-01	5.10786709e-03	3.22206892e-01	2.39463589e-01	1.01157285e+00
2700            	-2.37809261e-01	5.10615119e-03	3.22216488e-01	2.39468319e-01	1.01159191e+00
2701            	-2.37808377e-01	5.10476322e-03	3.22223860e-01	2.39470953e-01	1.01160233e+00
2702            	-2.37807503e-01	5.10375607e-03	3.22228851e-01	2.39471753e-01	1.01160522e+00
2703            	-2.37806713e-01	5.10311879e-03	3.22231645e-01	2.39471015e-01	1.01160183e+00
2704            	-2.37806050e-01	5.10285123e-03	3.22232309e-01	2.39468911e-01	1.01159287e+00
2705            	-2.37805654e-01	5.10290492e-03	3.22231361e-01	2.39465251e-01	1.01157751e+00
2706            	-2.37805626e-01	5.10324329e-03	3.22229182e-01	2.39460173e-01	1.01155632e+00
2707            	-2.37806034e-01	5.10382926e-03	3.22226109e-01	2.39453763e-01	1.01152961e+00
2708            	-2.37806924e-01	5.10455300e-03	3.22222900e-01	2.39446494e-01	1.01149934e+00
2709            	-2.37808283e-01	5.10535061e-03	3.22219935e-01	2.39438409e-01	1.01146565e+00
2710            	-2.37809891e-01	5.10618406e-03	3.22217123e-01	2.39430096e-01	1.01143103e+00
2711            	-2.37811498e-01	5.10706605e-03	3.22214009e-01	2.39421896e-01	1.01139692e+00
2712            	-2.37812845e-01	5.10798359e-03	3.22210283e-01	2.39414692e-01	1.01136706e+00
2713            	-2.37813808e-01	5.10892872e-03	3.22205808e-01	2.39409008e-01	1.01134364e+00
2714            	-2.37814295e-01	5.10996045e-03	3.22200070e-01	2.39405112e-01	1.01132781e+00
2715            	-2.37814364e-01	5.11111736e-03	3.22192915e-01	2.39402786e-01	1.01131864e+00
2716            	-2.37814060e-01	5.11237425e-03	3.22184568e-01	2.39402123e-01	1.01131654e+00
2717            	-2.37813564e-01	5.11358885e-03	3.22176194e-01	2.39403062e-01	1.01132113e+00
2718            	-2.37812941e-01	5.11461523e-03	3.22168815e-01	2.39405833e-01	1.01133334e+00
2719            	-2.37812284e-01	5.11537451e-03	3.22163064e-01	2.39410010e-01	1.01135131e+00
2720            	-2.37811660e-01	5.11577720e-03	3.22159605e-01	2.39415571e-01	1.01137492e+00
2721            	-2.37811228e-01	5.11570020e-03	3.22159449e-01	2.39422318e-01	1.01140326e+00
2722            	-2.37811047e-01	5.11504968e-03	3.22163273e-01	2.39430214e-01	1.01143612e+00
2723            	-2.37811038e-01	5.11384924e-03	3.22170809e-01	2.39438588e-01	1.01147071e+00
2724            	-2.37810993e-01	5.11220808e-03	3.22181057e-01	2.39447107e-01	1.01150570e+00
2725            	-2.37810776e-01	5.11030012e-03	3.22192718e-01	2.39455120e-01	1.01153844e+00
2726            	-2.37810293e-01	5.10835331e-03	3.22204218e-01	2.39462075e-01	1.01156672e+00
2727            	-2.37809551e-01	5.10658973e-03	3.22214170e-01	2.39467161e-01	1.01158725e+00
2728            	-2.37808658e-01	5.10512606e-03	3.22222005e-01	2.39470347e-01	1.01159995e+00
2729            	-2.37807778e-01	5.10401362e-03	3.22227648e-01	2.39471598e-01	1.01160469e+00
2730            	-2.37806962e-01	5.10327549e-03	3.22231035e-01	2.39471262e-01	1.01160294e+00
2731            	-2.37806269e-01	5.10292419e-03	3.22232179e-01	2.39469358e-01	1.01159478e+00
2732            	-2.37805787e-01	5.10290282e-03	3.22231573e-01	2.39466079e-01	1.01158099e+00
2733            	-2.37805668e-01	5.10316126e-03	3.22229758e-01	2.39461280e-01	1.01156093e+00
2734            	-2.37805955e-01	5.10366975e-03	3.22226988e-01	2.39455260e-01	1.01153583e+00
2735            	-2.37806724e-01	5.10434296e-03	3.22223914e-01	2.39448151e-01	1.01150621e+00
2736            	-2.37807962e-01	5.10511091e-03	3.22220952e-01	2.39440251e-01	1.01147330e+00
2737            	-2.37809516e-01	5.10590288e-03	3.22218320e-01	2.39432059e-01	1.01143916e+00
2738            	-2.37811093e-01	5.10675923e-03	3.22215320e-01	2.39423920e-01	1.01140530e+00
2739            	-2.37812462e-01	5.10766972e-03	3.22211672e-01	2.39416406e-01	1.01137412e+00
2740            	-2.37813453e-01	5.10862127e-03	3.22207200e-01	2.39410356e-01	1.01134916e+00
2741            	-2.37814010e-01	5.10964590e-03	3.22201615e-01	2.39405979e-01	1.01133129e+00
2742            	-2.37814140e-01	5.11078981e-03	3.22194635e-01	2.39403354e-01	1.01132087e+00
2743            	-2.37813907e-01	5.11204326e-03	3.22186419e-01	2.39402278e-01	1.01131702e+00
2744            	-2.37813436e-01	5.11329288e-03	3.22177865e-01	2.39402878e-01	1.01132021e+00
2745            	-2.37812849e-01	5.11438561e-03	3.22170123e-01	2.39405187e-01	1.01133051e+00
2746            	-2.37812215e-01	5.11522147e-03	3.22163927e-01	2.39409126e-01	1.01134753e+00
2747            	-2.37811630e-01	5.11571483e-03	3.22159957e-01	2.39414359e-01	1.01136980e+00
2748            	-2.37811188e-01	5.11576493e-03	3.22158987e-01	2.39420777e-01	1.01139682e+00
2749            	-2.37811006e-01	5.11525046e-03	3.22161956e-01	2.39428313e-01	1.01142823e+00
2750            	-2.37811001e-01	5.11417912e-03	3.22168687e-01	2.39436622e-01	1.01146262e+00
2751            	-2.37811027e-01	5.11263317e-03	3.22178443e-01	2.39445107e-01	1.01149750e+00
2752            	-2.37810882e-01	5.11078593e-03	3.22189831e-01	2.39453308e-01	1.01153106e+00
2753            	-2.37810501e-01	5.10884366e-03	3.22201456e-01	2.39460484e-01	1.01156027e+00
2754            	-2.37809825e-01	5.10703222e-03	3.22211809e-01	2.39466114e-01	1.01158306e+00
2755            	-2.37808972e-01	5.10550369e-03	3.22220112e-01	2.39469706e-01	1.01159743e+00
2756            	-2.37808071e-01	5.10432492e-03	3.22226140e-01	2.39471440e-01	1.01160417e+00
2757            	-2.37807247e-01	5.10351417e-03	3.22229970e-01	2.39471386e-01	1.01160356e+00
2758            	-2.37806508e-01	5.10307466e-03	3.22231597e-01	2.39469919e-01	1.01159720e+00
2759            	-2.37805983e-01	5.10297614e-03	3.22231409e-01	2.39466901e-01	1.01158447e+00
2760            	-2.37805784e-01	5.10316555e-03	3.22229904e-01	2.39462433e-01	1.01156577e+00
2761            	-2.37805998e-01	5.10360800e-03	3.22227437e-01	2.39456533e-01	1.01154115e+00
2762            	-2.37806655e-01	5.10422074e-03	3.22224572e-01	2.39449680e-01	1.01151259e+00
2763            	-2.37807795e-01	5.10491536e-03	3.22221923e-01	2.39442022e-01	1.01148066e+00
2764            	-2.37809261e-01	5.10566036e-03	3.22219452e-01	2.39433979e-01	1.01144713e+00
2765            	-2.37810811e-01	5.10648269e-03	3.22216625e-01	2.39425729e-01	1.01141278e+00
2766            	-2.37812174e-01	5.10737137e-03	3.22213104e-01	2.39418088e-01	1.01138105e+00
2767            	-2.37813203e-01	5.10831251e-03	3.22208754e-01	2.39411615e-01	1.01135429e+00
2768            	-2.37813800e-01	5.10933076e-03	3.22203269e-01	2.39406825e-01	1.01133469e+00
2769            	-2.37813997e-01	5.11045914e-03	3.22196489e-01	2.39403708e-01	1.01132219e+00
2770            	-2.37813806e-01	5.11170611e-03	3.22188378e-01	2.39402315e-01	1.01131700e+00
2771            	-2.37813368e-01	5.11297695e-03	3.22179744e-01	2.39402496e-01	1.01131845e+00
2772            	-2.37812784e-01	5.11412510e-03	3.22171660e-01	2.39404470e-01	1.01132737e+00
2773            	-2.37812175e-01	5.11503133e-03	3.22165060e-01	2.39408035e-01	1.01134284e+00
2774            	-2.37811581e-01	5.11560156e-03	3.22160595e-01	2.39413135e-01	1.01136460e+00
2775            	-2.37811137e-01	5.11574243e-03	3.22159054e-01	2.39419337e-01	1.01139075e+00
2776            	-2.37810921e-01	5.11535047e-03	3.22161203e-01	2.39426647e-01	1.01142129e+00
2777            	-2.37810929e-01	5.11439319e-03	3.22167239e-01	2.39434697e-01	1.01145464e+00
2778            	-2.37810970e-01	5.11295274e-03	3.22176357e-01	2.39443147e-01	1.01148943e+00
2779            	-2.37810888e-01	5.11118327e-03	3.22187351e-01	2.39451332e-01	1.01152295e+00
2780            	-2.37810559e-01	5.10926307e-03	3.22198918e-01	2.39458892e-01	1.01155379e+00
2781            	-2.37809955e-01	5.10742229e-03	3.22209565e-01	2.39464987e-01	1.01157852e+00
2782            	-2.37809132e-01	5.10585259e-03	3.22218172e-01	2.39469121e-01	1.01159514e+00
2783            	-2.37808248e-01	5.10462278e-03	3.22224548e-01	2.39471231e-01	1.01160343e+00
2784            	-2.37807410e-01	5.10375032e-03	3.22228744e-01	2.39471640e-01	1.01160474e+00
2785            	-2.37806679e-01	5.10324626e-03	3.22230786e-01	2.39470407e-01	1.01159932e+00
2786            	-2.37806124e-01	5.10307474e-03	3.22231008e-01	2.39467787e-01	1.01158823e+00
2787            	-2.37805884e-01	5.10319241e-03	3.22229892e-01	2.39463611e-01	1.01157072e+00
2788            	-2.37806015e-01	5.10357717e-03	3.22227661e-01	2.39458119e-01	1.01154780e+00
2789            	-2.37806603e-01	5.10414130e-03	3.22224993e-01	2.39451472e-01	1.01152008e+00
2790            	-2.37807657e-01	5.10480580e-03	3.22222403e-01	2.39443927e-01	1.01148862e+00
2791            	-2.37809078e-01	5.10550940e-03	3.22220121e-01	2.39435848e-01	1.01145492e+00
2792            	-2.37810614e-01	5.10625634e-03	3.22217746e-01	2.39427785e-01	1.01142132e+00
2793            	-2.37812013e-01	5.10708414e-03	3.22214659e-01	2.39420014e-01	1.01138900e+00
2794            	-2.37813066e-01	5.10799747e-03	3.22210518e-01	2.39413256e-01	1.01136104e+00
2795            	-2.37813716e-01	5.10899375e-03	3.22205251e-01	2.39407915e-01	1.01133910e+00
2796            	-2.37813947e-01	5.11010370e-03	3.22198637e-01	2.39404344e-01	1.01132468e+00
2797            	-2.37813814e-01	5.11133363e-03	3.22190720e-01	2.39402432e-01	1.01131730e+00
2798            	-2.37813402e-01	5.11260566e-03	3.22182117e-01	2.39402274e-01	1.01131732e+00
2799            	-2.37812857e-01	5.11377088e-03	3.22173985e-01	2.39403805e-01	1.01132438e+00
2800            	-2.37812246e-01	5.11471974e-03	3.22167114e-01	2.39407094e-01	1.01133873e+00
2801            	-2.37811656e-01	5.11537323e-03	3.22162133e-01	2.39411773e-01	1.01135875e+00
2802            	-2.37811170e-01	5.11562692e-03	3.22159821e-01	2.39417708e-01	1.01138385e+00
2803            	-2.37810924e-01	5.11535634e-03	3.22161165e-01	2.39424737e-01	1.01141327e+00
2804            	-2.37810915e-01	5.11451286e-03	3.22166461e-01	2.39432742e-01	1.01144649e+00
2805            	-2.37810987e-01	5.11316480e-03	3.22175047e-01	2.39441147e-01	1.01148113e+00
2806            	-2.37810938e-01	5.11146244e-03	3.22185673e-01	2.39449480e-01	1.01151531e+00
2807            	-2.37810677e-01	5.10958112e-03	3.22197100e-01	2.39457091e-01	1.01154638e+00
2808            	-2.37810121e-01	5.10773127e-03	3.22207880e-01	2.39463569e-01	1.01157271e+00
2809            	-2.37809325e-01	5.10612518e-03	3.22216759e-01	2.39468104e-01	1.01159100e+00
2810            	-2.37808412e-01	5.10484733e-03	3.22223395e-01	2.39470808e-01	1.01160177e+00
2811            	-2.37807546e-01	5.10391773e-03	3.22227909e-01	2.39471694e-01	1.01160505e+00
2812            	-2.37806775e-01	5.10335723e-03	3.22230247e-01	2.39470956e-01	1.01160169e+00
2813            	-2.37806194e-01	5.10313307e-03	3.22230759e-01	2.39468634e-01	1.01159182e+00
2814            	-2.37805890e-01	5.10319065e-03	3.22229923e-01	2.39464967e-01	1.01157643e+00
2815            	-2.37805960e-01	5.10350557e-03	3.22228037e-01	2.39459851e-01	1.01155504e+00
2816            	-2.37806452e-01	5.10404267e-03	3.22225392e-01	2.39453427e-01	1.01152825e+00
2817            	-2.37807429e-01	5.10468236e-03	3.22222839e-01	2.39446001e-01	1.01149728e+00
2818            	-2.37808787e-01	5.10538465e-03	3.22220469e-01	2.39437961e-01	1.01146375e+00
2819            	-2.37810332e-01	5.10612082e-03	3.22218171e-01	2.39429727e-01	1.01142942e+00
2820            	-2.37811755e-01	5.10691955e-03	3.22215301e-01	2.39421945e-01	1.01139705e+00
2821            	-2.37812881e-01	5.10779025e-03	3.22211537e-01	2.39414988e-01	1.01136821e+00
2822            	-2.37813595e-01	5.10874703e-03	3.22206613e-01	2.39409390e-01	1.01134516e+00
2823            	-2.37813904e-01	5.10982677e-03	3.22200306e-01	2.39405257e-01	1.01132836e+00
2824            	-2.37813831e-01	5.11103437e-03	3.22192619e-01	2.39402843e-01	1.01131886e+00
2825            	-2.37813473e-01	5.11230170e-03	3.22184127e-01	2.39402121e-01	1.01131651e+00
2826            	-2.37812939e-01	5.11350268e-03	3.22175786e-01	2.39403199e-01	1.01132170e+00
2827            	-2.37812335e-01	5.11449719e-03	3.22168639e-01	2.39406006e-01	1.01133403e+00
2828            	-2.37811716e-01	5.11521410e-03	3.22163215e-01	2.39410406e-01	1.01135293e+00
2829            	-2.37811221e-01	5.11554043e-03	3.22160433e-01	2.39416146e-01	1.01137724e+00
2830            	-2.37810940e-01	5.11537050e-03	3.22161091e-01	2.39423045e-01	1.01140617e+00
2831            	-2.37810918e-01	5.11465014e-03	3.22165595e-01	2.39430642e-01	1.01143774e+00
2832            	-2.37810993e-01	5.11339697e-03	3.22173590e-01	2.39438963e-01	1.01147208e+00
2833            	-2.37810989e-01	5.11176088e-03	3.22183868e-01	2.39447267e-01	1.01150617e+00
2834            	-2.37810763e-01	5.10991117e-03	3.22195151e-01	2.39455134e-01	1.01153832e+00
2835            	-2.37810275e-01	5.10806029e-03	3.22206043e-01	2.39461812e-01	1.01156549e+00
2836            	-2.37809498e-01	5.10641457e-03	3.22215204e-01	2.39466881e-01	1.01158601e+00
2837            	-2.37808582e-01	5.10507562e-03	3.22222221e-01	2.39470076e-01	1.01159880e+00
2838            	-2.37807663e-01	5.10408081e-03	3.22227069e-01	2.39471570e-01	1.01160462e+00
2839            	-2.37806859e-01	5.10344608e-03	3.22229825e-01	2.39471276e-01	1.01160308e+00
2840            	-2.37806210e-01	5.10316685e-03	3.22230582e-01	2.39469370e-01	1.01159493e+00
2841            	-2.37805840e-01	5.10318269e-03	3.22229908e-01	2.39465939e-01	1.01158051e+00
2842            	-2.37805825e-01	5.10345865e-03	3.22228140e-01	2.39461187e-01	1.01156065e+00
2843            	-2.37806234e-01	5.10397000e-03	3.22225532e-01	2.39454986e-01	1.01153478e+00
2844            	-2.37807114e-01	5.10458406e-03	3.22222993e-01	2.39447931e-01	1.01150536e+00
2845            	-2.37808429e-01	5.10526687e-03	3.22220679e-01	2.39439998e-01	1.01147226e+00
2846            	-2.37809955e-01	5.10599421e-03	3.22218405e-01	2.39431805e-01	1.01143810e+00
2847            	-2.37811424e-01	5.10677583e-03	3.22215711e-01	2.39423866e-01	1.01140505e+00
2848            	-2.37812598e-01	5.10763152e-03	3.22212111e-01	2.39416791e-01	1.01137571e+00
2849            	-2.37813399e-01	5.10857195e-03	3.22207420e-01	2.39410840e-01	1.01135116e+00
2850            	-2.37813778e-01	5.10963933e-03	3.22201294e-01	2.39406335e-01	1.01133279e+00
2851            	-2.37813793e-01	5.11085287e-03	3.22193701e-01	2.39403292e-01	1.01132064e+00
2852            	-2.37813489e-01	5.11213118e-03	3.22185220e-01	2.39402144e-01	1.01131651e+00
2853            	-2.37813017e-01	5.11334734e-03	3.22176876e-01	2.39402761e-01	1.01131976e+00
2854            	-2.37812432e-01	5.11437381e-03	3.22169556e-01	2.39405272e-01	1.01133088e+00
2855            	-2.37811839e-01	5.11515710e-03	3.22163753e-01	2.39409207e-01	1.01134784e+00
2856            	-2.37811321e-01	5.11557113e-03	3.22160385e-01	2.39414611e-01	1.01137080e+00
2857            	-2.37811032e-01	5.11548851e-03	3.22160481e-01	2.39421194e-01	1.01139844e+00
2858            	-2.37810987e-01	5.11485215e-03	3.22164423e-01	2.39428696e-01	1.01142966e+00
2859            	-2.37811080e-01	5.11368758e-03	3.22171888e-01	2.39436715e-01	1.01146278e+00
2860            	-2.37811102e-01	5.11210313e-03	3.22181883e-01	2.39445070e-01	1.01149711e+00
2861            	-2.37810936e-01	5.11027718e-03	3.22193107e-01	2.39452989e-01	1.01152949e+00
2862            	-2.37810486e-01	5.10840611e-03	3.22204182e-01	2.39460050e-01	1.01155826e+00
2863            	-2.37809751e-01	5.10670658e-03	3.22213746e-01	2.39465458e-01	1.01158018e+00
2864            	-2.37808819e-01	5.10531038e-03	3.22221102e-01	2.39469115e-01	1.01159489e+00
2865            	-2.37807873e-01	5.10425529e-03	3.22226289e-01	2.39470962e-01	1.01160215e+00
2866            	-2.37807010e-01	5.10355258e-03	3.22229385e-01	2.39471204e-01	1.01160284e+00
2867            	-2.37806301e-01	5.10320952e-03	3.22230455e-01	2.39469691e-01	1.01159631e+00
2868            	-2.37805833e-01	5.10317667e-03	3.22229940e-01	2.39466685e-01	1.01158366e+00
2869            	-2.37805742e-01	5.10339846e-03	3.22228398e-01	2.39462238e-01	1.01156504e+00
2870            	-2.37806049e-01	5.10385181e-03	3.22226002e-01	2.39456551e-01	1.01154132e+00
2871            	-2.37806834e-01	5.10441388e-03	3.22223648e-01	2.39449888e-01	1.01151351e+00
2872            	-2.37808060e-01	5.10506303e-03	3.22221411e-01	2.39442236e-01	1.01148159e+00
2873            	-2.37809561e-01	5.10576991e-03	3.22219229e-01	2.39433973e-01	1.01144712e+00
2874            	-2.37811039e-01	5.10654602e-03	3.22216582e-01	2.39425899e-01	1.01141350e+00
2875            	-2.37812272e-01	5.10739300e-03	3.22213124e-01	2.39418562e-01	1.01138303e+00
2876            	-2.37813126e-01	5.10832094e-03	3.22208590e-01	2.39412480e-01	1.01135793e+00
2877            	-2.37813581e-01	5.10937416e-03	3.22202669e-01	2.39407642e-01	1.01133814e+00
2878            	-2.37813667e-01	5.11056765e-03	3.22195308e-01	2.39404315e-01	1.01132479e+00
2879            	-2.37813443e-01	5.11185580e-03	3.22186884e-01	2.39402614e-01	1.01131833e+00
2880            	-2.37813008e-01	5.11311775e-03	3.22178308e-01	2.39402767e-01	1.01131965e+00
2881            	-2.37812470e-01	5.11420599e-03	3.22170669e-01	2.39404753e-01	1.01132859e+00
2882            	-2.37811894e-01	5.11505353e-03	3.22164485e-01	2.39408401e-01	1.01134439e+00
2883            	-2.37811400e-01	5.11555756e-03	3.22160586e-01	2.39413392e-01	1.01136565e+00
2884            	-2.37811100e-01	5.11559171e-03	3.22159932e-01	2.39419713e-01	1.01139226e+00
2885            	-2.37811069e-01	5.11506550e-03	3.22163201e-01	2.39426960e-01	1.01142246e+00
2886            	-2.37811185e-01	5.11398856e-03	3.22170151e-01	2.39434892e-01	1.01145526e+00
2887            	-2.37811293e-01	5.11243480e-03	3.22180080e-01	2.39443220e-01	1.01148949e+00
2888            	-2.37811179e-01	5.11062513e-03	3.22191281e-01	2.39451245e-01	1.01152233e+00
2889            	-2.37810802e-01	5.10875542e-03	3.22202458e-01	2.39458265e-01	1.01155093e+00
2890            	-2.37810103e-01	5.10701755e-03	3.22212317e-01	2.39464004e-01	1.01157421e+00
2891            	-2.37809183e-01	5.10555552e-03	3.22220105e-01	2.39468012e-01	1.01159037e+00
2892            	-2.37808184e-01	5.10443137e-03	3.22225649e-01	2.39470377e-01	1.01159978e+00
2893            	-2.37807267e-01	5.10365586e-03	3.22229120e-01	2.39471033e-01	1.01160217e+00
2894            	-2.37806468e-01	5.10324181e-03	3.22230501e-01	2.39470063e-01	1.01159790e+00
2895            	-2.37805920e-01	5.10314629e-03	3.22230260e-01	2.39467387e-01	1.01158660e+00
2896            	-2.37805717e-01	5.10331824e-03	3.22228862e-01	2.39463285e-01	1.01156942e+00
2897            	-2.37805927e-01	5.10372716e-03	3.22226600e-01	2.39457827e-01	1.01154663e+00
2898            	-2.37806583e-01	5.10426598e-03	3.22224198e-01	2.39451491e-01	1.01152021e+00
2899            	-2.37807713e-01	5.10487416e-03	3.22222075e-01	2.39444134e-01	1.01148949e+00
2900            	-2.37809141e-01	5.10554149e-03	3.22220032e-01	2.39436154e-01	1.01145620e+00
2901            	-2.37810629e-01	5.10628853e-03	3.22217583e-01	2.39427950e-01	1.01142201e+00
2902            	-2.37811893e-01	5.10710220e-03	3.22214382e-01	2.39420520e-01	1.01139114e+00
2903            	-2.37812801e-01	5.10798912e-03	3.22210187e-01	2.39414253e-01	1.01136523e+00
2904            	-2.37813291e-01	5.10900369e-03	3.22204562e-01	2.39409273e-01	1.01134482e+00
2905            	-2.37813430e-01	5.11017651e-03	3.22197412e-01	2.39405503e-01	1.01132959e+00
2906            	-2.37813240e-01	5.11147958e-03	3.22188947e-01	2.39403334e-01	1.01132117e+00
2907            	-2.37812853e-01	5.11278438e-03	3.22180174e-01	2.39402899e-01	1.01132003e+00
2908            	-2.37812344e-01	5.11394971e-03	3.22172093e-01	2.39404429e-01	1.01132710e+00
2909            	-2.37811817e-01	5.11487083e-03	3.22165522e-01	2.39407637e-01	1.01134108e+00
2910            	-2.37811339e-01	5.11546710e-03	3.22161067e-01	2.39412354e-01	1.01136124e+00
2911            	-2.37811054e-01	5.11560573e-03	3.22159778e-01	2.39418342e-01	1.01138649e+00
2912            	-2.37811016e-01	5.11522023e-03	3.22162152e-01	2.39425280e-01	1.01141547e+00
2913            	-2.37811196e-01	5.11426557e-03	3.22168427e-01	2.39432943e-01	1.01144719e+00
2914            	-2.37811379e-01	5.11281668e-03	3.22177811e-01	2.39441147e-01	1.01148096e+00
2915            	-2.37811389e-01	5.11104509e-03	3.22188957e-01	2.39449228e-01	1.01151405e+00
2916            	-2.37811108e-01	5.10916798e-03	3.22200325e-01	2.39456551e-01	1.01154392e+00
2917            	-2.37810496e-01	5.10739220e-03	3.22210554e-01	2.39462494e-01	1.01156803e+00
2918            	-2.37809614e-01	5.10587400e-03	3.22218752e-01	2.39466854e-01	1.01158565e+00
2919            	-2.37808622e-01	5.10467412e-03	3.22224781e-01	2.39469591e-01	1.01159658e+00
2920            	-2.37807659e-01	5.10382754e-03	3.22228631e-01	2.39470711e-01	1.01160089e+00
2921            	-2.37806819e-01	5.10334241e-03	3.22230395e-01	2.39470088e-01	1.01159805e+00
2922            	-2.37806182e-01	5.10318833e-03	3.22230387e-01	2.39467818e-01	1.01158843e+00
2923            	-2.37805888e-01	5.10329317e-03	3.22229273e-01	2.39464015e-01	1.01157248e+00
2924            	-2.37805968e-01	5.10364697e-03	3.22227162e-01	2.39458922e-01	1.01155121e+00
2925            	-2.37806500e-01	5.10415957e-03	3.22224736e-01	2.39452744e-01	1.01152543e+00
2926            	-2.37807504e-01	5.10472469e-03	3.22222694e-01	2.39445839e-01	1.01149661e+00
2927            	-2.37808869e-01	5.10534444e-03	3.22220855e-01	2.39438078e-01	1.01146420e+00
2928            	-2.37810329e-01	5.10605618e-03	3.22218585e-01	2.39429908e-01	1.01143014e+00
2929            	-2.37811624e-01	5.10683805e-03	3.22215629e-01	2.39422231e-01	1.01139821e+00
2930            	-2.37812545e-01	5.10769563e-03	3.22211640e-01	2.39415825e-01	1.01137170e+00
2931            	-2.37813066e-01	5.10866756e-03	3.22206332e-01	2.39410647e-01	1.01135043e+00
2932            	-2.37813206e-01	5.10980745e-03	3.22199393e-01	2.39406743e-01	1.01133463e+00
2933            	-2.37813037e-01	5.11112041e-03	3.22190898e-01	2.39404051e-01	1.01132400e+00
2934            	-2.37812653e-01	5.11245563e-03	3.22181940e-01	2.39403196e-01	1.01132112e+00
2935            	-2.37812175e-01	5.11366325e-03	3.22173642e-01	2.39404212e-01	1.01132604e+00
2936            	-2.37811654e-01	5.11463316e-03	3.22166775e-01	2.39407121e-01	1.01133880e+00
2937            	-2.37811185e-01	5.11531315e-03	3.22161808e-01	2.39411413e-01	1.01135721e+00
2938            	-2.37810857e-01	5.11558733e-03	3.22159602e-01	2.39417050e-01	1.01138107e+00
2939            	-2.37810801e-01	5.11533798e-03	3.22161094e-01	2.39423702e-01	1.01140890e+00
2940            	-2.37810977e-01	5.11452320e-03	3.22166486e-01	2.39431198e-01	1.01144000e+00
2941            	-2.37811238e-01	5.11318415e-03	3.22175297e-01	2.39439220e-01	1.01147304e+00
2942            	-2.37811344e-01	5.11148131e-03	3.22186157e-01	2.39447367e-01	1.01150645e+00
2943            	-2.37811191e-01	5.10961937e-03	3.22197622e-01	2.39454832e-01	1.01153690e+00
2944            	-2.37810697e-01	5.10783168e-03	3.22208103e-01	2.39461015e-01	1.01156203e+00
2945            	-2.37809919e-01	5.10626890e-03	3.22216737e-01	2.39465590e-01	1.01158051e+00
2946            	-2.37808966e-01	5.10501080e-03	3.22223190e-01	2.39468704e-01	1.01159301e+00
2947            	-2.37808015e-01	5.10409500e-03	3.22227492e-01	2.39470177e-01	1.01159877e+00
2948            	-2.37807137e-01	5.10353923e-03	3.22229641e-01	2.39470077e-01	1.01159809e+00
2949            	-2.37806461e-01	5.10331008e-03	3.22230044e-01	2.39468220e-01	1.01159017e+00
2950            	-2.37806083e-01	5.10336189e-03	3.22229135e-01	2.39464748e-01	1.01157559e+00
2951            	-2.37806091e-01	5.10365328e-03	3.22227306e-01	2.39459845e-01	1.01155508e+00
2952            	-2.37806522e-01	5.10412629e-03	3.22224975e-01	2.39453900e-01	1.01153027e+00
2953            	-2.37807440e-01	5.10466075e-03	3.22222996e-01	2.39447106e-01	1.01150190e+00
2954            	-2.37808725e-01	5.10522524e-03	3.22221381e-01	2.39439722e-01	1.01147107e+00
2955            	-2.37810171e-01	5.10588411e-03	3.22219420e-01	2.39431567e-01	1.01143704e+00
2956            	-2.37811466e-01	5.10662802e-03	3.22216704e-01	2.39423792e-01	1.01140467e+00
2957            	-2.37812433e-01	5.10744701e-03	3.22213025e-01	2.39417095e-01	1.01137691e+00
2958            	-2.37812975e-01	5.10837570e-03	3.22208019e-01	2.39411806e-01	1.01135516e+00
2959            	-2.37813141e-01	5.10947344e-03	3.22201385e-01	2.39407648e-01	1.01133826e+00
2960            	-2.37812983e-01	5.11074805e-03	3.22193148e-01	2.39404759e-01	1.01132679e+00
2961            	-2.37812613e-01	5.11209376e-03	3.22184147e-01	2.39403387e-01	1.01132174e+00
2962            	-2.37812125e-01	5.11335105e-03	3.22175522e-01	2.39403941e-01	1.01132475e+00
2963            	-2.37811606e-01	5.11439373e-03	3.22168201e-01	2.39406317e-01	1.01133530e+00
2964            	-2.37811087e-01	5.11515148e-03	3.22162673e-01	2.39410382e-01	1.01135280e+00
2965            	-2.37810721e-01	5.11551500e-03	3.22159851e-01	2.39415794e-01	1.01137576e+00
2966            	-2.37810611e-01	5.11537846e-03	3.22160556e-01	2.39422342e-01	1.01140322e+00
2967            	-2.37810793e-01	5.11467271e-03	3.22165273e-01	2.39429651e-01	1.01143358e+00
2968            	-2.37811071e-01	5.11345302e-03	3.22173360e-01	2.39437493e-01	1.01146593e+00
2969            	-2.37811241e-01	5.11185514e-03	3.22183659e-01	2.39445337e-01	1.01149810e+00
2970            	-2.37811167e-01	5.11002429e-03	3.22195049e-01	2.39453051e-01	1.01152963e+00
2971            	-2.37810783e-01	5.10822445e-03	3.22205773e-01	2.39459514e-01	1.01155592e+00
2972            	-2.37810076e-01	5.10662222e-03	3.22214764e-01	2.39464536e-01	1.01157627e+00
2973            	-2.37809191e-01	5.10531979e-03	3.22221597e-01	2.39467890e-01	1.01158974e+00
2974            	-2.37808245e-01	5.10436253e-03	3.22226167e-01	2.39469740e-01	1.01159707e+00
2975            	-2.37807372e-01	5.10374770e-03	3.22228695e-01	2.39469992e-01	1.01159783e+00
2976            	-2.37806647e-01	5.10346611e-03	3.22229353e-01	2.39468639e-01	1.01159201e+00
2977            	-2.37806211e-01	5.10348010e-03	3.22228592e-01	2.39465448e-01	1.01157859e+00
2978            	-2.37806152e-01	5.10372357e-03	3.22226962e-01	2.39460922e-01	1.01155965e+00
2979            	-2.37806527e-01	5.10415999e-03	3.22224774e-01	2.39455142e-01	1.01153551e+00
2980            	-2.37807358e-01	5.10467538e-03	3.22222781e-01	2.39448607e-01	1.01150823e+00
2981            	-2.37808603e-01	5.10521217e-03	3.22221279e-01	2.39441315e-01	1.01147775e+00
2982            	-2.37810034e-01	5.10577678e-03	3.22219886e-01	2.39433625e-01	1.01144564e+00
2983            	-2.37811376e-01	5.10645748e-03	3.22217634e-01	2.39425656e-01	1.01141242e+00
2984            	-2.37812384e-01	5.10724589e-03	3.22214207e-01	2.39418556e-01	1.01138295e+00
2985            	-2.37812985e-01	5.10813738e-03	3.22209522e-01	2.39412827e-01	1.01135932e+00
2986            	-2.37813171e-01	5.10918808e-03	3.22203213e-01	2.39408503e-01	1.01134171e+00
2987            	-2.37813043e-01	5.11041848e-03	3.22195299e-01	2.39405319e-01	1.01132897e+00
2988            	-2.37812668e-01	5.11175132e-03	3.22186371e-01	2.39403631e-01	1.01132259e+00
2989            	-2.37812188e-01	5.11302755e-03	3.22177639e-01	2.39403654e-01	1.01132337e+00
2990            	-2.37811631e-01	5.11411443e-03	3.22169985e-01	2.39405690e-01	1.01133252e+00
2991            	-2.37811093e-01	5.11493310e-03	3.22164044e-01	2.39409342e-01	1.01134832e+00
2992            	-2.37810668e-01	5.11539625e-03	3.22160510e-01	2.39414461e-01	1.01137010e+00
2993            	-2.37810518e-01	5.11537481e-03	3.22160431e-01	2.39420725e-01	1.01139643e+00
2994            	-2.37810655e-01	5.11478878e-03	3.22164332e-01	2.39427944e-01	1.01142647e+00
2995            	-2.37810957e-01	5.11365813e-03	3.22171897e-01	2.39435700e-01	1.01145850e+00
2996            	-2.37811184e-01	5.11211311e-03	3.22181952e-01	2.39443679e-01	1.01149127e+00
2997            	-2.37811192e-01	5.11031270e-03	3.22193276e-01	2.39451387e-01	1.01152278e+00
2998            	-2.37810875e-01	5.10849561e-03	3.22204212e-01	2.39458188e-01	1.01155049e+00
2999            	-2.37810242e-01	5.10687510e-03	3.22213430e-01	2.39463320e-01	1.01157128e+00
3000            	-2.37809378e-01	5.10554363e-03	3.22220480e-01	2.39466962e-01	1.01158596e+00
