# Force and moment coefficients
# dragDir       : (0.00000000e+00 0.00000000e+00 -1.00000000e+00)
# sideDir       : (-0.00000000e+00 1.00000000e+00 0.00000000e+00)
# liftDir       : (1.00000000e+00 0.00000000e+00 0.00000000e+00)
# rollAxis      : (0.00000000e+00 0.00000000e+00 -1.00000000e+00)
# pitchAxis     : (-0.00000000e+00 1.00000000e+00 0.00000000e+00)
# yawAxis       : (1.00000000e+00 0.00000000e+00 0.00000000e+00)
# magUInf       : 2.88200000e+02
# lRef          : 5.78100000e-02
# Aref          : 2.62480000e-03
# CofR          : (0.00000000e+00 0.00000000e+00 3.99000000e-01)
#
# Time          	Cd              	Cl              	CmPitch         	CmRoll          	CmYaw           
4001            	-1.04210071e-02	-1.44264143e-03	2.44148540e-02	5.49789539e-03	2.29384602e-02
4002            	-1.04507157e-02	-1.66017865e-03	2.58015941e-02	5.53005243e-03	2.30677222e-02
4003            	-1.04931797e-02	-2.01454883e-03	2.80509107e-02	5.61044919e-03	2.33879623e-02
4004            	-1.05423535e-02	-2.36482897e-03	3.02900205e-02	5.70262407e-03	2.37523308e-02
4005            	-1.05831610e-02	-2.58452013e-03	3.17197861e-02	5.75753189e-03	2.39702813e-02
4006            	-1.06062406e-02	-2.65240962e-03	3.21933066e-02	5.77048451e-03	2.40319369e-02
4007            	-1.06124373e-02	-2.63735132e-03	3.21319761e-02	5.76629271e-03	2.40394046e-02
4008            	-1.06061998e-02	-2.58648607e-03	3.18293738e-02	5.76136209e-03	2.40499806e-02
4009            	-1.05943224e-02	-2.49052331e-03	3.12370809e-02	5.73953405e-03	2.39903977e-02
4010            	-1.05746008e-02	-2.36566998e-03	3.04571802e-02	5.67010871e-03	2.37318261e-02
4011            	-1.05350249e-02	-2.26009762e-03	2.97587709e-02	5.56577101e-03	2.33286343e-02
4012            	-1.04664461e-02	-2.21082043e-03	2.93499622e-02	5.45579500e-03	2.29020681e-02
4013            	-1.03839240e-02	-2.19345934e-03	2.91010082e-02	5.36467694e-03	2.25492442e-02
4014            	-1.03113510e-02	-2.18121188e-03	2.88826561e-02	5.30139876e-03	2.23004470e-02
4015            	-1.02643432e-02	-2.16266041e-03	2.86511297e-02	5.30254863e-03	2.23112410e-02
4016            	-1.02487941e-02	-2.13858374e-03	2.84288191e-02	5.37005951e-03	2.25949058e-02
4017            	-1.02541843e-02	-2.04832877e-03	2.78394514e-02	5.46281591e-03	2.29732803e-02
4018            	-1.02764691e-02	-1.86821709e-03	2.67433743e-02	5.52945361e-03	2.32260186e-02
4019            	-1.03047487e-02	-1.62339952e-03	2.52769273e-02	5.55202090e-03	2.32766236e-02
4020            	-1.03389612e-02	-1.41486894e-03	2.40550257e-02	5.53774055e-03	2.31687163e-02
4021            	-1.03698313e-02	-1.30073347e-03	2.34160291e-02	5.51399517e-03	2.30329693e-02
4022            	-1.03910473e-02	-1.27362926e-03	2.32925085e-02	5.47590040e-03	2.28595804e-02
4023            	-1.04035100e-02	-1.31900795e-03	2.35962526e-02	5.45183756e-03	2.27584709e-02
4024            	-1.04183614e-02	-1.52860529e-03	2.49120515e-02	5.46516048e-03	2.28082954e-02
4025            	-1.04433019e-02	-1.86853929e-03	2.70456853e-02	5.52507621e-03	2.30412757e-02
4026            	-1.04724970e-02	-2.20684736e-03	2.91803066e-02	5.59692350e-03	2.33193370e-02
4027            	-1.04964014e-02	-2.42959547e-03	3.06045983e-02	5.64006579e-03	2.34871228e-02
4028            	-1.05080579e-02	-2.51685988e-03	3.11838232e-02	5.65002418e-03	2.35350685e-02
4029            	-1.05063337e-02	-2.51966820e-03	3.12241273e-02	5.65314951e-03	2.35722320e-02
4030            	-1.04944100e-02	-2.47141052e-03	3.09296481e-02	5.65999946e-03	2.36311646e-02
4031            	-1.04743450e-02	-2.36101232e-03	3.02334383e-02	5.65061294e-03	2.36232314e-02
4032            	-1.04441855e-02	-2.21620145e-03	2.93115322e-02	5.58529672e-03	2.33815618e-02
4033            	-1.03995462e-02	-2.09738582e-03	2.85230003e-02	5.48198724e-03	2.29816936e-02
4034            	-1.03362310e-02	-2.04868870e-03	2.81270620e-02	5.37554266e-03	2.25680214e-02
4035            	-1.02662813e-02	-2.04658804e-03	2.79944567e-02	5.30054542e-03	2.22804787e-02
4036            	-1.02091291e-02	-2.05156032e-03	2.79088535e-02	5.25792739e-03	2.21169760e-02
4037            	-1.01764665e-02	-2.04821317e-03	2.77962560e-02	5.27138343e-03	2.21783139e-02
4038            	-1.01712876e-02	-2.04447051e-03	2.77191467e-02	5.34439218e-03	2.24840578e-02
4039            	-1.01842022e-02	-1.98201114e-03	2.73169372e-02	5.43527679e-03	2.28528123e-02
4040            	-1.02114460e-02	-1.83971096e-03	2.64669239e-02	5.50355952e-03	2.31114280e-02
4041            	-1.02444048e-02	-1.63170206e-03	2.52402812e-02	5.52674289e-03	2.31645820e-02
4042            	-1.02852637e-02	-1.44901212e-03	2.41932902e-02	5.50854135e-03	2.30394979e-02
4043            	-1.03228983e-02	-1.34365244e-03	2.36232901e-02	5.47608326e-03	2.28652207e-02
4044            	-1.03485980e-02	-1.33151611e-03	2.36024945e-02	5.42886564e-03	2.26518720e-02
4045            	-1.03616883e-02	-1.38841065e-03	2.39800793e-02	5.40135995e-03	2.25363095e-02
4046            	-1.03756137e-02	-1.59726292e-03	2.52901198e-02	5.41620321e-03	2.25936549e-02
4047            	-1.04029111e-02	-1.94013184e-03	2.74459404e-02	5.48332372e-03	2.28585981e-02
4048            	-1.04391704e-02	-2.28222449e-03	2.96150243e-02	5.56375561e-03	2.31744550e-02
4049            	-1.04725583e-02	-2.50353843e-03	3.10430046e-02	5.61463744e-03	2.33755495e-02
4050            	-1.04939733e-02	-2.57706488e-03	3.15475224e-02	5.63224004e-03	2.34562131e-02
4051            	-1.05018412e-02	-2.56130432e-03	3.14825707e-02	5.64170724e-03	2.35212550e-02
4052            	-1.04988260e-02	-2.49744012e-03	3.11017492e-02	5.65097173e-03	2.35930157e-02
4053            	-1.04846476e-02	-2.38272925e-03	3.03862329e-02	5.64054560e-03	2.35824068e-02
4054            	-1.04586894e-02	-2.24599657e-03	2.95209033e-02	5.58022606e-03	2.33609373e-02
4055            	-1.04187257e-02	-2.13813709e-03	2.88089097e-02	5.48910480e-03	2.30101312e-02
4056            	-1.03624349e-02	-2.09569375e-03	2.84640191e-02	5.39597110e-03	2.26510413e-02
4057            	-1.03004538e-02	-2.09661708e-03	2.83632733e-02	5.32365324e-03	2.23742785e-02
4058            	-1.02483477e-02	-2.10227606e-03	2.82906802e-02	5.27818597e-03	2.21995442e-02
4059            	-1.02171464e-02	-2.10076387e-03	2.81931904e-02	5.29424371e-03	2.22728535e-02
4060            	-1.02107887e-02	-2.10185658e-03	2.81455095e-02	5.37725952e-03	2.26210714e-02
4061            	-1.02230511e-02	-2.04742304e-03	2.77924382e-02	5.48772186e-03	2.30733651e-02
4062            	-1.02496287e-02	-1.90940303e-03	2.69669104e-02	5.57484770e-03	2.34118355e-02
4063            	-1.02856809e-02	-1.70694938e-03	2.57782313e-02	5.61088407e-03	2.35189125e-02
4064            	-1.03304078e-02	-1.51915575e-03	2.47044090e-02	5.60204436e-03	2.34321279e-02
4065            	-1.03748411e-02	-1.39466040e-03	2.40262590e-02	5.57532455e-03	2.32806284e-02
4066            	-1.04095095e-02	-1.39364592e-03	2.40884669e-02	5.53378331e-03	2.30908279e-02
4067            	-1.04349489e-02	-1.46155576e-03	2.45541109e-02	5.51112819e-03	2.29962611e-02
4068            	-1.04623343e-02	-1.66171025e-03	2.58309248e-02	5.53116583e-03	2.30752773e-02
4069            	-1.05016464e-02	-1.99430392e-03	2.79402704e-02	5.60398942e-03	2.33635470e-02
4070            	-1.05487856e-02	-2.32567316e-03	3.00574472e-02	5.68228398e-03	2.36691638e-02
4071            	-1.05878064e-02	-2.55357233e-03	3.15340309e-02	5.72303936e-03	2.38261549e-02
4072            	-1.06091099e-02	-2.64013197e-03	3.21196005e-02	5.72416296e-03	2.38355534e-02
4073            	-1.06145231e-02	-2.63708853e-03	3.21311439e-02	5.71693764e-03	2.38287654e-02
4074            	-1.06099464e-02	-2.58846203e-03	3.18442281e-02	5.71805657e-03	2.38644997e-02
4075            	-1.06012761e-02	-2.49601142e-03	3.12777248e-02	5.70555573e-03	2.38435809e-02
4076            	-1.05846724e-02	-2.37221287e-03	3.05084273e-02	5.63808638e-03	2.35927493e-02
4077            	-1.05445900e-02	-2.25998429e-03	2.97693576e-02	5.52844607e-03	2.31670362e-02
4078            	-1.04724283e-02	-2.19892413e-03	2.92835280e-02	5.41248920e-03	2.27158562e-02
4079            	-1.03827363e-02	-2.17363451e-03	2.89758818e-02	5.32913800e-03	2.23957324e-02
4080            	-1.03016944e-02	-2.15252895e-03	2.86902955e-02	5.28079809e-03	2.22116599e-02
4081            	-1.02467004e-02	-2.12778188e-03	2.84090312e-02	5.28771907e-03	2.22485138e-02
4082            	-1.02250241e-02	-2.10219071e-03	2.81679146e-02	5.35557832e-03	2.25350878e-02
4083            	-1.02279696e-02	-2.01634529e-03	2.76002498e-02	5.45132138e-03	2.29276809e-02
4084            	-1.02474152e-02	-1.84732788e-03	2.65651985e-02	5.52836693e-03	2.32250814e-02
4085            	-1.02719514e-02	-1.61729354e-03	2.51824738e-02	5.56352072e-03	2.33295739e-02
4086            	-1.03025991e-02	-1.40553356e-03	2.39346107e-02	5.55881252e-03	2.32607443e-02
4087            	-1.03323034e-02	-1.24843996e-03	2.30294707e-02	5.53411167e-03	2.31177385e-02
4088            	-1.03538750e-02	-1.23087828e-03	2.29676762e-02	5.49301167e-03	2.29294961e-02
4089            	-1.03643011e-02	-1.29460500e-03	2.33844537e-02	5.46663176e-03	2.28194210e-02
4090            	-1.03755135e-02	-1.48644258e-03	2.45863161e-02	5.48049169e-03	2.28724823e-02
4091            	-1.03986223e-02	-1.81575235e-03	2.66522006e-02	5.54308609e-03	2.31170716e-02
4092            	-1.04298530e-02	-2.15639594e-03	2.88049443e-02	5.61428095e-03	2.33928265e-02
4093            	-1.04574712e-02	-2.40086874e-03	3.03695444e-02	5.65372199e-03	2.35448463e-02
4094            	-1.04724390e-02	-2.50718709e-03	3.10709089e-02	5.65712232e-03	2.35641908e-02
4095            	-1.04735559e-02	-2.51281977e-03	3.11311643e-02	5.65431991e-03	2.35757522e-02
4096            	-1.04634947e-02	-2.45779896e-03	3.07960511e-02	5.65661003e-03	2.36166903e-02
4097            	-1.04440978e-02	-2.35411686e-03	3.01422074e-02	5.64608938e-03	2.36038798e-02
4098            	-1.04156195e-02	-2.21990088e-03	2.92893706e-02	5.57748914e-03	2.33476776e-02
4099            	-1.03739448e-02	-2.10642689e-03	2.85412387e-02	5.46806083e-03	2.29211957e-02
4100            	-1.03150342e-02	-2.05206365e-03	2.81192433e-02	5.35589891e-03	2.24837939e-02
4101            	-1.02488608e-02	-2.04015499e-03	2.79328772e-02	5.27483690e-03	2.21711695e-02
4102            	-1.01953083e-02	-2.04358610e-03	2.78443424e-02	5.23048837e-03	2.20023389e-02
4103            	-1.01665423e-02	-2.04944478e-03	2.77960578e-02	5.23655642e-03	2.20342542e-02
4104            	-1.01653357e-02	-2.05934362e-03	2.78098187e-02	5.30147661e-03	2.23065020e-02
4105            	-1.01820935e-02	-2.00829320e-03	2.74833723e-02	5.39423131e-03	2.26847893e-02
4106            	-1.02113396e-02	-1.87412991e-03	2.66833369e-02	5.46872208e-03	2.29704033e-02
4107            	-1.02455871e-02	-1.66990727e-03	2.54789678e-02	5.50034183e-03	2.30588749e-02
4108            	-1.02857159e-02	-1.47355908e-03	2.43438823e-02	5.49383551e-03	2.29815936e-02
4109            	-1.03230819e-02	-1.33104251e-03	2.35436207e-02	5.47130645e-03	2.28461717e-02
4110            	-1.03505526e-02	-1.32804969e-03	2.35836594e-02	5.43275545e-03	2.26679192e-02
4111            	-1.03652687e-02	-1.40496915e-03	2.40894695e-02	5.41107489e-03	2.25774800e-02
4112            	-1.03781011e-02	-1.60042849e-03	2.53155711e-02	5.43549202e-03	2.26752330e-02
4113            	-1.04033810e-02	-1.92758419e-03	2.73700922e-02	5.51314641e-03	2.29835488e-02
4114            	-1.04388900e-02	-2.25289806e-03	2.94317118e-02	5.59915955e-03	2.33219462e-02
4115            	-1.04725254e-02	-2.47999904e-03	3.08949214e-02	5.65298458e-03	2.35350428e-02
4116            	-1.04953049e-02	-2.57285720e-03	3.15213538e-02	5.66811859e-03	2.36037225e-02
4117            	-1.05047275e-02	-2.56805664e-03	3.15269374e-02	5.67910097e-03	2.36736333e-02
4118            	-1.05033447e-02	-2.50792658e-03	3.11711417e-02	5.69854101e-03	2.37868165e-02
4119            	-1.04910580e-02	-2.39682014e-03	3.04804335e-02	5.70151737e-03	2.38314431e-02
4120            	-1.04679345e-02	-2.25652994e-03	2.95970801e-02	5.64141724e-03	2.36116194e-02
4121            	-1.04316794e-02	-2.13742902e-03	2.88224527e-02	5.53607962e-03	2.32029105e-02
4122            	-1.03777985e-02	-2.08037852e-03	2.83926172e-02	5.42722750e-03	2.27793805e-02
4123            	-1.03130018e-02	-2.07122591e-03	2.82273379e-02	5.34887594e-03	2.24778121e-02
4124            	-1.02552365e-02	-2.08133786e-03	2.81755960e-02	5.30662461e-03	2.23182114e-02
4125            	-1.02185678e-02	-2.09517258e-03	2.81664055e-02	5.31403649e-03	2.23566180e-02
4126            	-1.02098338e-02	-2.11056656e-03	2.82032536e-02	5.38020075e-03	2.26357118e-02
4127            	-1.02228528e-02	-2.06429433e-03	2.79005777e-02	5.47928394e-03	2.30432148e-02
4128            	-1.02503370e-02	-1.93486836e-03	2.71255869e-02	5.56163053e-03	2.33634951e-02
4129            	-1.02875447e-02	-1.73927174e-03	2.59786331e-02	5.59649913e-03	2.34658266e-02
4130            	-1.03330606e-02	-1.54889398e-03	2.48889572e-02	5.58530776e-03	2.33685700e-02
4131            	-1.03814434e-02	-1.40294907e-03	2.40852858e-02	5.55296097e-03	2.31908337e-02
4132            	-1.04222691e-02	-1.38329146e-03	2.40433376e-02	5.50501648e-03	2.29732526e-02
4133            	-1.04520201e-02	-1.45444631e-03	2.45362718e-02	5.47408041e-03	2.28444858e-02
4134            	-1.04805388e-02	-1.64946678e-03	2.57828782e-02	5.49226686e-03	2.29157525e-02
4135            	-1.05205324e-02	-1.98029757e-03	2.78813552e-02	5.56810279e-03	2.32155860e-02
4136            	-1.05690567e-02	-2.31598529e-03	3.00263057e-02	5.65357596e-03	2.35503391e-02
4137            	-1.06104819e-02	-2.54215326e-03	3.14941340e-02	5.70314292e-03	2.37432294e-02
4138            	-1.06330278e-02	-2.64234914e-03	3.21657699e-02	5.71354362e-03	2.37893264e-02
4139            	-1.06376415e-02	-2.65406255e-03	3.22681312e-02	5.71910161e-03	2.38344903e-02
4140            	-1.06317349e-02	-2.61853581e-03	3.20603827e-02	5.73363763e-03	2.39257186e-02
4141            	-1.06217193e-02	-2.52960218e-03	3.15131090e-02	5.72999579e-03	2.39423982e-02
4142            	-1.06037642e-02	-2.40311505e-03	3.07241643e-02	5.67384186e-03	2.37391346e-02
4143            	-1.05627954e-02	-2.28569164e-03	2.99531903e-02	5.58149333e-03	2.33851105e-02
4144            	-1.04907318e-02	-2.21694309e-03	2.94228226e-02	5.47295193e-03	2.29641640e-02
4145            	-1.03989625e-02	-2.18334575e-03	2.90629626e-02	5.38257060e-03	2.26148088e-02
4146            	-1.03138434e-02	-2.16341983e-03	2.87801762e-02	5.32310729e-03	2.23855803e-02
4147            	-1.02534550e-02	-2.14356547e-03	2.85220847e-02	5.31064680e-03	2.23417268e-02
4148            	-1.02261392e-02	-2.12000814e-03	2.82847347e-02	5.36607959e-03	2.25772056e-02
4149            	-1.02252574e-02	-2.03553743e-03	2.77186729e-02	5.45979079e-03	2.29633007e-02
4150            	-1.02406749e-02	-1.88101352e-03	2.67636527e-02	5.54854156e-03	2.33135123e-02
4151            	-1.02629533e-02	-1.66105940e-03	2.54372001e-02	5.59020311e-03	2.34474089e-02
4152            	-1.02922498e-02	-1.44739877e-03	2.41736860e-02	5.58013693e-03	2.33557336e-02
4153            	-1.03227340e-02	-1.26745082e-03	2.31287923e-02	5.54198628e-03	2.31523865e-02
4154            	-1.03468818e-02	-1.20733660e-03	2.28106238e-02	5.48256131e-03	2.28851896e-02
4155            	-1.03579094e-02	-1.26274109e-03	2.31786358e-02	5.43670848e-03	2.26941412e-02
4156            	-1.03661949e-02	-1.45460941e-03	2.43759631e-02	5.44135679e-03	2.27101142e-02
4157            	-1.03855461e-02	-1.79245574e-03	2.64882030e-02	5.50250508e-03	2.29498934e-02
4158            	-1.04158999e-02	-2.12862120e-03	2.86100677e-02	5.56908453e-03	2.32052931e-02
4159            	-1.04464256e-02	-2.35915332e-03	3.00899804e-02	5.60268818e-03	2.33306711e-02
4160            	-1.04672738e-02	-2.48370188e-03	3.09134054e-02	5.60308165e-03	2.33342995e-02
4161            	-1.04744316e-02	-2.51903781e-03	3.11683568e-02	5.60207371e-03	2.33518804e-02
4162            	-1.04697996e-02	-2.49333041e-03	3.10233711e-02	5.61216407e-03	2.34252552e-02
4163            	-1.04543486e-02	-2.40184867e-03	3.04502415e-02	5.60957858e-03	2.34455823e-02
4164            	-1.04289776e-02	-2.26276227e-03	2.95702253e-02	5.55255796e-03	2.32368247e-02
4165            	-1.03906320e-02	-2.13560274e-03	2.87431411e-02	5.44984282e-03	2.28372030e-02
4166            	-1.03346759e-02	-2.06987209e-03	2.82585056e-02	5.34313863e-03	2.24220204e-02
4167            	-1.02684264e-02	-2.05246604e-03	2.80405963e-02	5.26472096e-03	2.21215068e-02
4168            	-1.02114140e-02	-2.05826103e-03	2.79639083e-02	5.23152385e-03	2.20012896e-02
4169            	-1.01777341e-02	-2.06952943e-03	2.79439863e-02	5.24355380e-03	2.20590103e-02
4170            	-1.01714213e-02	-2.07854719e-03	2.79448872e-02	5.31053080e-03	2.23411303e-02
4171            	-1.01846599e-02	-2.02618159e-03	2.76039282e-02	5.40679228e-03	2.27365165e-02
4172            	-1.02097939e-02	-1.90229829e-03	2.68577383e-02	5.49933787e-03	2.31020112e-02
4173            	-1.02418450e-02	-1.70482857e-03	2.56889200e-02	5.55035124e-03	2.32741317e-02
4174            	-1.02798616e-02	-1.51415858e-03	2.45842860e-02	5.55596547e-03	2.32465632e-02
4175            	-1.03186599e-02	-1.35722347e-03	2.36971328e-02	5.53549029e-03	2.31148623e-02
4176            	-1.03510915e-02	-1.30474744e-03	2.34415627e-02	5.49048285e-03	2.29058247e-02
4177            	-1.03701642e-02	-1.37248920e-03	2.38995039e-02	5.45282430e-03	2.27484849e-02
4178            	-1.03814504e-02	-1.57754120e-03	2.51837661e-02	5.46684086e-03	2.28043554e-02
4179            	-1.04020263e-02	-1.92100204e-03	2.73327132e-02	5.54057348e-03	2.30977114e-02
4180            	-1.04351822e-02	-2.24114477e-03	2.93574214e-02	5.62147093e-03	2.34136846e-02
4181            	-1.04695610e-02	-2.44939624e-03	3.07016227e-02	5.66698902e-03	2.35890208e-02
4182            	-1.04954352e-02	-2.55628165e-03	3.14187530e-02	5.67383152e-03	2.36204336e-02
4183            	-1.05074145e-02	-2.57751766e-03	3.15897465e-02	5.67253169e-03	2.36379405e-02
4184            	-1.05078996e-02	-2.54438016e-03	3.14037585e-02	5.67797174e-03	2.36932851e-02
4185            	-1.04965302e-02	-2.44727212e-03	3.08003897e-02	5.67397709e-03	2.37088538e-02
4186            	-1.04745947e-02	-2.29932933e-03	2.98697510e-02	5.61851196e-03	2.35085885e-02
4187            	-1.04422805e-02	-2.16439214e-03	2.90038806e-02	5.51750244e-03	2.31177677e-02
4188            	-1.03939181e-02	-2.09343792e-03	2.84997708e-02	5.40887460e-03	2.26957811e-02
4189            	-1.03329860e-02	-2.07820063e-03	2.83054474e-02	5.32694205e-03	2.23820647e-02
4190            	-1.02770017e-02	-2.09042523e-03	2.82719406e-02	5.27943274e-03	2.22028764e-02
4191            	-1.02398327e-02	-2.10897382e-03	2.82927792e-02	5.27387663e-03	2.21873967e-02
4192            	-1.02297417e-02	-2.12007093e-03	2.83003597e-02	5.32711343e-03	2.24125276e-02
4193            	-1.02405253e-02	-2.06913008e-03	2.79630795e-02	5.42362024e-03	2.28108980e-02
4194            	-1.02643671e-02	-1.94611124e-03	2.72180988e-02	5.52557728e-03	2.32173733e-02
4195            	-1.02987951e-02	-1.75808855e-03	2.61104731e-02	5.58685561e-03	2.34340385e-02
4196            	-1.03424792e-02	-1.57593427e-03	2.50670873e-02	5.59477901e-03	2.34164722e-02
4197            	-1.03902839e-02	-1.42092865e-03	2.42060245e-02	5.57304865e-03	2.32784501e-02
4198            	-1.04331974e-02	-1.34773323e-03	2.38384554e-02	5.52614042e-03	2.30600911e-02
4199            	-1.04627523e-02	-1.39971055e-03	2.42133800e-02	5.48878535e-03	2.29028414e-02
4200            	-1.04877655e-02	-1.60752415e-03	2.55339962e-02	5.50810518e-03	2.29801505e-02
4201            	-1.05231173e-02	-1.94392863e-03	2.76590965e-02	5.59027322e-03	2.33080599e-02
4202            	-1.05687413e-02	-2.26812350e-03	2.97260071e-02	5.68174658e-03	2.36673369e-02
4203            	-1.06103316e-02	-2.48286810e-03	3.11212288e-02	5.73836125e-03	2.38872316e-02
4204            	-1.06355624e-02	-2.59705649e-03	3.18832142e-02	5.75360160e-03	2.39505436e-02
4205            	-1.06426232e-02	-2.64601919e-03	3.22220756e-02	5.75590491e-03	2.39806509e-02
4206            	-1.06385743e-02	-2.65307609e-03	3.22828880e-02	5.76539165e-03	2.40502462e-02
4207            	-1.06285598e-02	-2.58866274e-03	3.18883141e-02	5.76331936e-03	2.40723877e-02
4208            	-1.06117523e-02	-2.44782007e-03	3.10102150e-02	5.70763014e-03	2.38716099e-02
4209            	-1.05753947e-02	-2.29670113e-03	3.00368505e-02	5.59928701e-03	2.34520395e-02
4210            	-1.05068779e-02	-2.20380308e-03	2.93648750e-02	5.47567144e-03	2.29693726e-02
4211            	-1.04127794e-02	-2.16870357e-03	2.89959953e-02	5.38050439e-03	2.26022518e-02
4212            	-1.03202497e-02	-2.16355086e-03	2.87979445e-02	5.32042529e-03	2.23720663e-02
4213            	-1.02527891e-02	-2.15950612e-03	2.86292317e-02	5.29271065e-03	2.22647273e-02
4214            	-1.02213908e-02	-2.13484441e-03	2.83769312e-02	5.32618446e-03	2.24087320e-02
4215            	-1.02189721e-02	-2.04552055e-03	2.77751538e-02	5.40548318e-03	2.27381604e-02
4216            	-1.02331910e-02	-1.88540973e-03	2.67793365e-02	5.49041102e-03	2.30755795e-02
4217            	-1.02557549e-02	-1.66483915e-03	2.54466792e-02	5.53589968e-03	2.32278958e-02
4218            	-1.02849699e-02	-1.45677755e-03	2.42175932e-02	5.53301502e-03	2.31646680e-02
4219            	-1.03183064e-02	-1.27243161e-03	2.31502848e-02	5.50264920e-03	2.29896371e-02
4220            	-1.03487921e-02	-1.16497324e-03	2.25509390e-02	5.44604909e-03	2.27311784e-02
4221            	-1.03665631e-02	-1.19391080e-03	2.27653375e-02	5.39604892e-03	2.25226056e-02
4222            	-1.03775245e-02	-1.40548522e-03	2.40893599e-02	5.39990189e-03	2.25372764e-02
4223            	-1.03957527e-02	-1.76226142e-03	2.63184939e-02	5.46782451e-03	2.28071963e-02
4224            	-1.04239508e-02	-2.12677718e-03	2.86132996e-02	5.54485345e-03	2.31062884e-02
4225            	-1.04534640e-02	-2.37134230e-03	3.01779421e-02	5.59614762e-03	2.33035566e-02
4226            	-1.04764861e-02	-2.49122116e-03	3.09725106e-02	5.61371725e-03	2.33754775e-02
4227            	-1.04872370e-02	-2.53314077e-03	3.12716999e-02	5.62046549e-03	2.34225179e-02
4228            	-1.04864895e-02	-2.53102592e-03	3.12792230e-02	5.63672322e-03	2.35195310e-02
4229            	-1.04734747e-02	-2.46601795e-03	3.08763686e-02	5.64586608e-03	2.35876289e-02
4230            	-1.04497600e-02	-2.33447788e-03	3.00464062e-02	5.61227433e-03	2.34772989e-02
4231            	-1.04130273e-02	-2.18999849e-03	2.91160225e-02	5.52668499e-03	2.31503851e-02
4232            	-1.03605770e-02	-2.10362629e-03	2.85115737e-02	5.42475241e-03	2.27568754e-02
4233            	-1.02965882e-02	-2.07785977e-03	2.82482096e-02	5.34289439e-03	2.24450159e-02
4234            	-1.02383602e-02	-2.09053860e-03	2.82165268e-02	5.30110889e-03	2.22909122e-02
4235            	-1.02017186e-02	-2.11068045e-03	2.82488766e-02	5.28948125e-03	2.22494513e-02
4236            	-1.01900156e-02	-2.11492370e-03	2.82104843e-02	5.33547873e-03	2.24439452e-02
4237            	-1.01978693e-02	-2.05659125e-03	2.78198511e-02	5.41845931e-03	2.27868449e-02
4238            	-1.02171784e-02	-1.92778532e-03	2.70284489e-02	5.50816499e-03	2.31431950e-02
4239            	-1.02439196e-02	-1.73506417e-03	2.58770585e-02	5.56189781e-03	2.33310125e-02
4240            	-1.02770437e-02	-1.55188845e-03	2.48106223e-02	5.57075226e-03	2.33174723e-02
4241            	-1.03164620e-02	-1.39779849e-03	2.39424065e-02	5.55214033e-03	2.31898075e-02
4242            	-1.03536467e-02	-1.30064413e-03	2.34207219e-02	5.49669213e-03	2.29322249e-02
4243            	-1.03779943e-02	-1.30609095e-03	2.35019328e-02	5.43724841e-03	2.26810118e-02
4244            	-1.03921798e-02	-1.48844360e-03	2.46506825e-02	5.43496083e-03	2.26707628e-02
4245            	-1.04141909e-02	-1.83702526e-03	2.68341897e-02	5.50027323e-03	2.29317492e-02
4246            	-1.04504635e-02	-2.20138729e-03	2.91371827e-02	5.57531121e-03	2.32239303e-02
4247            	-1.04917494e-02	-2.44413729e-03	3.07029049e-02	5.62523357e-03	2.34150778e-02
4248            	-1.05263785e-02	-2.55702094e-03	3.14671007e-02	5.64342227e-03	2.34891879e-02
4249            	-1.05459062e-02	-2.60239198e-03	3.17997014e-02	5.65006398e-03	2.35359248e-02
4250            	-1.05513331e-02	-2.60779456e-03	3.18638194e-02	5.66531693e-03	2.36302984e-02
4251            	-1.05459246e-02	-2.54799013e-03	3.15046169e-02	5.67297082e-03	2.36944156e-02
4252            	-1.05310202e-02	-2.41631136e-03	3.06856453e-02	5.63810658e-03	2.35811082e-02
4253            	-1.05047522e-02	-2.26706039e-03	2.97410806e-02	5.55332404e-03	2.32601455e-02
4254            	-1.04610594e-02	-2.17963247e-03	2.91445925e-02	5.45866333e-03	2.28984744e-02
4255            	-1.03991698e-02	-2.16034526e-03	2.89269381e-02	5.38440119e-03	2.26193039e-02
4256            	-1.03371703e-02	-2.17383805e-03	2.88968067e-02	5.34126784e-03	2.24603898e-02
4257            	-1.02940764e-02	-2.19002482e-03	2.88962980e-02	5.32705940e-03	2.24096903e-02
4258            	-1.02760137e-02	-2.18717088e-03	2.88042949e-02	5.38099217e-03	2.26400532e-02
4259            	-1.02796603e-02	-2.13501160e-03	2.84436509e-02	5.48262461e-03	2.30652132e-02
4260            	-1.02973159e-02	-2.01198511e-03	2.76826313e-02	5.59024913e-03	2.34997034e-02
4261            	-1.03276183e-02	-1.81825286e-03	2.65274660e-02	5.65491785e-03	2.37349619e-02
4262            	-1.03662941e-02	-1.62452485e-03	2.54014352e-02	5.66527086e-03	2.37264578e-02
4263            	-1.04090832e-02	-1.46909260e-03	2.45262143e-02	5.64847260e-03	2.36026319e-02
4264            	-1.04482326e-02	-1.34700045e-03	2.38502361e-02	5.59713037e-03	2.33575196e-02
4265            	-1.04750659e-02	-1.30736130e-03	2.36544139e-02	5.53381043e-03	2.30882122e-02
4266            	-1.04944923e-02	-1.45884017e-03	2.46193598e-02	5.52540218e-03	2.30533100e-02
4267            	-1.05213568e-02	-1.79818861e-03	2.67515696e-02	5.58359671e-03	2.32853442e-02
4268            	-1.05564443e-02	-2.17508315e-03	2.91305236e-02	5.65981339e-03	2.35823792e-02
4269            	-1.05911031e-02	-2.44105989e-03	3.08307254e-02	5.71280387e-03	2.37836653e-02
4270            	-1.06163093e-02	-2.55612658e-03	3.15938236e-02	5.72194992e-03	2.38159363e-02
4271            	-1.06264387e-02	-2.59404500e-03	3.18653717e-02	5.70778296e-03	2.37717997e-02
4272            	-1.06251363e-02	-2.59722127e-03	3.19058001e-02	5.69968018e-03	2.37665820e-02
4273            	-1.06160984e-02	-2.55423743e-03	3.16474503e-02	5.68756800e-03	2.37477819e-02
4274            	-1.06002494e-02	-2.43474776e-03	3.09040012e-02	5.63529639e-03	2.35626713e-02
4275            	-1.05661623e-02	-2.27711619e-03	2.98957465e-02	5.53664404e-03	2.31844882e-02
4276            	-1.05061748e-02	-2.16658463e-03	2.91298781e-02	5.42528021e-03	2.27536025e-02
4277            	-1.04220801e-02	-2.12102231e-03	2.87137560e-02	5.32911383e-03	2.23838666e-02
4278            	-1.03348105e-02	-2.10936817e-03	2.84869848e-02	5.26132407e-03	2.21232509e-02
4279            	-1.02681147e-02	-2.10064657e-03	2.82935627e-02	5.22396107e-03	2.19770283e-02
4280            	-1.02350417e-02	-2.07228831e-03	2.80171886e-02	5.25128542e-03	2.20954910e-02
4281            	-1.02305087e-02	-1.99961341e-03	2.75112367e-02	5.33414785e-03	2.24417042e-02
4282            	-1.02405335e-02	-1.86298063e-03	2.66495230e-02	5.43409638e-03	2.28448746e-02
4283            	-1.02617374e-02	-1.65891027e-03	2.54137431e-02	5.49862053e-03	2.30820383e-02
4284            	-1.02905271e-02	-1.45511694e-03	2.42102621e-02	5.51182890e-03	2.30889395e-02
4285            	-1.03255681e-02	-1.31767981e-03	2.34355619e-02	5.50313640e-03	2.30015998e-02
4286            	-1.03597058e-02	-1.20632938e-03	2.28199465e-02	5.46238344e-03	2.28007100e-02
4287            	-1.03827441e-02	-1.15932640e-03	2.25746344e-02	5.40572800e-03	2.25582794e-02
4288            	-1.03953278e-02	-1.29462360e-03	2.34312629e-02	5.40448243e-03	2.25535761e-02
4289            	-1.04118507e-02	-1.63311121e-03	2.55444468e-02	5.46915835e-03	2.28139792e-02
4290            	-1.04380140e-02	-2.03350002e-03	2.80584160e-02	5.56238390e-03	2.31843048e-02
4291            	-1.04680533e-02	-2.33598399e-03	2.99805609e-02	5.63620470e-03	2.34736430e-02
4292            	-1.04925026e-02	-2.47050333e-03	3.08640490e-02	5.66600727e-03	2.35919404e-02
4293            	-1.05040169e-02	-2.51569785e-03	3.11844673e-02	5.67159646e-03	2.36297096e-02
4294            	-1.05041312e-02	-2.52151354e-03	3.12447842e-02	5.67846289e-03	2.36861700e-02
4295            	-1.04920471e-02	-2.48780423e-03	3.10402924e-02	5.67945623e-03	2.37208580e-02
4296            	-1.04710150e-02	-2.38287341e-03	3.03803340e-02	5.64584062e-03	2.36114295e-02
4297            	-1.04376109e-02	-2.23331075e-03	2.94251562e-02	5.55709041e-03	2.32727943e-02
4298            	-1.03896613e-02	-2.12887777e-03	2.87181532e-02	5.44698147e-03	2.28455590e-02
4299            	-1.03289406e-02	-2.09874995e-03	2.84369247e-02	5.34963621e-03	2.24697597e-02
4300            	-1.02705487e-02	-2.11715355e-03	2.84450481e-02	5.29373020e-03	2.22576439e-02
4301            	-1.02291324e-02	-2.14755463e-03	2.85376800e-02	5.26991820e-03	2.21671366e-02
4302            	-1.02112755e-02	-2.15695692e-03	2.85230855e-02	5.30549323e-03	2.23192141e-02
4303            	-1.02127359e-02	-2.11549127e-03	2.82222999e-02	5.38698725e-03	2.26596531e-02
4304            	-1.02273604e-02	-2.00290975e-03	2.75180862e-02	5.47891841e-03	2.30294452e-02
4305            	-1.02551365e-02	-1.81666565e-03	2.64040441e-02	5.53584864e-03	2.32347542e-02
4306            	-1.02927940e-02	-1.62086566e-03	2.52653365e-02	5.54709810e-03	2.32332163e-02
4307            	-1.03380516e-02	-1.49503737e-03	2.45789895e-02	5.54015474e-03	2.31522724e-02
4308            	-1.03820406e-02	-1.39293161e-03	2.40368763e-02	5.50502904e-03	2.29731416e-02
4309            	-1.04147791e-02	-1.33921913e-03	2.37650117e-02	5.45151355e-03	2.27431445e-02
4310            	-1.04397958e-02	-1.46092011e-03	2.45556452e-02	5.45036065e-03	2.27397358e-02
4311            	-1.04712219e-02	-1.79317141e-03	2.66519741e-02	5.51484274e-03	2.30003585e-02
4312            	-1.05156103e-02	-2.18435729e-03	2.91336723e-02	5.61041173e-03	2.33805740e-02
4313            	-1.05653533e-02	-2.48083326e-03	3.10445646e-02	5.68901841e-03	2.36890273e-02
4314            	-1.06061886e-02	-2.61600857e-03	3.19540252e-02	5.72449089e-03	2.38298482e-02
4315            	-1.06295162e-02	-2.64731163e-03	3.22030455e-02	5.73519574e-03	2.38881504e-02
4316            	-1.06363239e-02	-2.64306049e-03	3.22093412e-02	5.75063924e-03	2.39797646e-02
4317            	-1.06312906e-02	-2.60955737e-03	3.20163885e-02	5.76301221e-03	2.40628889e-02
4318            	-1.06211890e-02	-2.51264284e-03	3.14223851e-02	5.74129313e-03	2.40044014e-02
4319            	-1.06001685e-02	-2.36899029e-03	3.05225443e-02	5.66242519e-03	2.37086865e-02
4320            	-1.05566432e-02	-2.26083722e-03	2.97988201e-02	5.56032802e-03	2.33166053e-02
4321            	-1.04850585e-02	-2.21652893e-03	2.94121417e-02	5.46475411e-03	2.29499334e-02
4322            	-1.04041925e-02	-2.21561352e-03	2.92646085e-02	5.40021159e-03	2.27039447e-02
4323            	-1.03387846e-02	-2.21873172e-03	2.91493438e-02	5.35419473e-03	2.25222943e-02
4324            	-1.03007872e-02	-2.19857717e-03	2.89180987e-02	5.36270199e-03	2.25612609e-02
4325            	-1.02896542e-02	-2.13914702e-03	2.84833757e-02	5.42996189e-03	2.28429789e-02
4326            	-1.02945199e-02	-2.01366384e-03	2.76799851e-02	5.52150459e-03	2.32131430e-02
4327            	-1.03131282e-02	-1.81209190e-03	2.64517697e-02	5.58269694e-03	2.34386523e-02
4328            	-1.03396009e-02	-1.58016560e-03	2.50674528e-02	5.59180769e-03	2.34295825e-02
4329            	-1.03719409e-02	-1.42697283e-03	2.41875918e-02	5.57590198e-03	2.33127147e-02
4330            	-1.04036620e-02	-1.31394857e-03	2.35563525e-02	5.53547783e-03	2.31104888e-02
4331            	-1.04255550e-02	-1.22975627e-03	2.30788176e-02	5.47023513e-03	2.28295219e-02
4332            	-1.04382898e-02	-1.31219427e-03	2.36090365e-02	5.44466980e-03	2.27238457e-02
4333            	-1.04544854e-02	-1.61710407e-03	2.55142080e-02	5.47566102e-03	2.28456430e-02
4334            	-1.04790616e-02	-2.01172930e-03	2.79876550e-02	5.54305133e-03	2.31091204e-02
4335            	-1.05064146e-02	-2.33191865e-03	3.00114860e-02	5.60494165e-03	2.33465350e-02
4336            	-1.05270960e-02	-2.48940788e-03	3.10294940e-02	5.63048277e-03	2.34435630e-02
4337            	-1.05346187e-02	-2.53262633e-03	3.13306118e-02	5.62847317e-03	2.34462902e-02
4338            	-1.05296998e-02	-2.52118927e-03	3.12759737e-02	5.62664979e-03	2.34654240e-02
4339            	-1.05147577e-02	-2.47514674e-03	3.09895038e-02	5.62383580e-03	2.34850171e-02
4340            	-1.04919167e-02	-2.36757577e-03	3.03076325e-02	5.59492321e-03	2.33956729e-02
4341            	-1.04576525e-02	-2.21622978e-03	2.93383087e-02	5.51376910e-03	2.30885645e-02
4342            	-1.04088198e-02	-2.09692040e-03	2.85363742e-02	5.40772472e-03	2.26784057e-02
4343            	-1.03431005e-02	-2.04492164e-03	2.81114255e-02	5.30918591e-03	2.22984681e-02
4344            	-1.02763853e-02	-2.04270406e-03	2.79788798e-02	5.24734417e-03	2.20639156e-02
4345            	-1.02262890e-02	-2.04981246e-03	2.79140871e-02	5.21996219e-03	2.19604543e-02
4346            	-1.02025041e-02	-2.05037960e-03	2.78370024e-02	5.25938801e-03	2.21283709e-02
4347            	-1.02053400e-02	-2.02015646e-03	2.76081276e-02	5.35127052e-03	2.25117230e-02
4348            	-1.02236176e-02	-1.93163067e-03	2.70575929e-02	5.46015189e-03	2.29537300e-02
4349            	-1.02539554e-02	-1.76280725e-03	2.60534476e-02	5.53154364e-03	2.32216594e-02
4350            	-1.02897636e-02	-1.55285459e-03	2.48229910e-02	5.54791602e-03	2.32428624e-02
4351            	-1.03302944e-02	-1.41908212e-03	2.40797403e-02	5.53802656e-03	2.31500306e-02
4352            	-1.03652049e-02	-1.34921293e-03	2.37244196e-02	5.50981920e-03	2.29958828e-02
4353            	-1.03872321e-02	-1.29350396e-03	2.34268656e-02	5.45143036e-03	2.27404604e-02
4354            	-1.03969168e-02	-1.36215755e-03	2.38692899e-02	5.42667641e-03	2.26377547e-02
4355            	-1.04096092e-02	-1.63962421e-03	2.55996964e-02	5.45952537e-03	2.27693393e-02
4356            	-1.04334473e-02	-2.02912060e-03	2.80400801e-02	5.53594852e-03	2.30729528e-02
4357            	-1.04643866e-02	-2.37108899e-03	3.02039999e-02	5.61334075e-03	2.33764526e-02
4358            	-1.04918383e-02	-2.55153307e-03	3.13736126e-02	5.65050068e-03	2.35225416e-02
4359            	-1.05094707e-02	-2.58773327e-03	3.16434102e-02	5.65135617e-03	2.35369420e-02
4360            	-1.05160073e-02	-2.55516493e-03	3.14719290e-02	5.64745933e-03	2.35476514e-02
4361            	-1.05107836e-02	-2.49379377e-03	3.11033017e-02	5.64352424e-03	2.35637415e-02
4362            	-1.04947511e-02	-2.38716973e-03	3.04376703e-02	5.61595786e-03	2.34811773e-02
4363            	-1.04666355e-02	-2.25001914e-03	2.95676906e-02	5.53597388e-03	2.31789634e-02
4364            	-1.04239614e-02	-2.14586963e-03	2.88714917e-02	5.43104775e-03	2.27730413e-02
4365            	-1.03664254e-02	-2.10682977e-03	2.85417133e-02	5.33459898e-03	2.24018887e-02
4366            	-1.03068857e-02	-2.11091670e-03	2.84608157e-02	5.27290180e-03	2.21689084e-02
4367            	-1.02599362e-02	-2.12078740e-03	2.84193820e-02	5.24314490e-03	2.20561827e-02
4368            	-1.02366695e-02	-2.12745849e-03	2.83821169e-02	5.27873880e-03	2.22083582e-02
4369            	-1.02369278e-02	-2.10838086e-03	2.82186412e-02	5.37103268e-03	2.25945058e-02
4370            	-1.02527693e-02	-2.02151843e-03	2.76727110e-02	5.47818777e-03	2.30305344e-02
4371            	-1.02826074e-02	-1.84728579e-03	2.66325032e-02	5.54924979e-03	2.32982220e-02
4372            	-1.03218104e-02	-1.63078963e-03	2.53660885e-02	5.57061761e-03	2.33408028e-02
4373            	-1.03689200e-02	-1.48836991e-03	2.45793994e-02	5.56670844e-03	2.32739248e-02
4374            	-1.04144831e-02	-1.42167341e-03	2.42588939e-02	5.55192125e-03	2.31761122e-02
4375            	-1.04511401e-02	-1.37618791e-03	2.40449684e-02	5.51474842e-03	2.30086931e-02
4376            	-1.04810986e-02	-1.43939664e-03	2.44836954e-02	5.50714174e-03	2.29765064e-02
4377            	-1.05140604e-02	-1.69429408e-03	2.61045781e-02	5.54964698e-03	2.31474877e-02
4378            	-1.05563914e-02	-2.06208466e-03	2.84366158e-02	5.63316838e-03	2.34799879e-02
4379            	-1.06018414e-02	-2.40530822e-03	3.06282161e-02	5.72147198e-03	2.38284543e-02
4380            	-1.06351933e-02	-2.60593068e-03	3.19311544e-02	5.76837546e-03	2.40145661e-02
4381            	-1.06502171e-02	-2.66000825e-03	3.23087151e-02	5.77363476e-03	2.40462518e-02
4382            	-1.06509781e-02	-2.63854063e-03	3.21991596e-02	5.76606606e-03	2.40402074e-02
4383            	-1.06423995e-02	-2.59094191e-03	3.19135293e-02	5.75991366e-03	2.40452349e-02
4384            	-1.06306902e-02	-2.49941498e-03	3.13503662e-02	5.73388155e-03	2.39675788e-02
4385            	-1.06071625e-02	-2.36739335e-03	3.05199023e-02	5.65214308e-03	2.36581446e-02
4386            	-1.05570855e-02	-2.25476007e-03	2.97590237e-02	5.53570824e-03	2.32058250e-02
4387            	-1.04768366e-02	-2.19520776e-03	2.92655183e-02	5.41477548e-03	2.27346322e-02
4388            	-1.03862588e-02	-2.17272764e-03	2.89698271e-02	5.31799455e-03	2.23572369e-02
4389            	-1.03096174e-02	-2.15642441e-03	2.87178390e-02	5.25698188e-03	2.21153776e-02
4390            	-1.02611686e-02	-2.13596668e-03	2.84701977e-02	5.26973315e-03	2.21733329e-02
4391            	-1.02453556e-02	-2.09220430e-03	2.81240435e-02	5.34563072e-03	2.24918272e-02
4392            	-1.02501352e-02	-1.97801017e-03	2.73860054e-02	5.43947532e-03	2.28733443e-02
4393            	-1.02698426e-02	-1.77497094e-03	2.61462721e-02	5.50009172e-03	2.30987536e-02
4394            	-1.02946890e-02	-1.52741021e-03	2.46609403e-02	5.51333892e-03	2.31088407e-02
4395            	-1.03249208e-02	-1.35224877e-03	2.36420784e-02	5.50057338e-03	2.30069175e-02
4396            	-1.03531200e-02	-1.26532803e-03	2.31678891e-02	5.47918495e-03	2.28828613e-02
4397            	-1.03725216e-02	-1.21709189e-03	2.29102548e-02	5.43545289e-03	2.26886271e-02
4398            	-1.03843254e-02	-1.27378194e-03	2.32819524e-02	5.41357668e-03	2.25972279e-02
4399            	-1.03999374e-02	-1.51313423e-03	2.47820108e-02	5.43659852e-03	2.26870046e-02
4400            	-1.04251989e-02	-1.87829969e-03	2.70738700e-02	5.50348547e-03	2.29494614e-02
4401            	-1.04553519e-02	-2.24131577e-03	2.93680992e-02	5.58235449e-03	2.32575814e-02
4402            	-1.04811312e-02	-2.46574186e-03	3.08099940e-02	5.63014160e-03	2.34464036e-02
4403            	-1.04966573e-02	-2.53933692e-03	3.13117742e-02	5.64430827e-03	2.35142200e-02
4404            	-1.05019082e-02	-2.52660682e-03	3.12648160e-02	5.64911278e-03	2.35596049e-02
4405            	-1.04953792e-02	-2.47264117e-03	3.09424715e-02	5.65474948e-03	2.36137209e-02
4406            	-1.04784243e-02	-2.36836900e-03	3.02908647e-02	5.64016006e-03	2.35833676e-02
4407            	-1.04490365e-02	-2.23166657e-03	2.94220106e-02	5.56606133e-03	2.33041819e-02
4408            	-1.04046058e-02	-2.12518427e-03	2.87092106e-02	5.45575052e-03	2.28750768e-02
4409            	-1.03423557e-02	-2.08241314e-03	2.83495909e-02	5.35472524e-03	2.24846534e-02
4410            	-1.02772639e-02	-2.08179838e-03	2.82315152e-02	5.28876802e-03	2.22348514e-02
4411            	-1.02278095e-02	-2.09003717e-03	2.81763585e-02	5.25454542e-03	2.21042805e-02
4412            	-1.02039419e-02	-2.09342846e-03	2.81175798e-02	5.27757229e-03	2.22036743e-02
4413            	-1.02053087e-02	-2.07996727e-03	2.79899126e-02	5.35571077e-03	2.25297716e-02
4414            	-1.02211846e-02	-2.00217250e-03	2.74990832e-02	5.44960559e-03	2.29105246e-02
4415            	-1.02485721e-02	-1.83340360e-03	2.64875213e-02	5.51002249e-03	2.31346038e-02
4416            	-1.02804647e-02	-1.60824877e-03	2.51546420e-02	5.52303515e-03	2.31429469e-02
4417            	-1.03184468e-02	-1.44151326e-03	2.42023157e-02	5.50508508e-03	2.30181918e-02
4418            	-1.03544619e-02	-1.37182958e-03	2.38495938e-02	5.47916810e-03	2.28727893e-02
4419            	-1.03823724e-02	-1.34449898e-03	2.37370336e-02	5.43489943e-03	2.26739723e-02
4420            	-1.04003866e-02	-1.39544876e-03	2.40839534e-02	5.41089486e-03	2.25731566e-02
4421            	-1.04186694e-02	-1.62299353e-03	2.55151859e-02	5.43182655e-03	2.26553483e-02
4422            	-1.04470758e-02	-1.98161285e-03	2.77701016e-02	5.50245054e-03	2.29350119e-02
4423            	-1.04830583e-02	-2.33839068e-03	3.00309880e-02	5.58889610e-03	2.32759283e-02
4424            	-1.05159574e-02	-2.55479927e-03	3.14295614e-02	5.64320607e-03	2.34924085e-02
4425            	-1.05387707e-02	-2.61807314e-03	3.18746667e-02	5.66035321e-03	2.35729177e-02
4426            	-1.05489759e-02	-2.59408288e-03	3.17633094e-02	5.66483675e-03	2.36179216e-02
4427            	-1.05470315e-02	-2.53345007e-03	3.14055205e-02	5.67185625e-03	2.36792074e-02
4428            	-1.05349442e-02	-2.42811282e-03	3.07538756e-02	5.66284784e-03	2.36735159e-02
4429            	-1.05127251e-02	-2.29779474e-03	2.99355185e-02	5.60316578e-03	2.34555135e-02
4430            	-1.04767435e-02	-2.19668945e-03	2.92699700e-02	5.51231467e-03	2.31084012e-02
4431            	-1.04218426e-02	-2.15651817e-03	2.89389282e-02	5.42085535e-03	2.27586383e-02
4432            	-1.03595682e-02	-2.15618012e-03	2.88279218e-02	5.35499563e-03	2.25106184e-02
4433            	-1.03078263e-02	-2.16396732e-03	2.87677951e-02	5.32031910e-03	2.23800725e-02
4434            	-1.02797595e-02	-2.16846509e-03	2.87109114e-02	5.34905884e-03	2.25052751e-02
4435            	-1.02777252e-02	-2.16232686e-03	2.86240156e-02	5.43653094e-03	2.28720081e-02
4436            	-1.02922856e-02	-2.08780324e-03	2.81499039e-02	5.54026183e-03	2.32952940e-02
4437            	-1.03203979e-02	-1.92251353e-03	2.71585699e-02	5.61187086e-03	2.35674258e-02
4438            	-1.03561119e-02	-1.69760312e-03	2.58305518e-02	5.63366180e-03	2.36130260e-02
4439            	-1.03997409e-02	-1.51751652e-03	2.48023754e-02	5.61674764e-03	2.34926050e-02
4440            	-1.04414417e-02	-1.43368624e-03	2.43693638e-02	5.58903063e-03	2.33390279e-02
4441            	-1.04727853e-02	-1.40209908e-03	2.42338705e-02	5.54508196e-03	2.31398204e-02
4442            	-1.04961952e-02	-1.44022563e-03	2.45089244e-02	5.51829227e-03	2.30263119e-02
4443            	-1.05236856e-02	-1.64320252e-03	2.58008191e-02	5.53151981e-03	2.30754724e-02
4444            	-1.05612661e-02	-1.98100912e-03	2.79384189e-02	5.59149159e-03	2.33093036e-02
4445            	-1.06017228e-02	-2.33017315e-03	3.01572959e-02	5.66271229e-03	2.35849552e-02
4446            	-1.06326343e-02	-2.55576713e-03	3.16097972e-02	5.69987424e-03	2.37274633e-02
4447            	-1.06480415e-02	-2.63410587e-03	3.21383149e-02	5.69964006e-03	2.37328232e-02
4448            	-1.06507616e-02	-2.62276810e-03	3.20954989e-02	5.68839669e-03	2.37100484e-02
4449            	-1.06448354e-02	-2.57207850e-03	3.17942663e-02	5.68249260e-03	2.37159698e-02
4450            	-1.06325030e-02	-2.47240191e-03	3.11773759e-02	5.66272263e-03	2.36648917e-02
4451            	-1.06062481e-02	-2.33764333e-03	3.03244993e-02	5.59146909e-03	2.33991807e-02
4452            	-1.05534303e-02	-2.21945336e-03	2.95263969e-02	5.48540528e-03	2.29895822e-02
4453            	-1.04709102e-02	-2.16070382e-03	2.90369870e-02	5.37615624e-03	2.25664208e-02
4454            	-1.03755774e-02	-2.13788877e-03	2.87343915e-02	5.29156774e-03	2.22408157e-02
4455            	-1.02934381e-02	-2.11267286e-03	2.84203480e-02	5.23715821e-03	2.20291420e-02
4456            	-1.02431947e-02	-2.08202132e-03	2.81082107e-02	5.24633843e-03	2.20736839e-02
4457            	-1.02283202e-02	-2.04973743e-03	2.78357881e-02	5.32125647e-03	2.23889205e-02
4458            	-1.02344798e-02	-1.95737629e-03	2.72343403e-02	5.42140002e-03	2.27987791e-02
4459            	-1.02548516e-02	-1.78297046e-03	2.61713826e-02	5.49772047e-03	2.30921831e-02
4460            	-1.02800556e-02	-1.55065550e-03	2.47792503e-02	5.52783953e-03	2.31744347e-02
4461            	-1.03144803e-02	-1.35645968e-03	2.36487380e-02	5.51670853e-03	2.30792932e-02
4462            	-1.03486749e-02	-1.25007022e-03	2.30650959e-02	5.49251840e-03	2.29407319e-02
4463            	-1.03739641e-02	-1.23008296e-03	2.29938155e-02	5.45116869e-03	2.27528800e-02
4464            	-1.03898273e-02	-1.28189581e-03	2.33439906e-02	5.42837225e-03	2.26572817e-02
4465            	-1.04048422e-02	-1.49603532e-03	2.46890812e-02	5.44375972e-03	2.27164083e-02
4466            	-1.04281854e-02	-1.84275710e-03	2.68633602e-02	5.50749457e-03	2.29666068e-02
4467            	-1.04577259e-02	-2.19252862e-03	2.90711529e-02	5.58395814e-03	2.32651490e-02
4468            	-1.04838303e-02	-2.42898715e-03	3.05854736e-02	5.63109374e-03	2.34501201e-02
4469            	-1.04996724e-02	-2.51884739e-03	3.11868638e-02	5.64342272e-03	2.35080942e-02
4470            	-1.05038608e-02	-2.51774246e-03	3.12104417e-02	5.64647302e-03	2.35449355e-02
4471            	-1.04961683e-02	-2.46791228e-03	3.09119212e-02	5.65069640e-03	2.35929461e-02
4472            	-1.04788533e-02	-2.36532369e-03	3.02692810e-02	5.63551865e-03	2.35603889e-02
4473            	-1.04504995e-02	-2.23284437e-03	2.94283732e-02	5.56413463e-03	2.32921674e-02
4474            	-1.04082617e-02	-2.12809474e-03	2.87329957e-02	5.45706740e-03	2.28750640e-02
4475            	-1.03504864e-02	-2.09075289e-03	2.84177659e-02	5.35133024e-03	2.24634792e-02
4476            	-1.02900534e-02	-2.09661521e-03	2.83501423e-02	5.27430796e-03	2.21669392e-02
4477            	-1.02430854e-02	-2.10782870e-03	2.83196180e-02	5.23023511e-03	2.19972318e-02
4478            	-1.02169698e-02	-2.11267308e-03	2.82689323e-02	5.24742745e-03	2.20744527e-02
4479            	-1.02120682e-02	-2.11618635e-03	2.82381557e-02	5.32857533e-03	2.24146521e-02
4480            	-1.02198369e-02	-2.06021902e-03	2.78691361e-02	5.43329817e-03	2.28430266e-02
4481            	-1.02414492e-02	-1.91671433e-03	2.70027633e-02	5.51159737e-03	2.31444067e-02
4482            	-1.02712795e-02	-1.70524116e-03	2.57490660e-02	5.54161666e-03	2.32258013e-02
4483            	-1.03122751e-02	-1.51624818e-03	2.46621152e-02	5.53144043e-03	2.31334243e-02
4484            	-1.03543887e-02	-1.40418074e-03	2.40565206e-02	5.50972688e-03	2.30036365e-02
4485            	-1.03876734e-02	-1.39437974e-03	2.40611608e-02	5.47564212e-03	2.28457007e-02
4486            	-1.04108654e-02	-1.45595857e-03	2.44828115e-02	5.46196116e-03	2.27885571e-02
4487            	-1.04350589e-02	-1.66346542e-03	2.57997989e-02	5.49011870e-03	2.29013527e-02
4488            	-1.04739237e-02	-2.00198025e-03	2.79453497e-02	5.56976077e-03	2.32178136e-02
4489            	-1.05247719e-02	-2.33925663e-03	3.01056181e-02	5.66109557e-03	2.35786937e-02
4490            	-1.05736634e-02	-2.56172623e-03	3.15636522e-02	5.71873334e-03	2.38079167e-02
4491            	-1.06079187e-02	-2.64185937e-03	3.21287410e-02	5.73827989e-03	2.38964409e-02
4492            	-1.06237843e-02	-2.63607917e-03	3.21387785e-02	5.74692462e-03	2.39572169e-02
4493            	-1.06239337e-02	-2.58918066e-03	3.18699426e-02	5.75901942e-03	2.40386557e-02
4494            	-1.06159155e-02	-2.49618555e-03	3.13015103e-02	5.75244626e-03	2.40422882e-02
4495            	-1.05997493e-02	-2.37164680e-03	3.05288437e-02	5.69074047e-03	2.38157951e-02
4496            	-1.05661102e-02	-2.26552093e-03	2.98378895e-02	5.58863549e-03	2.34216020e-02
4497            	-1.05054458e-02	-2.21836718e-03	2.94564846e-02	5.48270320e-03	2.30117428e-02
4498            	-1.04293379e-02	-2.20895675e-03	2.92686109e-02	5.39956139e-03	2.26914889e-02
4499            	-1.03610542e-02	-2.20343296e-03	2.90997512e-02	5.34340191e-03	2.24730948e-02
4500            	-1.03170232e-02	-2.18869751e-03	2.88979610e-02	5.34115524e-03	2.24700924e-02
4501            	-1.03011778e-02	-2.17119936e-03	2.87171224e-02	5.40075676e-03	2.27207672e-02
4502            	-1.03043701e-02	-2.09664930e-03	2.82222027e-02	5.48953343e-03	2.30830474e-02
4503            	-1.03238961e-02	-1.93992353e-03	2.72667742e-02	5.56008298e-03	2.33533392e-02
4504            	-1.03516921e-02	-1.71301506e-03	2.59100367e-02	5.58504105e-03	2.34154774e-02
4505            	-1.03868283e-02	-1.49602883e-03	2.46361167e-02	5.56777961e-03	2.32947536e-02
4506            	-1.04208276e-02	-1.34215620e-03	2.37556821e-02	5.53491661e-03	2.31184762e-02
4507            	-1.04455999e-02	-1.31379751e-03	2.36299793e-02	5.49081086e-03	2.29184041e-02
4508            	-1.04601250e-02	-1.36464078e-03	2.39710590e-02	5.46454278e-03	2.28088521e-02
4509            	-1.04744532e-02	-1.55630804e-03	2.51747183e-02	5.47797172e-03	2.28600861e-02
4510            	-1.04984289e-02	-1.88032053e-03	2.72070823e-02	5.53870639e-03	2.30967633e-02
4511            	-1.05269460e-02	-2.20886862e-03	2.92785051e-02	5.60705116e-03	2.33604001e-02
4512            	-1.05507098e-02	-2.43691393e-03	3.07333433e-02	5.64293030e-03	2.34972011e-02
4513            	-1.05612577e-02	-2.53380639e-03	3.13688081e-02	5.64477611e-03	2.35098691e-02
4514            	-1.05572532e-02	-2.53856174e-03	3.14166832e-02	5.64217312e-03	2.35224154e-02
4515            	-1.05435971e-02	-2.48544688e-03	3.10885630e-02	5.64610701e-03	2.35696212e-02
4516            	-1.05234204e-02	-2.37595791e-03	3.03973447e-02	5.63582476e-03	2.35576388e-02
4517            	-1.04943449e-02	-2.23042998e-03	2.94716881e-02	5.57061325e-03	2.33160593e-02
4518            	-1.04502769e-02	-2.10732048e-03	2.86581059e-02	5.46464242e-03	2.29044366e-02
4519            	-1.03862674e-02	-2.04646858e-03	2.81864848e-02	5.35559944e-03	2.24802292e-02
4520            	-1.03114147e-02	-2.03210843e-03	2.79709531e-02	5.27867306e-03	2.21848868e-02
4521            	-1.02470440e-02	-2.02882436e-03	2.78235852e-02	5.23515882e-03	2.20191684e-02
4522            	-1.02069075e-02	-2.02664662e-03	2.77079210e-02	5.24679978e-03	2.20746037e-02
4523            	-1.01965517e-02	-2.02775346e-03	2.76535217e-02	5.32003923e-03	2.23826469e-02
4524            	-1.02082213e-02	-1.97210036e-03	2.72911243e-02	5.41933288e-03	2.27890294e-02
4525            	-1.02364401e-02	-1.83663537e-03	2.64826076e-02	5.49793930e-03	2.30921854e-02
4526            	-1.02712474e-02	-1.63568624e-03	2.53005362e-02	5.53034941e-03	2.31839760e-02
4527            	-1.03117434e-02	-1.44607869e-03	2.42090463e-02	5.51973425e-03	2.30894584e-02
4528            	-1.03494706e-02	-1.30922130e-03	2.34450798e-02	5.48963499e-03	2.29229700e-02
4529            	-1.03760335e-02	-1.30651673e-03	2.34856371e-02	5.44512590e-03	2.27200602e-02
4530            	-1.03884210e-02	-1.37549045e-03	2.39387333e-02	5.41521528e-03	2.25954523e-02
4531            	-1.03982998e-02	-1.56979893e-03	2.51535700e-02	5.42707058e-03	2.26409916e-02
4532            	-1.04202056e-02	-1.89624039e-03	2.71989582e-02	5.49045916e-03	2.28899302e-02
4533            	-1.04525031e-02	-2.22827142e-03	2.92978762e-02	5.56361309e-03	2.31746764e-02
4534            	-1.04838317e-02	-2.45688251e-03	3.07660459e-02	5.60704880e-03	2.33439281e-02
4535            	-1.05046845e-02	-2.55292286e-03	3.14093150e-02	5.61855782e-03	2.33977923e-02
4536            	-1.05127445e-02	-2.55636449e-03	3.14651347e-02	5.62669854e-03	2.34558857e-02
4537            	-1.05096489e-02	-2.50205248e-03	3.11444766e-02	5.64119315e-03	2.35475470e-02
4538            	-1.04953781e-02	-2.39505796e-03	3.04773823e-02	5.63969148e-03	2.35721868e-02
4539            	-1.04699862e-02	-2.26170903e-03	2.96341255e-02	5.58120680e-03	2.33577950e-02
4540            	-1.04314170e-02	-2.15323363e-03	2.89222108e-02	5.48119332e-03	2.29701323e-02
4541            	-1.03767964e-02	-2.10602416e-03	2.85527129e-02	5.38111561e-03	2.25829929e-02
4542            	-1.03146147e-02	-2.10329619e-03	2.84315275e-02	5.30966632e-03	2.23102212e-02
4543            	-1.02615032e-02	-2.11275590e-03	2.83827064e-02	5.26774144e-03	2.21512758e-02
4544            	-1.02296409e-02	-2.12398658e-03	2.83645923e-02	5.27905193e-03	2.22053232e-02
4545            	-1.02234155e-02	-2.13085099e-03	2.83530493e-02	5.35346766e-03	2.25182802e-02
4546            	-1.02363782e-02	-2.07949664e-03	2.80190751e-02	5.46092043e-03	2.29596699e-02
4547            	-1.02643074e-02	-1.94914844e-03	2.72401070e-02	5.55489186e-03	2.33287985e-02
4548            	-1.03016948e-02	-1.75472361e-03	2.61010217e-02	5.60118248e-03	2.34802131e-02
4549            	-1.03475341e-02	-1.56772742e-03	2.50325072e-02	5.60069133e-03	2.34287517e-02
4550            	-1.03942781e-02	-1.42082705e-03	2.42193745e-02	5.57582768e-03	2.32832050e-02
4551            	-1.04320435e-02	-1.40209077e-03	2.41769422e-02	5.53246141e-03	2.30844612e-02
4552            	-1.04588196e-02	-1.45819728e-03	2.45711691e-02	5.50558527e-03	2.29725574e-02
4553            	-1.04851062e-02	-1.63871180e-03	2.57235085e-02	5.52580714e-03	2.30530680e-02
4554            	-1.05234226e-02	-1.95912995e-03	2.77537526e-02	5.60038882e-03	2.33485933e-02
4555            	-1.05705689e-02	-2.28409776e-03	2.98285492e-02	5.68237966e-03	2.36695155e-02
4556            	-1.06106103e-02	-2.51367529e-03	3.13150226e-02	5.72851486e-03	2.38491496e-02
4557            	-1.06327935e-02	-2.61809328e-03	3.20129698e-02	5.73518015e-03	2.38812210e-02
4558            	-1.06381545e-02	-2.63318473e-03	3.21384781e-02	5.73344796e-03	2.38967891e-02
4559            	-1.06341403e-02	-2.59227123e-03	3.19007946e-02	5.73788213e-03	2.39457888e-02
4560            	-1.06260455e-02	-2.50120992e-03	3.13432961e-02	5.72613878e-03	2.39272803e-02
4561            	-1.06099783e-02	-2.37242015e-03	3.05425839e-02	5.65342394e-03	2.36544207e-02
4562            	-1.05703356e-02	-2.25273789e-03	2.97586395e-02	5.53562484e-03	2.31942454e-02
4563            	-1.04965835e-02	-2.18574137e-03	2.92361461e-02	5.41896863e-03	2.27397227e-02
4564            	-1.04029622e-02	-2.15858964e-03	2.89138107e-02	5.33103718e-03	2.23999102e-02
4565            	-1.03173705e-02	-2.14339206e-03	2.86597490e-02	5.27146883e-03	2.21691657e-02
4566            	-1.02577397e-02	-2.12651413e-03	2.84212125e-02	5.26304953e-03	2.21423147e-02
4567            	-1.02320209e-02	-2.10412037e-03	2.81933467e-02	5.31969714e-03	2.23827633e-02
4568            	-1.02321069e-02	-2.01982988e-03	2.76299975e-02	5.41542689e-03	2.27771087e-02
4569            	-1.02482552e-02	-1.86237696e-03	2.66591152e-02	5.50549280e-03	2.31318821e-02
4570            	-1.02708718e-02	-1.64273257e-03	2.53362871e-02	5.55147380e-03	2.32830485e-02
4571            	-1.03011254e-02	-1.43267558e-03	2.40974932e-02	5.54959820e-03	2.32258990e-02
4572            	-1.03329891e-02	-1.25946831e-03	2.30967316e-02	5.52078382e-03	2.30629957e-02
4573            	-1.03580449e-02	-1.20975462e-03	2.28429936e-02	5.47316313e-03	2.28464336e-02
4574            	-1.03702709e-02	-1.26326956e-03	2.31997037e-02	5.44102534e-03	2.27132096e-02
4575            	-1.03809239e-02	-1.46200029e-03	2.44433508e-02	5.45700453e-03	2.27763447e-02
4576            	-1.04031847e-02	-1.80721617e-03	2.66063281e-02	5.52529868e-03	2.30452853e-02
4577            	-1.04354557e-02	-2.14933685e-03	2.87689033e-02	5.59958014e-03	2.33329883e-02
4578            	-1.04665041e-02	-2.38302142e-03	3.02702100e-02	5.64070735e-03	2.34906533e-02
4579            	-1.04861281e-02	-2.49431628e-03	3.10086605e-02	5.64364392e-03	2.35057258e-02
4580            	-1.04915370e-02	-2.51408887e-03	3.11635135e-02	5.64317078e-03	2.35257555e-02
4581            	-1.04845643e-02	-2.48040711e-03	3.09657363e-02	5.65150578e-03	2.35906995e-02
4582            	-1.04670621e-02	-2.39006327e-03	3.03978182e-02	5.64768862e-03	2.36047387e-02
4583            	-1.04404542e-02	-2.25578958e-03	2.95471917e-02	5.58755578e-03	2.33828411e-02
4584            	-1.04018047e-02	-2.13212524e-03	2.87413272e-02	5.48141831e-03	2.29697744e-02
4585            	-1.03458524e-02	-2.06713054e-03	2.82601820e-02	5.37060614e-03	2.25382128e-02
4586            	-1.02798014e-02	-2.05007285e-03	2.80442359e-02	5.28950283e-03	2.22262426e-02
4587            	-1.02242201e-02	-2.06000159e-03	2.79945641e-02	5.24096008e-03	2.20407002e-02
4588            	-1.01916210e-02	-2.07319553e-03	2.79874313e-02	5.23854124e-03	2.20367944e-02
4589            	-1.01859337e-02	-2.08310620e-03	2.79946074e-02	5.29737514e-03	2.22843286e-02
4590            	-1.01990389e-02	-2.03086285e-03	2.76542663e-02	5.39068295e-03	2.26669036e-02
4591            	-1.02257080e-02	-1.90267668e-03	2.68841546e-02	5.47607125e-03	2.30009771e-02
4592            	-1.02589129e-02	-1.70715357e-03	2.57300825e-02	5.51969153e-03	2.31419161e-02
4593            	-1.02976285e-02	-1.51756335e-03	2.46338115e-02	5.51590138e-03	2.30769896e-02
4594            	-1.03362605e-02	-1.36143131e-03	2.37516254e-02	5.48683077e-03	2.29120757e-02
4595            	-1.03665478e-02	-1.31549220e-03	2.35320021e-02	5.44112415e-03	2.27020766e-02
4596            	-1.03830137e-02	-1.37814907e-03	2.39524376e-02	5.40987513e-03	2.25715106e-02
4597            	-1.03935134e-02	-1.57689794e-03	2.51948310e-02	5.43105930e-03	2.26562956e-02
4598            	-1.04161314e-02	-1.91514569e-03	2.73132751e-02	5.50917316e-03	2.29671812e-02
4599            	-1.04512834e-02	-2.23851522e-03	2.93611685e-02	5.59365238e-03	2.32984775e-02
4600            	-1.04867163e-02	-2.45367458e-03	3.07510027e-02	5.64504645e-03	2.34997405e-02
4601            	-1.05129005e-02	-2.56151284e-03	3.14754152e-02	5.65907522e-03	2.35617614e-02
4602            	-1.05249989e-02	-2.58576507e-03	3.16666588e-02	5.66977717e-03	2.36290995e-02
4603            	-1.05261929e-02	-2.55717459e-03	3.15118495e-02	5.68992572e-03	2.37446712e-02
4604            	-1.05173978e-02	-2.46200169e-03	3.09259138e-02	5.69577252e-03	2.38009601e-02
4605            	-1.04989002e-02	-2.31906042e-03	3.00325903e-02	5.64485263e-03	2.36192354e-02
4606            	-1.04680196e-02	-2.19087083e-03	2.92106147e-02	5.54453356e-03	2.32312547e-02
4607            	-1.04175078e-02	-2.12576952e-03	2.87383157e-02	5.43719096e-03	2.28145200e-02
4608            	-1.03515569e-02	-2.11167905e-03	2.85424778e-02	5.35927586e-03	2.25169443e-02
4609            	-1.02898250e-02	-2.12344092e-03	2.84967182e-02	5.31546334e-03	2.23524255e-02
4610            	-1.02490334e-02	-2.14305953e-03	2.85185441e-02	5.31525605e-03	2.23592138e-02
4611            	-1.02363189e-02	-2.15637717e-03	2.85362897e-02	5.37517231e-03	2.26131903e-02
4612            	-1.02464952e-02	-2.10221372e-03	2.81786342e-02	5.47142277e-03	2.30105313e-02
4613            	-1.02711865e-02	-1.96964752e-03	2.73762440e-02	5.56446236e-03	2.33791253e-02
4614            	-1.03067057e-02	-1.77397243e-03	2.62233474e-02	5.61366623e-03	2.35442213e-02
4615            	-1.03505916e-02	-1.58281664e-03	2.51246209e-02	5.61197681e-03	2.34862746e-02
4616            	-1.03982874e-02	-1.42169693e-03	2.42250797e-02	5.58040510e-03	2.33084426e-02
4617            	-1.04400083e-02	-1.35388087e-03	2.38871608e-02	5.52760200e-03	2.30671123e-02
4618            	-1.04686932e-02	-1.41013974e-03	2.42861932e-02	5.48648850e-03	2.28951486e-02
4619            	-1.04936897e-02	-1.61247479e-03	2.55724063e-02	5.49987290e-03	2.29473785e-02
4620            	-1.05295051e-02	-1.95585946e-03	2.77423154e-02	5.57398702e-03	2.32409501e-02
4621            	-1.05742799e-02	-2.28073158e-03	2.98133046e-02	5.65441702e-03	2.35532852e-02
4622            	-1.06131875e-02	-2.50048940e-03	3.12364942e-02	5.69987981e-03	2.37267982e-02
4623            	-1.06355733e-02	-2.61418096e-03	3.19911156e-02	5.70451974e-03	2.37464127e-02
4624            	-1.06407555e-02	-2.64606210e-03	3.22189699e-02	5.70175754e-03	2.37548172e-02
4625            	-1.06357136e-02	-2.63437164e-03	3.21602788e-02	5.71084470e-03	2.38224196e-02
4626            	-1.06250142e-02	-2.56050172e-03	3.17057886e-02	5.71060991e-03	2.38518887e-02
4627            	-1.06053721e-02	-2.42541624e-03	3.08602988e-02	5.65776940e-03	2.36623780e-02
4628            	-1.05649135e-02	-2.28408750e-03	2.99414769e-02	5.55663236e-03	2.32724605e-02
4629            	-1.04923971e-02	-2.19498895e-03	2.92858334e-02	5.44435224e-03	2.28373610e-02
4630            	-1.03975051e-02	-2.15531120e-03	2.88853574e-02	5.35341172e-03	2.24879391e-02
4631            	-1.03063381e-02	-2.14106074e-03	2.86313128e-02	5.29596345e-03	2.22684835e-02
4632            	-1.02415684e-02	-2.13052014e-03	2.84261581e-02	5.27841531e-03	2.22036530e-02
4633            	-1.02135186e-02	-2.10344011e-03	2.81653084e-02	5.32575913e-03	2.24054987e-02
4634            	-1.02136289e-02	-2.01236232e-03	2.75577871e-02	5.41553334e-03	2.27770925e-02
4635            	-1.02289232e-02	-1.85619800e-03	2.65894191e-02	5.50878361e-03	2.31476788e-02
4636            	-1.02510295e-02	-1.64126217e-03	2.52921751e-02	5.56290090e-03	2.33352120e-02
4637            	-1.02806052e-02	-1.43769889e-03	2.40924185e-02	5.56574160e-03	2.32974698e-02
4638            	-1.03145694e-02	-1.26264020e-03	2.30850611e-02	5.53597036e-03	2.31273383e-02
4639            	-1.03444315e-02	-1.17028207e-03	2.25785738e-02	5.47787484e-03	2.28635529e-02
4640            	-1.03606794e-02	-1.20803679e-03	2.28452457e-02	5.42568094e-03	2.26450946e-02
4641            	-1.03703581e-02	-1.41254159e-03	2.41229231e-02	5.42462066e-03	2.26379851e-02
4642            	-1.03885991e-02	-1.76195667e-03	2.63057399e-02	5.48690030e-03	2.28840575e-02
4643            	-1.04180752e-02	-2.11216893e-03	2.85130676e-02	5.55728200e-03	2.31555565e-02
4644            	-1.04487383e-02	-2.34925979e-03	3.00327085e-02	5.59993867e-03	2.33172404e-02
4645            	-1.04718811e-02	-2.47573064e-03	3.08691520e-02	5.61019807e-03	2.33598577e-02
4646            	-1.04815800e-02	-2.52829032e-03	3.12343839e-02	5.61159042e-03	2.33853207e-02
4647            	-1.04797703e-02	-2.53069996e-03	3.12692928e-02	5.62116754e-03	2.34547989e-02
4648            	-1.04667389e-02	-2.45950745e-03	3.08277848e-02	5.62055239e-03	2.34829787e-02
4649            	-1.04436370e-02	-2.31722339e-03	2.99313340e-02	5.56984803e-03	2.33022676e-02
4650            	-1.04071876e-02	-2.17004889e-03	2.89834881e-02	5.46747921e-03	2.29053144e-02
4651            	-1.03530446e-02	-2.08622650e-03	2.83911617e-02	5.35504263e-03	2.24668660e-02
4652            	-1.02857163e-02	-2.06697197e-03	2.81628885e-02	5.27914593e-03	2.21784911e-02
4653            	-1.02255128e-02	-2.08186420e-03	2.81414882e-02	5.24560685e-03	2.20580706e-02
4654            	-1.01878907e-02	-2.10538685e-03	2.81934930e-02	5.24597773e-03	2.20674730e-02
4655            	-1.01769829e-02	-2.11074076e-03	2.81636718e-02	5.30181435e-03	2.23038995e-02
4656            	-1.01857977e-02	-2.05190795e-03	2.77726181e-02	5.39520500e-03	2.26904456e-02
4657            	-1.02057916e-02	-1.92058271e-03	2.69681124e-02	5.49278850e-03	2.30792710e-02
4658            	-1.02327604e-02	-1.72472056e-03	2.57987047e-02	5.55221977e-03	2.32892840e-02
4659            	-1.02660787e-02	-1.53996338e-03	2.47230604e-02	5.56619837e-03	2.32961257e-02
4660            	-1.03058168e-02	-1.37618295e-03	2.37957862e-02	5.55145662e-03	2.31846220e-02
4661            	-1.03435205e-02	-1.27985803e-03	2.32788325e-02	5.50496867e-03	2.29656590e-02
4662            	-1.03681870e-02	-1.30217648e-03	2.34638225e-02	5.46098733e-03	2.27802662e-02
4663            	-1.03833911e-02	-1.50170564e-03	2.47194546e-02	5.47249184e-03	2.28272553e-02
4664            	-1.04066677e-02	-1.85807007e-03	2.69529584e-02	5.54846360e-03	2.31321764e-02
4665            	-1.04437482e-02	-2.22494455e-03	2.92739191e-02	5.62881642e-03	2.34459465e-02
4666            	-1.04843856e-02	-2.46219823e-03	3.08060270e-02	5.67923073e-03	2.36399366e-02
4667            	-1.05168031e-02	-2.57119874e-03	3.15439821e-02	5.69642212e-03	2.37115679e-02
4668            	-1.05338320e-02	-2.60658050e-03	3.18098280e-02	5.69900501e-03	2.37424858e-02
4669            	-1.05377678e-02	-2.60420379e-03	3.18219853e-02	5.71029130e-03	2.38194391e-02
4670            	-1.05321875e-02	-2.54395363e-03	3.14601443e-02	5.71346257e-03	2.38633198e-02
4671            	-1.05188098e-02	-2.41393225e-03	3.06557319e-02	5.66931551e-03	2.37108486e-02
4672            	-1.04949754e-02	-2.26793988e-03	2.97358837e-02	5.57637455e-03	2.33561301e-02
4673            	-1.04530392e-02	-2.18278402e-03	2.91557128e-02	5.47411932e-03	2.29632785e-02
4674            	-1.03926780e-02	-2.16187748e-03	2.89292298e-02	5.39177025e-03	2.26505568e-02
4675            	-1.03322135e-02	-2.17721855e-03	2.89113593e-02	5.33924263e-03	2.24520239e-02
4676            	-1.02908751e-02	-2.19825297e-03	2.89424619e-02	5.31726174e-03	2.23683742e-02
4677            	-1.02744312e-02	-2.19598607e-03	2.88553339e-02	5.35854643e-03	2.25446692e-02
4678            	-1.02784191e-02	-2.13045244e-03	2.84116013e-02	5.44704821e-03	2.29124203e-02
4679            	-1.02956438e-02	-1.99467797e-03	2.75713709e-02	5.54783034e-03	2.33166913e-02
4680            	-1.03234320e-02	-1.79813425e-03	2.63959679e-02	5.61156603e-03	2.35480922e-02
4681            	-1.03593035e-02	-1.60632394e-03	2.52777327e-02	5.62313186e-03	2.35457626e-02
4682            	-1.03995706e-02	-1.44248214e-03	2.43474613e-02	5.60359763e-03	2.34132746e-02
4683            	-1.04366862e-02	-1.31837321e-03	2.36548492e-02	5.54779798e-03	2.31534242e-02
4684            	-1.04607830e-02	-1.29690755e-03	2.35655683e-02	5.49234928e-03	2.29186211e-02
4685            	-1.04781512e-02	-1.46550066e-03	2.46314748e-02	5.49758142e-03	2.29393612e-02
4686            	-1.05041472e-02	-1.80727688e-03	2.67766779e-02	5.56836307e-03	2.32217445e-02
4687            	-1.05391370e-02	-2.17766142e-03	2.91152902e-02	5.64971042e-03	2.35386221e-02
4688            	-1.05739304e-02	-2.43395464e-03	3.07572232e-02	5.70176269e-03	2.37366874e-02
4689            	-1.05993855e-02	-2.55323865e-03	3.15494399e-02	5.71535006e-03	2.37893210e-02
4690            	-1.06097442e-02	-2.59895792e-03	3.18712748e-02	5.71094856e-03	2.37875332e-02
4691            	-1.06081026e-02	-2.60917577e-03	3.19553154e-02	5.71614402e-03	2.38373332e-02
4692            	-1.05977971e-02	-2.56154246e-03	3.16661428e-02	5.71471292e-03	2.38621050e-02
4693            	-1.05794446e-02	-2.43261536e-03	3.08603883e-02	5.66524579e-03	2.36880101e-02
4694            	-1.05425441e-02	-2.26661054e-03	2.97949533e-02	5.55721133e-03	2.32715405e-02
4695            	-1.04788372e-02	-2.15549198e-03	2.90190994e-02	5.44277982e-03	2.28285217e-02
4696            	-1.03922307e-02	-2.11378728e-03	2.86224771e-02	5.35233888e-03	2.24823841e-02
4697            	-1.03052467e-02	-2.10476720e-03	2.84111756e-02	5.28689483e-03	2.22303410e-02
4698            	-1.02418012e-02	-2.10229800e-03	2.82605079e-02	5.25127494e-03	2.20905819e-02
4699            	-1.02122740e-02	-2.07951492e-03	2.80236861e-02	5.28143111e-03	2.22216685e-02
4700            	-1.02098204e-02	-1.99980897e-03	2.74784342e-02	5.36111236e-03	2.25547934e-02
4701            	-1.02213948e-02	-1.85502369e-03	2.65702352e-02	5.45237561e-03	2.29208913e-02
4702            	-1.02434838e-02	-1.64988484e-03	2.53308504e-02	5.50554529e-03	2.31087180e-02
4703            	-1.02745442e-02	-1.45518058e-03	2.41880732e-02	5.50913368e-03	2.30739599e-02
4704            	-1.03125667e-02	-1.29948970e-03	2.33063144e-02	5.48740079e-03	2.29325280e-02
4705            	-1.03489912e-02	-1.17765642e-03	2.26291979e-02	5.43258985e-03	2.26758090e-02
4706            	-1.03720771e-02	-1.15472185e-03	2.25316059e-02	5.37453215e-03	2.24299195e-02
4707            	-1.03834198e-02	-1.33040003e-03	2.36354499e-02	5.37837620e-03	2.24462301e-02
4708            	-1.03993679e-02	-1.69168178e-03	2.58899524e-02	5.44780849e-03	2.27242714e-02
4709            	-1.04261186e-02	-2.08155980e-03	2.83401022e-02	5.53511747e-03	2.30675524e-02
4710            	-1.04557897e-02	-2.35551344e-03	3.00849312e-02	5.60027539e-03	2.33210597e-02
4711            	-1.04787203e-02	-2.47647440e-03	3.08821783e-02	5.62742226e-03	2.34299767e-02
4712            	-1.04878773e-02	-2.52740054e-03	3.12348955e-02	5.63863124e-03	2.34933872e-02
4713            	-1.04863983e-02	-2.54478898e-03	3.13645465e-02	5.65556088e-03	2.35918470e-02
4714            	-1.04742948e-02	-2.50777001e-03	3.11390521e-02	5.66600785e-03	2.36648630e-02
4715            	-1.04544685e-02	-2.39229831e-03	3.04152874e-02	5.63450817e-03	2.35635818e-02
4716            	-1.04223610e-02	-2.23784175e-03	2.94310892e-02	5.54711731e-03	2.32307286e-02
4717            	-1.03742236e-02	-2.13631146e-03	2.87410616e-02	5.44515195e-03	2.28383537e-02
4718            	-1.03129564e-02	-2.10972859e-03	2.84801805e-02	5.36098713e-03	2.25176740e-02
4719            	-1.02549945e-02	-2.12838583e-03	2.84897265e-02	5.31146491e-03	2.23315213e-02
4720            	-1.02141420e-02	-2.15734660e-03	2.85733948e-02	5.29407050e-03	2.22670574e-02
4721            	-1.01960619e-02	-2.16274926e-03	2.85332340e-02	5.33743375e-03	2.24516448e-02
4722            	-1.01959441e-02	-2.11215476e-03	2.81746101e-02	5.42670312e-03	2.28247374e-02
4723            	-1.02091057e-02	-1.99279403e-03	2.74276298e-02	5.52366286e-03	2.32153631e-02
4724            	-1.02356825e-02	-1.80404851e-03	2.62972722e-02	5.58254488e-03	2.34280208e-02
4725            	-1.02721652e-02	-1.61307961e-03	2.51866971e-02	5.59323526e-03	2.34230876e-02
4726            	-1.03168329e-02	-1.47494397e-03	2.44237170e-02	5.58115712e-03	2.33201194e-02
4727            	-1.03605197e-02	-1.36017477e-03	2.38027887e-02	5.53467148e-03	2.30952488e-02
4728            	-1.03927017e-02	-1.31606998e-03	2.35897118e-02	5.47529818e-03	2.28423984e-02
4729            	-1.04178090e-02	-1.45911418e-03	2.45127195e-02	5.47488934e-03	2.28421028e-02
4730            	-1.04509127e-02	-1.80747001e-03	2.67112139e-02	5.53811486e-03	2.30960254e-02
4731            	-1.04973468e-02	-2.19799806e-03	2.91919292e-02	5.62289105e-03	2.34297167e-02
4732            	-1.05480479e-02	-2.47953683e-03	3.10116688e-02	5.68535216e-03	2.36708848e-02
4733            	-1.05878057e-02	-2.60220160e-03	3.18423909e-02	5.70762677e-03	2.37580243e-02
4734            	-1.06086943e-02	-2.63604702e-03	3.21036780e-02	5.70967612e-03	2.37815567e-02
4735            	-1.06130499e-02	-2.64153599e-03	3.21670505e-02	5.71966801e-03	2.38509184e-02
4736            	-1.06065436e-02	-2.60893692e-03	3.19776028e-02	5.72658313e-03	2.39106995e-02
4737            	-1.05955671e-02	-2.50492925e-03	3.13384673e-02	5.69514527e-03	2.38111608e-02
4738            	-1.05731655e-02	-2.35344239e-03	3.03871265e-02	5.60807394e-03	2.34813309e-02
4739            	-1.05258926e-02	-2.24275095e-03	2.96406276e-02	5.50374412e-03	2.30805425e-02
4740            	-1.04499050e-02	-2.20060962e-03	2.92596281e-02	5.41959207e-03	2.27621294e-02
4741            	-1.03676591e-02	-2.19620410e-03	2.90872087e-02	5.35637535e-03	2.25208771e-02
4742            	-1.03035049e-02	-2.19369545e-03	2.89378452e-02	5.30966340e-03	2.23351397e-02
4743            	-1.02665533e-02	-2.17261075e-03	2.87024179e-02	5.33350604e-03	2.24393538e-02
4744            	-1.02564207e-02	-2.10962782e-03	2.82477856e-02	5.41783127e-03	2.27933755e-02
4745            	-1.02628912e-02	-1.97872695e-03	2.74140291e-02	5.52109466e-03	2.32121654e-02
4746            	-1.02828592e-02	-1.77133377e-03	2.61524350e-02	5.58929347e-03	2.34658710e-02
4747            	-1.03100188e-02	-1.54536569e-03	2.48062843e-02	5.60581813e-03	2.34869107e-02
4748            	-1.03419141e-02	-1.39321842e-03	2.39325433e-02	5.59904270e-03	2.34074749e-02
4749            	-1.03729750e-02	-1.27512925e-03	2.32689306e-02	5.56281115e-03	2.32236280e-02
4750            	-1.03937008e-02	-1.19872019e-03	2.28373910e-02	5.50159052e-03	2.29606644e-02
4751            	-1.04051239e-02	-1.29849097e-03	2.34725596e-02	5.48457836e-03	2.28906776e-02
4752            	-1.04210608e-02	-1.61884391e-03	2.54727601e-02	5.52439484e-03	2.30482387e-02
4753            	-1.04451313e-02	-2.01233344e-03	2.79387030e-02	5.59316822e-03	2.33163458e-02
4754            	-1.04712042e-02	-2.32265402e-03	2.99007640e-02	5.65106870e-03	2.35379333e-02
4755            	-1.04910705e-02	-2.47467401e-03	3.08850929e-02	5.66978570e-03	2.36081790e-02
4756            	-1.04980148e-02	-2.51952445e-03	3.11960269e-02	5.66175099e-03	2.35872372e-02
4757            	-1.04931685e-02	-2.51438496e-03	3.11807242e-02	5.65506100e-03	2.35862797e-02
4758            	-1.04789673e-02	-2.47032053e-03	3.09080312e-02	5.64477774e-03	2.35746502e-02
4759            	-1.04570118e-02	-2.35811138e-03	3.01994882e-02	5.60336041e-03	2.34334651e-02
4760            	-1.04234500e-02	-2.20055696e-03	2.91926879e-02	5.50822219e-03	2.30687336e-02
4761            	-1.03755223e-02	-2.08223356e-03	2.83979309e-02	5.39361757e-03	2.26228020e-02
4762            	-1.03111088e-02	-2.03704863e-03	2.80165015e-02	5.29296200e-03	2.22336111e-02
4763            	-1.02466420e-02	-2.03895697e-03	2.79119994e-02	5.22931288e-03	2.19904748e-02
4764            	-1.01994768e-02	-2.04793865e-03	2.78620864e-02	5.19862749e-03	2.18727686e-02
4765            	-1.01784561e-02	-2.04683380e-03	2.77771998e-02	5.23293540e-03	2.20195079e-02
4766            	-1.01820317e-02	-2.00788075e-03	2.74945445e-02	5.31901784e-03	2.23779217e-02
4767            	-1.01995483e-02	-1.90929848e-03	2.68811207e-02	5.42637216e-03	2.28125239e-02
4768            	-1.02283611e-02	-1.73487076e-03	2.58414957e-02	5.49870900e-03	2.30834741e-02
4769            	-1.02635048e-02	-1.53301424e-03	2.46613016e-02	5.51682006e-03	2.31116219e-02
4770            	-1.03032666e-02	-1.40638415e-03	2.39613345e-02	5.51122602e-03	2.30365555e-02
4771            	-1.03381178e-02	-1.32156246e-03	2.35124789e-02	5.48167832e-03	2.28784724e-02
4772            	-1.03600630e-02	-1.26124192e-03	2.31848799e-02	5.42728508e-03	2.26417372e-02
4773            	-1.03693602e-02	-1.36017265e-03	2.38131536e-02	5.41760117e-03	2.26018561e-02
4774            	-1.03823078e-02	-1.67305559e-03	2.57633161e-02	5.47101090e-03	2.28176550e-02
4775            	-1.04070929e-02	-2.06889636e-03	2.82450572e-02	5.56124403e-03	2.31774814e-02
4776            	-1.04383205e-02	-2.38820150e-03	3.02699329e-02	5.64318469e-03	2.35003835e-02
4777            	-1.04649884e-02	-2.54400765e-03	3.12863851e-02	5.68131815e-03	2.36518891e-02
4778            	-1.04801830e-02	-2.57695108e-03	3.15335928e-02	5.68742833e-03	2.36900334e-02
4779            	-1.04847646e-02	-2.55680489e-03	3.14370621e-02	5.69120573e-03	2.37329677e-02
4780            	-1.04778059e-02	-2.50247701e-03	3.11099861e-02	5.69161662e-03	2.37668593e-02
4781            	-1.04595296e-02	-2.38856008e-03	3.03959334e-02	5.66038997e-03	2.36691807e-02
4782            	-1.04285500e-02	-2.23351153e-03	2.94093122e-02	5.56980149e-03	2.33243257e-02
4783            	-1.03826390e-02	-2.11942089e-03	2.86453753e-02	5.46108001e-03	2.29034238e-02
4784            	-1.03230773e-02	-2.08277763e-03	2.83267630e-02	5.36672456e-03	2.25406128e-02
4785            	-1.02645240e-02	-2.09885060e-03	2.83216951e-02	5.31153808e-03	2.23331842e-02
4786            	-1.02221228e-02	-2.11701409e-03	2.83376419e-02	5.27349540e-03	2.21842405e-02
4787            	-1.02032902e-02	-2.12153676e-03	2.82916720e-02	5.29394643e-03	2.22726644e-02
4788            	-1.02069259e-02	-2.09014609e-03	2.80556752e-02	5.37151802e-03	2.25967909e-02
4789            	-1.02251595e-02	-1.99112922e-03	2.74387600e-02	5.47039786e-03	2.29971308e-02
4790            	-1.02561931e-02	-1.81267320e-03	2.63753086e-02	5.53412666e-03	2.32322775e-02
4791            	-1.02962390e-02	-1.60524204e-03	2.51675972e-02	5.54726188e-03	2.32396865e-02
4792            	-1.03437056e-02	-1.48430474e-03	2.45153139e-02	5.53891861e-03	2.31543030e-02
4793            	-1.03903673e-02	-1.40540815e-03	2.41216431e-02	5.51311575e-03	2.30120711e-02
4794            	-1.04277287e-02	-1.33811380e-03	2.37736798e-02	5.46496855e-03	2.28012028e-02
4795            	-1.04567263e-02	-1.42354103e-03	2.43473173e-02	5.46195249e-03	2.27896413e-02
4796            	-1.04888032e-02	-1.71868422e-03	2.62149465e-02	5.51761562e-03	2.30151338e-02
4797            	-1.05305051e-02	-2.10269859e-03	2.86458463e-02	5.61143132e-03	2.33895930e-02
4798            	-1.05752331e-02	-2.43480915e-03	3.07689763e-02	5.70168905e-03	2.37464076e-02
4799            	-1.06083224e-02	-2.61109242e-03	3.19225626e-02	5.74724986e-03	2.39275447e-02
4800            	-1.06241210e-02	-2.65721463e-03	3.22538229e-02	5.75665378e-03	2.39775143e-02
4801            	-1.06260929e-02	-2.64872420e-03	3.22277533e-02	5.76193341e-03	2.40251652e-02
4802            	-1.06190340e-02	-2.61051462e-03	3.20028311e-02	5.76550958e-03	2.40716766e-02
4803            	-1.06080374e-02	-2.51932840e-03	3.14426027e-02	5.74371278e-03	2.40126290e-02
4804            	-1.05839966e-02	-2.38222233e-03	3.05789839e-02	5.66485268e-03	2.37160494e-02
4805            	-1.05327418e-02	-2.27043581e-03	2.98214140e-02	5.55639226e-03	2.32968257e-02
4806            	-1.04521665e-02	-2.21842421e-03	2.93744139e-02	5.44923776e-03	2.28821077e-02
4807            	-1.03626314e-02	-2.20534780e-03	2.91388855e-02	5.37267847e-03	2.25875538e-02
4808            	-1.02884263e-02	-2.19473511e-03	2.89251298e-02	5.32463959e-03	2.23993070e-02
4809            	-1.02425985e-02	-2.17123775e-03	2.86612494e-02	5.33915568e-03	2.24644875e-02
4810            	-1.02275762e-02	-2.11318069e-03	2.82273118e-02	5.40877669e-03	2.27567986e-02
4811            	-1.02313841e-02	-1.98683520e-03	2.74136420e-02	5.49733594e-03	2.31156831e-02
4812            	-1.02491757e-02	-1.77961749e-03	2.61463705e-02	5.55564597e-03	2.33306325e-02
4813            	-1.02735699e-02	-1.53630320e-03	2.46874550e-02	5.56569446e-03	2.33267000e-02
4814            	-1.03045125e-02	-1.37402277e-03	2.37495769e-02	5.55055128e-03	2.32144070e-02
4815            	-1.03344505e-02	-1.27417427e-03	2.31977218e-02	5.51836925e-03	2.30455580e-02
4816            	-1.03550160e-02	-1.19589541e-03	2.27552443e-02	5.45847752e-03	2.27845912e-02
4817            	-1.03665269e-02	-1.25937555e-03	2.31679621e-02	5.42967307e-03	2.26645802e-02
4818            	-1.03825038e-02	-1.53754495e-03	2.49089644e-02	5.45193455e-03	2.27508274e-02
4819            	-1.04089852e-02	-1.92685302e-03	2.73528755e-02	5.51486675e-03	2.29965568e-02
4820            	-1.04403238e-02	-2.27612912e-03	2.95634362e-02	5.58286190e-03	2.32592984e-02
4821            	-1.04664344e-02	-2.47106885e-03	3.08222513e-02	5.61696066e-03	2.33910515e-02
4822            	-1.04801828e-02	-2.53180526e-03	3.12419575e-02	5.62047408e-03	2.34156015e-02
4823            	-1.04820845e-02	-2.52068031e-03	3.12001741e-02	5.61982222e-03	2.34387583e-02
4824            	-1.04727236e-02	-2.47366401e-03	3.09165791e-02	5.62136426e-03	2.34757835e-02
4825            	-1.04538974e-02	-2.37128726e-03	3.02734469e-02	5.60128290e-03	2.34225227e-02
4826            	-1.04232624e-02	-2.22846244e-03	2.93631369e-02	5.52245136e-03	2.31241873e-02
4827            	-1.03761563e-02	-2.11653681e-03	2.86109587e-02	5.42262674e-03	2.27393133e-02
4828            	-1.03120066e-02	-2.07246551e-03	2.82392747e-02	5.33397411e-03	2.24007289e-02
4829            	-1.02471346e-02	-2.07615914e-03	2.81477189e-02	5.28282403e-03	2.22121985e-02
4830            	-1.01999388e-02	-2.08484572e-03	2.80980924e-02	5.25494486e-03	2.21072601e-02
4831            	-1.01789423e-02	-2.08332826e-03	2.80125528e-02	5.28339565e-03	2.22289825e-02
4832            	-1.01821355e-02	-2.05464381e-03	2.77932617e-02	5.36558133e-03	2.25714022e-02
4833            	-1.01986197e-02	-1.96642628e-03	2.72397681e-02	5.46767131e-03	2.29852578e-02
4834            	-1.02257399e-02	-1.79473472e-03	2.62111623e-02	5.53863094e-03	2.32523461e-02
4835            	-1.02585348e-02	-1.57590332e-03	2.49198779e-02	5.55917858e-03	2.32917560e-02
4836            	-1.02977140e-02	-1.42755662e-03	2.40841707e-02	5.55018199e-03	2.32039668e-02
4837            	-1.03314060e-02	-1.36480914e-03	2.37711563e-02	5.52621479e-03	2.30675213e-02
4838            	-1.03539292e-02	-1.32860099e-03	2.35954291e-02	5.47668530e-03	2.28478789e-02
4839            	-1.03661268e-02	-1.39068523e-03	2.40024088e-02	5.45175685e-03	2.27434701e-02
4840            	-1.03810935e-02	-1.63978918e-03	2.55621722e-02	5.47538559e-03	2.28365359e-02
4841            	-1.04075936e-02	-2.00124158e-03	2.78319023e-02	5.54140753e-03	2.30966117e-02
4842            	-1.04401802e-02	-2.34456785e-03	3.00047213e-02	5.61730583e-03	2.33936487e-02
4843            	-1.04687936e-02	-2.53556024e-03	3.12382520e-02	5.65699247e-03	2.35495817e-02
4844            	-1.04870177e-02	-2.58711400e-03	3.16033741e-02	5.66195791e-03	2.35805162e-02
4845            	-1.04949590e-02	-2.56248203e-03	3.14847505e-02	5.65567034e-03	2.35816458e-02
4846            	-1.04918939e-02	-2.49873526e-03	3.11056286e-02	5.64790218e-03	2.35822581e-02
4847            	-1.04777274e-02	-2.38234973e-03	3.03812005e-02	5.62188884e-03	2.35065215e-02
4848            	-1.04520371e-02	-2.23817039e-03	2.94699742e-02	5.54632296e-03	2.32228126e-02
4849            	-1.04130936e-02	-2.12837073e-03	2.87436400e-02	5.43828332e-03	2.28036457e-02
4850            	-1.03583599e-02	-2.08608282e-03	2.83980452e-02	5.33613145e-03	2.24084622e-02
4851            	-1.02991734e-02	-2.08787545e-03	2.83041773e-02	5.26812495e-03	2.21499268e-02
4852            	-1.02508591e-02	-2.09659547e-03	2.82546474e-02	5.23674459e-03	2.20315251e-02
4853            	-1.02246924e-02	-2.09878863e-03	2.81855709e-02	5.27039376e-03	2.21758673e-02
4854            	-1.02237889e-02	-2.08332845e-03	2.80421549e-02	5.36210702e-03	2.25589825e-02
4855            	-1.02399077e-02	-2.00465039e-03	2.75460769e-02	5.47044904e-03	2.29997445e-02
4856            	-1.02697697e-02	-1.83422668e-03	2.65284341e-02	5.54569356e-03	2.32856134e-02
4857            	-1.03082828e-02	-1.61873017e-03	2.52668553e-02	5.57436999e-03	2.33600859e-02
4858            	-1.03539931e-02	-1.46668944e-03	2.44189800e-02	5.57162126e-03	2.32991034e-02
4859            	-1.03977555e-02	-1.40749757e-03	2.41431859e-02	5.55903659e-03	2.32093231e-02
4860            	-1.04331642e-02	-1.38063986e-03	2.40438327e-02	5.52662117e-03	2.30594012e-02
4861            	-1.04631178e-02	-1.42875786e-03	2.43896758e-02	5.51443755e-03	2.30069596e-02
4862            	-1.04962491e-02	-1.65366385e-03	2.58253221e-02	5.54795794e-03	2.31407963e-02
4863            	-1.05378709e-02	-2.01840294e-03	2.81382960e-02	5.63052045e-03	2.34702256e-02
4864            	-1.05826519e-02	-2.38589956e-03	3.04806416e-02	5.72503001e-03	2.38452315e-02
4865            	-1.06161458e-02	-2.60471657e-03	3.18961873e-02	5.77747576e-03	2.40536251e-02
4866            	-1.06318208e-02	-2.66623169e-03	3.23198713e-02	5.78554389e-03	2.40950691e-02
4867            	-1.06326175e-02	-2.64515783e-03	3.22128899e-02	5.77625514e-03	2.40810413e-02
4868            	-1.06232027e-02	-2.59209303e-03	3.18921781e-02	5.76595678e-03	2.40694411e-02
4869            	-1.06094978e-02	-2.49608522e-03	3.12981184e-02	5.73808407e-03	2.39852392e-02
4870            	-1.05857452e-02	-2.36803292e-03	3.04925156e-02	5.65879482e-03	2.36864772e-02
4871            	-1.05381591e-02	-2.26202177e-03	2.97776035e-02	5.54426585e-03	2.32415567e-02
4872            	-1.04602578e-02	-2.21029245e-03	2.93375453e-02	5.43354714e-03	2.28125142e-02
4873            	-1.03700134e-02	-2.19134761e-03	2.90653823e-02	5.35150254e-03	2.24974298e-02
4874            	-1.02930664e-02	-2.17551068e-03	2.88164416e-02	5.29236163e-03	2.22647415e-02
4875            	-1.02445681e-02	-2.15115035e-03	2.85445399e-02	5.29079617e-03	2.22632457e-02
4876            	-1.02285516e-02	-2.10951797e-03	2.82108437e-02	5.35182435e-03	2.25193326e-02
4877            	-1.02331129e-02	-1.99730779e-03	2.74834041e-02	5.43727521e-03	2.28653593e-02
4878            	-1.02535743e-02	-1.79780230e-03	2.62653378e-02	5.49863157e-03	2.30944179e-02
4879            	-1.02797503e-02	-1.54804579e-03	2.47669956e-02	5.51661215e-03	2.31254630e-02
4880            	-1.03117177e-02	-1.35710000e-03	2.36520074e-02	5.50252725e-03	2.30188725e-02
4881            	-1.03411878e-02	-1.26609616e-03	2.31541269e-02	5.48035355e-03	2.28911309e-02
4882            	-1.03616927e-02	-1.22936094e-03	2.29693975e-02	5.43998543e-03	2.27097051e-02
4883            	-1.03742201e-02	-1.27733568e-03	2.32887635e-02	5.41892840e-03	2.26213624e-02
4884            	-1.03900634e-02	-1.50338562e-03	2.47078821e-02	5.43942768e-03	2.27009919e-02
4885            	-1.04161323e-02	-1.86354268e-03	2.69702203e-02	5.50734327e-03	2.29682432e-02
4886            	-1.04475293e-02	-2.22494364e-03	2.92547809e-02	5.58877272e-03	2.32867240e-02
4887            	-1.04740073e-02	-2.44680624e-03	3.06792079e-02	5.63952246e-03	2.34868943e-02
4888            	-1.04892125e-02	-2.52437928e-03	3.12041383e-02	5.65666473e-03	2.35658235e-02
4889            	-1.04929198e-02	-2.52089915e-03	3.12133491e-02	5.66450000e-03	2.36229828e-02
4890            	-1.04859738e-02	-2.47213234e-03	3.09240261e-02	5.66881556e-03	2.36718618e-02
4891            	-1.04681137e-02	-2.37086213e-03	3.02898015e-02	5.65813922e-03	2.36579584e-02
4892            	-1.04380544e-02	-2.23311099e-03	2.94130707e-02	5.58800041e-03	2.33951267e-02
4893            	-1.03929258e-02	-2.12197264e-03	2.86705509e-02	5.47953775e-03	2.29733155e-02
4894            	-1.03301087e-02	-2.07595178e-03	2.82903802e-02	5.37318807e-03	2.25600038e-02
4895            	-1.02627851e-02	-2.07326764e-03	2.81565533e-02	5.29998370e-03	2.22801051e-02
4896            	-1.02101427e-02	-2.07955140e-03	2.80848969e-02	5.25837300e-03	2.21195681e-02
4897            	-1.01822491e-02	-2.08028870e-03	2.80039995e-02	5.28054150e-03	2.22164691e-02
4898            	-1.01808206e-02	-2.07246183e-03	2.79069507e-02	5.36038953e-03	2.25503198e-02
4899            	-1.01948572e-02	-2.00039837e-03	2.74479745e-02	5.45496499e-03	2.29344025e-02
4900            	-1.02220496e-02	-1.84077899e-03	2.64916812e-02	5.51612084e-03	2.31621233e-02
4901            	-1.02540665e-02	-1.61857490e-03	2.51764075e-02	5.53008698e-03	2.31751676e-02
4902            	-1.02922883e-02	-1.44184861e-03	2.41623052e-02	5.50855337e-03	2.30359406e-02
4903            	-1.03271964e-02	-1.36440372e-03	2.37602150e-02	5.47956022e-03	2.28774378e-02
4904            	-1.03543287e-02	-1.34721716e-03	2.37100788e-02	5.43493785e-03	2.26759153e-02
4905            	-1.03723112e-02	-1.39285878e-03	2.40245764e-02	5.40661907e-03	2.25567171e-02
4906            	-1.03906215e-02	-1.60852565e-03	2.53827507e-02	5.42078292e-03	2.26107819e-02
4907            	-1.04191365e-02	-1.96639679e-03	2.76338222e-02	5.48801890e-03	2.28764259e-02
4908            	-1.04552224e-02	-2.32447618e-03	2.99028789e-02	5.57146436e-03	2.32048092e-02
4909            	-1.04893748e-02	-2.54328379e-03	3.13174804e-02	5.62483412e-03	2.34167512e-02
4910            	-1.05135422e-02	-2.60637593e-03	3.17623893e-02	5.64187546e-03	2.34961730e-02
4911            	-1.05248693e-02	-2.58092496e-03	3.16428698e-02	5.64760815e-03	2.35468302e-02
4912            	-1.05235941e-02	-2.51687372e-03	3.12636307e-02	5.65497230e-03	2.36102405e-02
4913            	-1.05117032e-02	-2.40648679e-03	3.05793135e-02	5.64662299e-03	2.36077146e-02
4914            	-1.04889832e-02	-2.27304975e-03	2.97399683e-02	5.58740625e-03	2.33911624e-02
4915            	-1.04532250e-02	-2.16741809e-03	2.90469116e-02	5.49421604e-03	2.30333785e-02
4916            	-1.03991982e-02	-2.12612892e-03	2.87110117e-02	5.40578533e-03	2.26954977e-02
4917            	-1.03369761e-02	-2.12749785e-03	2.86113056e-02	5.34891600e-03	2.24846615e-02
4918            	-1.02844815e-02	-2.13526099e-03	2.85503525e-02	5.31915447e-03	2.23748733e-02
4919            	-1.02553335e-02	-2.13672496e-03	2.84736743e-02	5.34626218e-03	2.24932971e-02
4920            	-1.02521905e-02	-2.13191194e-03	2.83939804e-02	5.42946665e-03	2.28417749e-02
4921            	-1.02659509e-02	-2.06500662e-03	2.79663547e-02	5.53147423e-03	2.32582924e-02
4922            	-1.02924014e-02	-1.90955655e-03	2.70333804e-02	5.60663181e-03	2.35455404e-02
4923            	-1.03276244e-02	-1.69071246e-03	2.57417345e-02	5.63313695e-03	2.36109130e-02
4924            	-1.03716219e-02	-1.50884912e-03	2.47035593e-02	5.61928926e-03	2.35031214e-02
4925            	-1.04139987e-02	-1.41470574e-03	2.42096782e-02	5.59177715e-03	2.33499701e-02
4926            	-1.04462466e-02	-1.40225673e-03	2.41965439e-02	5.54885673e-03	2.31552426e-02
4927            	-1.04701803e-02	-1.45806360e-03	2.45837667e-02	5.52613613e-03	2.30595808e-02
4928            	-1.04977426e-02	-1.66693849e-03	2.59138147e-02	5.54180050e-03	2.31193373e-02
4929            	-1.05369364e-02	-2.00163871e-03	2.80351621e-02	5.60630994e-03	2.33723062e-02
4930            	-1.05811125e-02	-2.33734582e-03	3.01751273e-02	5.67988239e-03	2.36580483e-02
4931            	-1.06150130e-02	-2.55839413e-03	3.16026759e-02	5.71770562e-03	2.38030957e-02
4932            	-1.06312897e-02	-2.63902644e-03	3.21456897e-02	5.71772648e-03	2.38090011e-02
4933            	-1.06339878e-02	-2.63522795e-03	3.21496001e-02	5.70664607e-03	2.37867639e-02
4934            	-1.06286089e-02	-2.59112308e-03	3.18904334e-02	5.69953468e-03	2.37878555e-02
4935            	-1.06198293e-02	-2.49612254e-03	3.13080657e-02	5.67802417e-03	2.37293950e-02
4936            	-1.05996072e-02	-2.36258504e-03	3.04717635e-02	5.60560550e-03	2.34586987e-02
4937            	-1.05537467e-02	-2.24289789e-03	2.96754102e-02	5.49248068e-03	2.30194568e-02
4938            	-1.04752686e-02	-2.18479719e-03	2.91971317e-02	5.38162513e-03	2.25895059e-02
4939            	-1.03811682e-02	-2.16583147e-03	2.89212425e-02	5.30045004e-03	2.22779683e-02
4940            	-1.02978022e-02	-2.14371283e-03	2.86251663e-02	5.24927959e-03	2.20804589e-02
4941            	-1.02440828e-02	-2.10805717e-03	2.82768720e-02	5.25641747e-03	2.21172406e-02
4942            	-1.02263247e-02	-2.07320889e-03	2.79835601e-02	5.32784699e-03	2.24183856e-02
4943            	-1.02324278e-02	-1.98240504e-03	2.73904622e-02	5.42560304e-03	2.28185346e-02
4944            	-1.02542695e-02	-1.80830221e-03	2.63299146e-02	5.50252328e-03	2.31144840e-02
4945            	-1.02796606e-02	-1.57146490e-03	2.49082273e-02	5.53528389e-03	2.32077689e-02
4946            	-1.03118764e-02	-1.36399860e-03	2.36905066e-02	5.52947664e-03	2.31345778e-02
4947            	-1.03435935e-02	-1.23570539e-03	2.29668484e-02	5.50911723e-03	2.30113825e-02
4948            	-1.03668098e-02	-1.22357710e-03	2.29411354e-02	5.47255626e-03	2.28434810e-02
4949            	-1.03808899e-02	-1.28670217e-03	2.33593607e-02	5.45204065e-03	2.27575156e-02
4950            	-1.03956439e-02	-1.49533451e-03	2.46703710e-02	5.46794736e-03	2.28185645e-02
4951            	-1.04196565e-02	-1.83363283e-03	2.67935080e-02	5.53050350e-03	2.30632069e-02
4952            	-1.04492929e-02	-2.17802452e-03	2.89683677e-02	5.60332514e-03	2.33463987e-02
4953            	-1.04750790e-02	-2.41192650e-03	3.04655152e-02	5.64465616e-03	2.35069394e-02
4954            	-1.04897541e-02	-2.50428206e-03	3.10799335e-02	5.65144074e-03	2.35411608e-02
4955            	-1.04925533e-02	-2.50562763e-03	3.11162889e-02	5.65234664e-03	2.35688756e-02
4956            	-1.04835330e-02	-2.45625381e-03	3.08182796e-02	5.65656216e-03	2.36171958e-02
4957            	-1.04643462e-02	-2.35366983e-03	3.01723920e-02	5.64246443e-03	2.35896124e-02
4958            	-1.04341009e-02	-2.21644444e-03	2.92987832e-02	5.56852971e-03	2.33117440e-02
4959            	-1.03895983e-02	-2.10437225e-03	2.85544277e-02	5.45711830e-03	2.28774465e-02
4960            	-1.03280301e-02	-2.06084037e-03	2.81948397e-02	5.35177547e-03	2.24682263e-02
4961            	-1.02633394e-02	-2.06262810e-03	2.80951251e-02	5.27473154e-03	2.21717094e-02
4962            	-1.02137256e-02	-2.07133248e-03	2.80447467e-02	5.23466086e-03	2.20193895e-02
4963            	-1.01880639e-02	-2.07204836e-03	2.79686940e-02	5.24745689e-03	2.20787178e-02
4964            	-1.01875581e-02	-2.07700914e-03	2.79529291e-02	5.31866659e-03	2.23771346e-02
4965            	-1.02025663e-02	-2.02194493e-03	2.75996141e-02	5.41263292e-03	2.27596712e-02
4966            	-1.02287999e-02	-1.88246429e-03	2.67646494e-02	5.48489411e-03	2.30349198e-02
4967            	-1.02587552e-02	-1.67311023e-03	2.55238886e-02	5.51241587e-03	2.31052994e-02
4968            	-1.02961591e-02	-1.47875756e-03	2.43979167e-02	5.50139589e-03	2.30098327e-02
4969            	-1.03348023e-02	-1.35521979e-03	2.37162370e-02	5.47649558e-03	2.28670462e-02
4970            	-1.03654868e-02	-1.35747129e-03	2.37921658e-02	5.43893338e-03	2.26942080e-02
4971            	-1.03853847e-02	-1.43203857e-03	2.42902195e-02	5.42084480e-03	2.26180074e-02
4972            	-1.04045012e-02	-1.63561630e-03	2.55758912e-02	5.44686625e-03	2.27212537e-02
4973            	-1.04366339e-02	-1.96520758e-03	2.76561664e-02	5.52600792e-03	2.30353742e-02
4974            	-1.04799498e-02	-2.29612441e-03	2.97655230e-02	5.61641308e-03	2.33926600e-02
4975            	-1.05225732e-02	-2.51822005e-03	3.12115643e-02	5.67468145e-03	2.36247304e-02
4976            	-1.05532492e-02	-2.60277256e-03	3.17987005e-02	5.69888690e-03	2.37327048e-02
4977            	-1.05684594e-02	-2.59818265e-03	3.18152255e-02	5.71625733e-03	2.38304703e-02
4978            	-1.05698912e-02	-2.54471113e-03	3.15070946e-02	5.73512463e-03	2.39421942e-02
4979            	-1.05622181e-02	-2.44531764e-03	3.08981793e-02	5.73656400e-03	2.39803773e-02
4980            	-1.05456480e-02	-2.32028263e-03	3.01213137e-02	5.68353605e-03	2.37896900e-02
4981            	-1.05152574e-02	-2.21754154e-03	2.94573266e-02	5.58434490e-03	2.34067033e-02
4982            	-1.04628737e-02	-2.17675203e-03	2.91298647e-02	5.48595678e-03	2.30276860e-02
4983            	-1.03968864e-02	-2.17827559e-03	2.90277291e-02	5.41625079e-03	2.27634724e-02
4984            	-1.03386688e-02	-2.18877871e-03	2.89760926e-02	5.37167605e-03	2.25938359e-02
4985            	-1.03025986e-02	-2.19177143e-03	2.88983813e-02	5.37716810e-03	2.26236197e-02
4986            	-1.02921231e-02	-2.19214762e-03	2.88381695e-02	5.44189994e-03	2.28958529e-02
4987            	-1.02996461e-02	-2.13068874e-03	2.84322093e-02	5.53551819e-03	2.32788397e-02
4988            	-1.03219946e-02	-1.98536081e-03	2.75521546e-02	5.60770382e-03	2.35558132e-02
4989            	-1.03536033e-02	-1.76929444e-03	2.62691189e-02	5.62751422e-03	2.35946373e-02
4990            	-1.03939502e-02	-1.56044358e-03	2.50549291e-02	5.60366932e-03	2.34444157e-02
4991            	-1.04338191e-02	-1.40532147e-03	2.41775941e-02	5.56313281e-03	2.32344663e-02
4992            	-1.04638823e-02	-1.38957363e-03	2.41393292e-02	5.51179550e-03	2.30035591e-02
4993            	-1.04831322e-02	-1.45638976e-03	2.45874461e-02	5.48046186e-03	2.28724585e-02
4994            	-1.05042633e-02	-1.63903479e-03	2.57451558e-02	5.49025351e-03	2.29076360e-02
4995            	-1.05372698e-02	-1.94909274e-03	2.77037368e-02	5.55195608e-03	2.31474456e-02
4996            	-1.05760235e-02	-2.27228377e-03	2.97564689e-02	5.62288536e-03	2.34212282e-02
4997            	-1.06081881e-02	-2.50841734e-03	3.12742385e-02	5.66304394e-03	2.35757434e-02
4998            	-1.06270841e-02	-2.60867484e-03	3.19423682e-02	5.66530100e-03	2.35891933e-02
4999            	-1.06327197e-02	-2.61108345e-03	3.19889904e-02	5.66108129e-03	2.35939815e-02
5000            	-1.06292441e-02	-2.55852387e-03	3.16790126e-02	5.66785116e-03	2.36527526e-02
