# Force and moment coefficients
# dragDir       : (0.00000000e+00 0.00000000e+00 -1.00000000e+00)
# sideDir       : (-0.00000000e+00 1.00000000e+00 0.00000000e+00)
# liftDir       : (1.00000000e+00 0.00000000e+00 0.00000000e+00)
# rollAxis      : (0.00000000e+00 0.00000000e+00 -1.00000000e+00)
# pitchAxis     : (-0.00000000e+00 1.00000000e+00 0.00000000e+00)
# yawAxis       : (1.00000000e+00 0.00000000e+00 0.00000000e+00)
# magUInf       : 1.01700000e+02
# lRef          : 5.78100000e-02
# Aref          : 2.62480000e-03
# CofR          : (0.00000000e+00 0.00000000e+00 3.99000000e-01)
#
# Time          	Cd              	Cl              	CmPitch         	CmRoll          	CmYaw           
3001            	-1.74986832e-01	-8.78479698e-04	2.63700899e-01	3.01229630e-03	1.19574926e-02
3002            	-1.75031801e-01	-9.17577891e-04	2.63997647e-01	3.05611704e-03	1.21409049e-02
3003            	-1.75078819e-01	-1.00188946e-03	2.64576667e-01	3.09208583e-03	1.22886663e-02
3004            	-1.75120001e-01	-1.09559120e-03	2.65206882e-01	3.11826476e-03	1.23946154e-02
3005            	-1.75152773e-01	-1.15993605e-03	2.65644146e-01	3.13338896e-03	1.24578406e-02
3006            	-1.75177904e-01	-1.18972248e-03	2.65858544e-01	3.13075224e-03	1.24519891e-02
3007            	-1.75193952e-01	-1.20586894e-03	2.65983678e-01	3.10863406e-03	1.23681596e-02
3008            	-1.75197292e-01	-1.23398336e-03	2.66174892e-01	3.06822938e-03	1.22114477e-02
3009            	-1.75187006e-01	-1.30123363e-03	2.66595699e-01	3.01329467e-03	1.19972327e-02
3010            	-1.75162432e-01	-1.40337231e-03	2.67212902e-01	2.95984973e-03	1.17894567e-02
3011            	-1.75128279e-01	-1.52274028e-03	2.67913305e-01	2.91603918e-03	1.16178699e-02
3012            	-1.75090728e-01	-1.62481116e-03	2.68487695e-01	2.88567128e-03	1.14953057e-02
3013            	-1.75052229e-01	-1.68014842e-03	2.68762923e-01	2.87881884e-03	1.14634523e-02
3014            	-1.75015182e-01	-1.66117051e-03	2.68580621e-01	2.89694350e-03	1.15309310e-02
3015            	-1.74982644e-01	-1.55247804e-03	2.67856681e-01	2.92702910e-03	1.16427657e-02
3016            	-1.74959603e-01	-1.38307744e-03	2.66778204e-01	2.95664831e-03	1.17483972e-02
3017            	-1.74945174e-01	-1.16120611e-03	2.65392071e-01	2.96486087e-03	1.17685209e-02
3018            	-1.74946585e-01	-9.82579594e-04	2.64293649e-01	2.96955539e-03	1.17811855e-02
3019            	-1.74966872e-01	-8.95301824e-04	2.63781574e-01	2.99041827e-03	1.18677402e-02
3020            	-1.75004564e-01	-8.87376275e-04	2.63778887e-01	3.02839588e-03	1.20275186e-02
3021            	-1.75050979e-01	-9.27172690e-04	2.64080479e-01	3.06642810e-03	1.21857120e-02
3022            	-1.75096770e-01	-1.01473876e-03	2.64677380e-01	3.09623415e-03	1.23049277e-02
3023            	-1.75135621e-01	-1.11036427e-03	2.65316745e-01	3.11670179e-03	1.23865322e-02
3024            	-1.75165611e-01	-1.16619058e-03	2.65697950e-01	3.12119230e-03	1.24086348e-02
3025            	-1.75187114e-01	-1.19133175e-03	2.65881141e-01	3.11063172e-03	1.23710015e-02
3026            	-1.75197630e-01	-1.20102494e-03	2.65961125e-01	3.07888698e-03	1.22484707e-02
3027            	-1.75194447e-01	-1.23796795e-03	2.66199304e-01	3.03123791e-03	1.20625718e-02
3028            	-1.75178954e-01	-1.32134284e-03	2.66713562e-01	2.97610603e-03	1.18475399e-02
3029            	-1.75149770e-01	-1.43420498e-03	2.67388688e-01	2.92671698e-03	1.16562056e-02
3030            	-1.75112915e-01	-1.55562671e-03	2.68094096e-01	2.88962744e-03	1.15103753e-02
3031            	-1.75073253e-01	-1.64956683e-03	2.68612690e-01	2.87052967e-03	1.14323445e-02
3032            	-1.75033984e-01	-1.68648429e-03	2.68771635e-01	2.87327939e-03	1.14385019e-02
3033            	-1.74997514e-01	-1.64521385e-03	2.68453698e-01	2.89528453e-03	1.15199088e-02
3034            	-1.74967989e-01	-1.50406998e-03	2.67535669e-01	2.92907886e-03	1.16460594e-02
3035            	-1.74948469e-01	-1.31473362e-03	2.66341199e-01	2.95845203e-03	1.17521249e-02
3036            	-1.74939416e-01	-1.11143543e-03	2.65079151e-01	2.96833076e-03	1.17819058e-02
3037            	-1.74946047e-01	-9.70095380e-04	2.64218199e-01	2.98578191e-03	1.18479663e-02
3038            	-1.74972878e-01	-9.08433162e-04	2.63871646e-01	3.01450071e-03	1.19668505e-02
3039            	-1.75015507e-01	-9.03407612e-04	2.63892101e-01	3.05112633e-03	1.21209959e-02
3040            	-1.75063642e-01	-9.53001977e-04	2.64256543e-01	3.08796638e-03	1.22738566e-02
3041            	-1.75107891e-01	-1.04699786e-03	2.64892040e-01	3.12118951e-03	1.24083225e-02
3042            	-1.75144303e-01	-1.14348579e-03	2.65533792e-01	3.14480551e-03	1.25045824e-02
3043            	-1.75172162e-01	-1.19741084e-03	2.65900843e-01	3.14441599e-03	1.25059972e-02
3044            	-1.75191778e-01	-1.21735954e-03	2.66050080e-01	3.12441793e-03	1.24299503e-02
3045            	-1.75198775e-01	-1.21894786e-03	2.66077467e-01	3.08342385e-03	1.22703258e-02
3046            	-1.75192107e-01	-1.25701737e-03	2.66319280e-01	3.02893636e-03	1.20587280e-02
3047            	-1.75172346e-01	-1.34978359e-03	2.66886251e-01	2.97109545e-03	1.18333818e-02
3048            	-1.75140592e-01	-1.48285456e-03	2.67680972e-01	2.92340844e-03	1.16462627e-02
3049            	-1.75103610e-01	-1.60606776e-03	2.68393210e-01	2.88845078e-03	1.15057374e-02
3050            	-1.75065428e-01	-1.68409208e-03	2.68811709e-01	2.87070935e-03	1.14305463e-02
3051            	-1.75027816e-01	-1.68852632e-03	2.68771601e-01	2.87672036e-03	1.14489602e-02
3052            	-1.74993320e-01	-1.59781649e-03	2.68152536e-01	2.90031503e-03	1.15367819e-02
3053            	-1.74967303e-01	-1.43986525e-03	2.67138951e-01	2.93209985e-03	1.16542352e-02
3054            	-1.74950277e-01	-1.24562898e-03	2.65920436e-01	2.95292526e-03	1.17250012e-02
3055            	-1.74946073e-01	-1.07102705e-03	2.64841542e-01	2.95930476e-03	1.17401043e-02
3056            	-1.74958604e-01	-9.31609162e-04	2.63996915e-01	2.97126439e-03	1.17852259e-02
3057            	-1.74990248e-01	-8.82420952e-04	2.63731701e-01	3.00215768e-03	1.19143995e-02
3058            	-1.75034732e-01	-9.12322735e-04	2.63970704e-01	3.04267192e-03	1.20847398e-02
3059            	-1.75081203e-01	-9.91719431e-04	2.64518160e-01	3.07863497e-03	1.22331503e-02
3060            	-1.75121606e-01	-1.08448843e-03	2.65141169e-01	3.10631654e-03	1.23454817e-02
3061            	-1.75153247e-01	-1.15283835e-03	2.65601343e-01	3.12385976e-03	1.24182520e-02
3062            	-1.75177177e-01	-1.18526905e-03	2.65829923e-01	3.12228559e-03	1.24162081e-02
3063            	-1.75192307e-01	-1.20336199e-03	2.65964879e-01	3.10060903e-03	1.23336851e-02
3064            	-1.75194983e-01	-1.22679438e-03	2.66125319e-01	3.06069909e-03	1.21787749e-02
3065            	-1.75184050e-01	-1.28871590e-03	2.66511442e-01	3.00725069e-03	1.19712499e-02
3066            	-1.75159368e-01	-1.38957919e-03	2.67120779e-01	2.95612732e-03	1.17732293e-02
3067            	-1.75125214e-01	-1.51184448e-03	2.67840390e-01	2.91530830e-03	1.16140462e-02
3068            	-1.75087722e-01	-1.61871799e-03	2.68445914e-01	2.88790442e-03	1.15038439e-02
3069            	-1.75049563e-01	-1.67887854e-03	2.68751852e-01	2.88235522e-03	1.14779195e-02
3070            	-1.75013193e-01	-1.66462816e-03	2.68599782e-01	2.90137599e-03	1.15496022e-02
3071            	-1.74981272e-01	-1.56006339e-03	2.67901772e-01	2.93398799e-03	1.16727503e-02
3072            	-1.74958653e-01	-1.39883580e-03	2.66874491e-01	2.96727990e-03	1.17938576e-02
3073            	-1.74944423e-01	-1.18286831e-03	2.65525339e-01	2.97894501e-03	1.18272385e-02
3074            	-1.74945512e-01	-1.00109556e-03	2.64407125e-01	2.98229378e-03	1.18334338e-02
3075            	-1.74964904e-01	-9.00166299e-04	2.63809401e-01	2.99919867e-03	1.19035094e-02
3076            	-1.75001638e-01	-8.89002936e-04	2.63785551e-01	3.03706304e-03	1.20630091e-02
3077            	-1.75047585e-01	-9.31378896e-04	2.64102743e-01	3.07655428e-03	1.22274042e-02
3078            	-1.75093262e-01	-1.01624576e-03	2.64682564e-01	3.10608697e-03	1.23458531e-02
3079            	-1.75132147e-01	-1.10699299e-03	2.65291315e-01	3.12519289e-03	1.24219195e-02
3080            	-1.75162394e-01	-1.16104435e-03	2.65661605e-01	3.13002258e-03	1.24451457e-02
3081            	-1.75184753e-01	-1.18681006e-03	2.65849433e-01	3.11934920e-03	1.24071367e-02
3082            	-1.75197133e-01	-1.19990188e-03	2.65952715e-01	3.08817126e-03	1.22865345e-02
3083            	-1.75196255e-01	-1.23645337e-03	2.66191510e-01	3.03928636e-03	1.20951662e-02
3084            	-1.75182870e-01	-1.31653208e-03	2.66688243e-01	2.98048334e-03	1.18646029e-02
3085            	-1.75155632e-01	-1.42445758e-03	2.67336029e-01	2.92638612e-03	1.16539854e-02
3086            	-1.75120347e-01	-1.54610745e-03	2.68046265e-01	2.88564450e-03	1.14932390e-02
3087            	-1.75081907e-01	-1.64427383e-03	2.68593608e-01	2.86258109e-03	1.13990960e-02
3088            	-1.75043338e-01	-1.68493447e-03	2.68777209e-01	2.86199632e-03	1.13922147e-02
3089            	-1.75006972e-01	-1.64947329e-03	2.68495456e-01	2.88095251e-03	1.14619325e-02
3090            	-1.74976345e-01	-1.51941923e-03	2.67643241e-01	2.91539984e-03	1.15900543e-02
3091            	-1.74955255e-01	-1.33444594e-03	2.66472469e-01	2.94523262e-03	1.16971418e-02
3092            	-1.74943798e-01	-1.12200720e-03	2.65150150e-01	2.95257936e-03	1.17162490e-02
3093            	-1.74947533e-01	-9.71597139e-04	2.64229724e-01	2.96578643e-03	1.17650791e-02
3094            	-1.74971033e-01	-9.07198355e-04	2.63862195e-01	2.99372875e-03	1.18810278e-02
3095            	-1.75010860e-01	-9.00630234e-04	2.63869069e-01	3.03236266e-03	1.20433463e-02
3096            	-1.75057231e-01	-9.43759661e-04	2.64190345e-01	3.07142504e-03	1.22055775e-02
3097            	-1.75100701e-01	-1.03470236e-03	2.64805323e-01	3.10731696e-03	1.23510021e-02
3098            	-1.75136996e-01	-1.13447462e-03	2.65467396e-01	3.13492252e-03	1.24632941e-02
3099            	-1.75165057e-01	-1.19242762e-03	2.65859687e-01	3.14083590e-03	1.24910618e-02
3100            	-1.75185344e-01	-1.21440189e-03	2.66022100e-01	3.12877423e-03	1.24478902e-02
3101            	-1.75193675e-01	-1.21549935e-03	2.66047333e-01	3.09433982e-03	1.23155634e-02
3102            	-1.75188474e-01	-1.25108489e-03	2.66275173e-01	3.04419073e-03	1.21216462e-02
3103            	-1.75170666e-01	-1.34097204e-03	2.66827203e-01	2.98911308e-03	1.19076667e-02
3104            	-1.75140314e-01	-1.47208271e-03	2.67612826e-01	2.94258152e-03	1.17258538e-02
3105            	-1.75104276e-01	-1.59979147e-03	2.68355672e-01	2.90759038e-03	1.15855313e-02
3106            	-1.75066424e-01	-1.68257659e-03	2.68805003e-01	2.88903784e-03	1.15074732e-02
3107            	-1.75028710e-01	-1.69488275e-03	2.68813072e-01	2.89326671e-03	1.15185910e-02
3108            	-1.74993787e-01	-1.61216823e-03	2.68242102e-01	2.91469791e-03	1.15976609e-02
3109            	-1.74966872e-01	-1.45459032e-03	2.67228724e-01	2.94497251e-03	1.17091718e-02
3110            	-1.74949050e-01	-1.26045811e-03	2.66009108e-01	2.96609635e-03	1.17814491e-02
3111            	-1.74943309e-01	-1.08333410e-03	2.64912914e-01	2.97192586e-03	1.17940168e-02
3112            	-1.74954227e-01	-9.42787182e-04	2.64059560e-01	2.98311112e-03	1.18348646e-02
3113            	-1.74985105e-01	-8.85252287e-04	2.63742042e-01	3.00888968e-03	1.19423476e-02
3114            	-1.75030116e-01	-9.03902840e-04	2.63912386e-01	3.04343610e-03	1.20883284e-02
3115            	-1.75078162e-01	-9.78472653e-04	2.64432282e-01	3.07614795e-03	1.22234694e-02
3116            	-1.75120692e-01	-1.07333912e-03	2.65071373e-01	3.10193934e-03	1.23275553e-02
3117            	-1.75154666e-01	-1.14798762e-03	2.65573846e-01	3.11819041e-03	1.23942893e-02
3118            	-1.75180719e-01	-1.18432854e-03	2.65829536e-01	3.11376213e-03	1.23797057e-02
3119            	-1.75198019e-01	-1.20313956e-03	2.65971240e-01	3.08988862e-03	1.22877400e-02
3120            	-1.75202419e-01	-1.22131517e-03	2.66100922e-01	3.04854368e-03	1.21268330e-02
3121            	-1.75192461e-01	-1.27837434e-03	2.66457798e-01	2.99477985e-03	1.19182681e-02
3122            	-1.75168215e-01	-1.38014157e-03	2.67073434e-01	2.94173580e-03	1.17120497e-02
3123            	-1.75133687e-01	-1.50321007e-03	2.67798809e-01	2.89846799e-03	1.15431928e-02
3124            	-1.75094931e-01	-1.61413230e-03	2.68428605e-01	2.86968015e-03	1.14274559e-02
3125            	-1.75054984e-01	-1.67795792e-03	2.68754701e-01	2.86187472e-03	1.13923656e-02
3126            	-1.75016285e-01	-1.66710049e-03	2.68619757e-01	2.87837928e-03	1.14536955e-02
3127            	-1.74981837e-01	-1.56232313e-03	2.67915882e-01	2.91131047e-03	1.15789173e-02
3128            	-1.74956907e-01	-1.40389693e-03	2.66902642e-01	2.94711995e-03	1.17112685e-02
3129            	-1.74940954e-01	-1.19779922e-03	2.65612420e-01	2.96574878e-03	1.17731425e-02
3130            	-1.74940233e-01	-1.01828757e-03	2.64506014e-01	2.97514724e-03	1.18034433e-02
3131            	-1.74957835e-01	-9.04044554e-04	2.63823437e-01	2.99578845e-03	1.18885634e-02
3132            	-1.74993658e-01	-8.86180072e-04	2.63757272e-01	3.03838761e-03	1.20678231e-02
3133            	-1.75040067e-01	-9.31241177e-04	2.64092463e-01	3.08383186e-03	1.22573324e-02
3134            	-1.75086975e-01	-1.01703486e-03	2.64680118e-01	3.11843670e-03	1.23976624e-02
3135            	-1.75127102e-01	-1.10739173e-03	2.65288067e-01	3.14171889e-03	1.24912719e-02
3136            	-1.75158339e-01	-1.16284745e-03	2.65668241e-01	3.15091571e-03	1.25318567e-02
3137            	-1.75181494e-01	-1.18926810e-03	2.65860523e-01	3.14301245e-03	1.25051047e-02
3138            	-1.75194612e-01	-1.20278265e-03	2.65966691e-01	3.11464166e-03	1.23960026e-02
3139            	-1.75194408e-01	-1.23672239e-03	2.66189681e-01	3.06694553e-03	1.22096477e-02
3140            	-1.75181367e-01	-1.31247691e-03	2.66659695e-01	3.00722591e-03	1.19752388e-02
3141            	-1.75154410e-01	-1.41742428e-03	2.67289857e-01	2.95142180e-03	1.17575645e-02
3142            	-1.75119137e-01	-1.53805675e-03	2.67994642e-01	2.90818820e-03	1.15868898e-02
3143            	-1.75080991e-01	-1.63750461e-03	2.68550657e-01	2.88029757e-03	1.14732348e-02
3144            	-1.75042840e-01	-1.68162711e-03	2.68756517e-01	2.87424886e-03	1.14440280e-02
3145            	-1.75006951e-01	-1.65126441e-03	2.68506677e-01	2.88879402e-03	1.14958326e-02
3146            	-1.74976837e-01	-1.53028437e-03	2.67711009e-01	2.91833963e-03	1.16034864e-02
3147            	-1.74956593e-01	-1.35052242e-03	2.66573338e-01	2.94398878e-03	1.16923982e-02
3148            	-1.74945932e-01	-1.13225701e-03	2.65215914e-01	2.94558285e-03	1.16867877e-02
3149            	-1.74950377e-01	-9.70815717e-04	2.64228513e-01	2.95178686e-03	1.17065819e-02
3150            	-1.74974131e-01	-9.01738151e-04	2.63833041e-01	2.97640106e-03	1.18088539e-02
3151            	-1.75014079e-01	-8.95774361e-04	2.63844300e-01	3.01434697e-03	1.19682675e-02
3152            	-1.75060764e-01	-9.36300438e-04	2.64149898e-01	3.05231575e-03	1.21260818e-02
3153            	-1.75104808e-01	-1.02614490e-03	2.64758637e-01	3.08611751e-03	1.22622393e-02
3154            	-1.75141212e-01	-1.12469889e-03	2.65413066e-01	3.11148985e-03	1.23648347e-02
3155            	-1.75168820e-01	-1.18143308e-03	2.65796717e-01	3.11711588e-03	1.23919120e-02
3156            	-1.75188330e-01	-1.20391856e-03	2.65960791e-01	3.10628722e-03	1.23536944e-02
3157            	-1.75196006e-01	-1.20642898e-03	2.65992996e-01	3.07316857e-03	1.22263602e-02
3158            	-1.75190167e-01	-1.24106365e-03	2.66213318e-01	3.02404356e-03	1.20360258e-02
3159            	-1.75172106e-01	-1.32753601e-03	2.66743691e-01	2.97085606e-03	1.18297807e-02
3160            	-1.75141399e-01	-1.45442671e-03	2.67503271e-01	2.92709069e-03	1.16602586e-02
3161            	-1.75104834e-01	-1.58408091e-03	2.68258554e-01	2.89654579e-03	1.15393221e-02
3162            	-1.75066354e-01	-1.67030575e-03	2.68729155e-01	2.88380992e-03	1.14863320e-02
3163            	-1.75028264e-01	-1.68959808e-03	2.68780098e-01	2.89250309e-03	1.15164499e-02
3164            	-1.74993183e-01	-1.62098170e-03	2.68295888e-01	2.91902940e-03	1.16166502e-02
3165            	-1.74966046e-01	-1.47074675e-03	2.67327325e-01	2.95479323e-03	1.17510108e-02
3166            	-1.74948345e-01	-1.28016242e-03	2.66129574e-01	2.98254410e-03	1.18509460e-02
3167            	-1.74941755e-01	-1.09879290e-03	2.65006490e-01	2.99229370e-03	1.18799992e-02
3168            	-1.74951174e-01	-9.60089546e-04	2.64163231e-01	3.00702695e-03	1.19349569e-02
3169            	-1.74980418e-01	-8.98455884e-04	2.63818428e-01	3.03282765e-03	1.20418747e-02
3170            	-1.75024157e-01	-9.03487792e-04	2.63902511e-01	3.06613262e-03	1.21828513e-02
3171            	-1.75071426e-01	-9.69630040e-04	2.64368795e-01	3.10011014e-03	1.23237074e-02
3172            	-1.75113585e-01	-1.06524200e-03	2.65011683e-01	3.12795461e-03	1.24364780e-02
3173            	-1.75147585e-01	-1.14785091e-03	2.65563369e-01	3.14561736e-03	1.25090902e-02
3174            	-1.75174040e-01	-1.18914738e-03	2.65850116e-01	3.13944573e-03	1.24867853e-02
3175            	-1.75192503e-01	-1.20675358e-03	2.65984975e-01	3.11238269e-03	1.23812035e-02
3176            	-1.75198591e-01	-1.21855267e-03	2.66076758e-01	3.06602586e-03	1.21992138e-02
3177            	-1.75190808e-01	-1.27048264e-03	2.66404562e-01	3.00651035e-03	1.19669297e-02
3178            	-1.75169300e-01	-1.37006015e-03	2.67011112e-01	2.94673564e-03	1.17332822e-02
3179            	-1.75137031e-01	-1.49922235e-03	2.67778755e-01	2.89782950e-03	1.15404472e-02
3180            	-1.75100180e-01	-1.61498505e-03	2.68442413e-01	2.86260855e-03	1.13977114e-02
3181            	-1.75062171e-01	-1.68144993e-03	2.68788134e-01	2.84726338e-03	1.13315093e-02
3182            	-1.75024610e-01	-1.67404461e-03	2.68675915e-01	2.85784302e-03	1.13683256e-02
3183            	-1.74990250e-01	-1.57074952e-03	2.67980862e-01	2.88738800e-03	1.14800049e-02
3184            	-1.74964686e-01	-1.41381859e-03	2.66975888e-01	2.92170278e-03	1.16066805e-02
3185            	-1.74947639e-01	-1.21380276e-03	2.65721790e-01	2.94119543e-03	1.16718304e-02
3186            	-1.74944905e-01	-1.03609040e-03	2.64623712e-01	2.94928295e-03	1.16955516e-02
3187            	-1.74959886e-01	-9.08920882e-04	2.63857231e-01	2.96578868e-03	1.17627009e-02
3188            	-1.74993398e-01	-8.81133750e-04	2.63726551e-01	3.00562673e-03	1.19304245e-02
3189            	-1.75038337e-01	-9.24542672e-04	2.64049694e-01	3.05237751e-03	1.21258150e-02
3190            	-1.75084447e-01	-1.01054951e-03	2.64637664e-01	3.09056096e-03	1.22818668e-02
3191            	-1.75124128e-01	-1.10277456e-03	2.65256419e-01	3.11845397e-03	1.23948390e-02
3192            	-1.75155319e-01	-1.16162729e-03	2.65657389e-01	3.13381004e-03	1.24600782e-02
3193            	-1.75178704e-01	-1.18830981e-03	2.65850813e-01	3.13260701e-03	1.24610025e-02
3194            	-1.75192658e-01	-1.20153195e-03	2.65955652e-01	3.11226489e-03	1.23851921e-02
3195            	-1.75193707e-01	-1.23321123e-03	2.66166032e-01	3.07319224e-03	1.22346127e-02
3196            	-1.75181628e-01	-1.30526382e-03	2.66614124e-01	3.02067889e-03	1.20303347e-02
3197            	-1.75155533e-01	-1.40987639e-03	2.67243995e-01	2.97068473e-03	1.18366650e-02
3198            	-1.75120698e-01	-1.52949758e-03	2.67943999e-01	2.93073985e-03	1.16802924e-02
3199            	-1.75082861e-01	-1.62982165e-03	2.68506486e-01	2.90371151e-03	1.15709577e-02
3200            	-1.75044302e-01	-1.68027899e-03	2.68751313e-01	2.89889294e-03	1.15471084e-02
3201            	-1.75007390e-01	-1.65929938e-03	2.68557241e-01	2.91744536e-03	1.16155949e-02
3202            	-1.74975722e-01	-1.54497329e-03	2.67800204e-01	2.94722774e-03	1.17252474e-02
3203            	-1.74953954e-01	-1.36975593e-03	2.66687889e-01	2.97410435e-03	1.18193431e-02
3204            	-1.74941254e-01	-1.14390220e-03	2.65279856e-01	2.97663929e-03	1.18169085e-02
3205            	-1.74944327e-01	-9.72391469e-04	2.64227656e-01	2.98029784e-03	1.18258055e-02
3206            	-1.74966623e-01	-8.97181736e-04	2.63792444e-01	3.00148275e-03	1.19137152e-02
3207            	-1.75005942e-01	-8.90387314e-04	2.63798413e-01	3.03587250e-03	1.20584161e-02
3208            	-1.75053264e-01	-9.27809799e-04	2.64086274e-01	3.06840401e-03	1.21936793e-02
3209            	-1.75099385e-01	-1.01531128e-03	2.64683518e-01	3.09441035e-03	1.22969821e-02
3210            	-1.75138491e-01	-1.11219616e-03	2.65331252e-01	3.11172462e-03	1.23655100e-02
3211            	-1.75168967e-01	-1.16931433e-03	2.65721341e-01	3.11137029e-03	1.23675689e-02
3212            	-1.75191139e-01	-1.19464459e-03	2.65906904e-01	3.09659968e-03	1.23125395e-02
3213            	-1.75201620e-01	-1.20059598e-03	2.65964117e-01	3.06042826e-03	1.21721456e-02
3214            	-1.75198032e-01	-1.23726080e-03	2.66200242e-01	3.00890466e-03	1.19708940e-02
3215            	-1.75181699e-01	-1.32248227e-03	2.66725226e-01	2.95243697e-03	1.17505886e-02
3216            	-1.75151643e-01	-1.44320249e-03	2.67447717e-01	2.90455772e-03	1.15647154e-02
3217            	-1.75114377e-01	-1.56968640e-03	2.68182932e-01	2.86941060e-03	1.14259078e-02
3218            	-1.75074501e-01	-1.65948546e-03	2.68674486e-01	2.85275247e-03	1.13573067e-02
3219            	-1.75034802e-01	-1.68692576e-03	2.68773802e-01	2.85827167e-03	1.13742581e-02
3220            	-1.74997815e-01	-1.62995523e-03	2.68358535e-01	2.88330349e-03	1.14679972e-02
3221            	-1.74968365e-01	-1.48326730e-03	2.67407829e-01	2.91971591e-03	1.16051403e-02
3222            	-1.74948754e-01	-1.29264121e-03	2.66206530e-01	2.95102254e-03	1.17199583e-02
3223            	-1.74940116e-01	-1.10384486e-03	2.65034998e-01	2.96482807e-03	1.17662462e-02
3224            	-1.74947596e-01	-9.67480325e-04	2.64204641e-01	2.98630366e-03	1.18491428e-02
3225            	-1.74975298e-01	-9.06977494e-04	2.63865492e-01	3.01881905e-03	1.19837747e-02
3226            	-1.75018393e-01	-9.06320684e-04	2.63913690e-01	3.05890976e-03	1.21528086e-02
3227            	-1.75066048e-01	-9.65495184e-04	2.64337334e-01	3.10014592e-03	1.23242254e-02
3228            	-1.75109065e-01	-1.06052715e-03	2.64977709e-01	3.13612656e-03	1.24709236e-02
3229            	-1.75144037e-01	-1.14956124e-03	2.65570772e-01	3.16175321e-03	1.25764507e-02
3230            	-1.75170952e-01	-1.19664166e-03	2.65893868e-01	3.16245712e-03	1.25825561e-02
3231            	-1.75189568e-01	-1.21532214e-03	2.66034544e-01	3.14181106e-03	1.25037033e-02
3232            	-1.75195322e-01	-1.22050983e-03	2.66083575e-01	3.10009984e-03	1.23412106e-02
3233            	-1.75187231e-01	-1.26462142e-03	2.66361592e-01	3.04436862e-03	1.21247295e-02
3234            	-1.75165853e-01	-1.36163358e-03	2.66952411e-01	2.98605515e-03	1.18971687e-02
3235            	-1.75133316e-01	-1.49381782e-03	2.67739213e-01	2.93712583e-03	1.17042411e-02
3236            	-1.75096033e-01	-1.61224895e-03	2.68419786e-01	2.89993643e-03	1.15538045e-02
3237            	-1.75057833e-01	-1.68143974e-03	2.68782671e-01	2.87952213e-03	1.14673429e-02
3238            	-1.75020306e-01	-1.67961037e-03	2.68704372e-01	2.88590630e-03	1.14866585e-02
3239            	-1.74986342e-01	-1.58308688e-03	2.68051137e-01	2.90945179e-03	1.15734897e-02
3240            	-1.74961742e-01	-1.42615967e-03	2.67046830e-01	2.93756777e-03	1.16746383e-02
3241            	-1.74946175e-01	-1.22947707e-03	2.65815539e-01	2.95195170e-03	1.17182192e-02
3242            	-1.74944490e-01	-1.05122676e-03	2.64716507e-01	2.95234838e-03	1.17090410e-02
3243            	-1.74959941e-01	-9.12297707e-04	2.63878474e-01	2.95925364e-03	1.17351111e-02
3244            	-1.74994197e-01	-8.74253582e-04	2.63685752e-01	2.99080141e-03	1.18676764e-02
3245            	-1.75040316e-01	-9.13961427e-04	2.63987748e-01	3.03268179e-03	1.20430904e-02
3246            	-1.75087727e-01	-9.97999872e-04	2.64565350e-01	3.06721743e-03	1.21847319e-02
3247            	-1.75128481e-01	-1.09088312e-03	2.65189530e-01	3.09200306e-03	1.22848867e-02
3248            	-1.75160273e-01	-1.15256754e-03	2.65608608e-01	3.10556794e-03	1.23418436e-02
3249            	-1.75183939e-01	-1.18082379e-03	2.65811303e-01	3.10233200e-03	1.23337170e-02
3250            	-1.75198195e-01	-1.19539958e-03	2.65924022e-01	3.08059753e-03	1.22515394e-02
3251            	-1.75199532e-01	-1.22372140e-03	2.66113419e-01	3.04139964e-03	1.20998577e-02
3252            	-1.75187340e-01	-1.29153070e-03	2.66534763e-01	2.98903093e-03	1.18961792e-02
3253            	-1.75160877e-01	-1.39673717e-03	2.67168099e-01	2.93950052e-03	1.17041236e-02
3254            	-1.75125425e-01	-1.51467647e-03	2.67857897e-01	2.90046747e-03	1.15527460e-02
3255            	-1.75086979e-01	-1.61733479e-03	2.68434861e-01	2.87662437e-03	1.14575439e-02
3256            	-1.75047722e-01	-1.67377755e-03	2.68716128e-01	2.87744778e-03	1.14575887e-02
3257            	-1.75010152e-01	-1.65672970e-03	2.68545581e-01	2.90307358e-03	1.15560551e-02
3258            	-1.74977825e-01	-1.55082012e-03	2.67839644e-01	2.94034779e-03	1.16974889e-02
3259            	-1.74955290e-01	-1.38512649e-03	2.66785162e-01	2.97585340e-03	1.18275672e-02
3260            	-1.74941649e-01	-1.16450158e-03	2.65408064e-01	2.98798765e-03	1.18643027e-02
3261            	-1.74943520e-01	-9.89091909e-04	2.64330327e-01	2.99668942e-03	1.18937999e-02
3262            	-1.74963987e-01	-9.03722582e-04	2.63830235e-01	3.02051263e-03	1.19927408e-02
3263            	-1.75001276e-01	-8.94916099e-04	2.63821274e-01	3.06017701e-03	1.21596283e-02
3264            	-1.75047085e-01	-9.30919330e-04	2.64098086e-01	3.09834935e-03	1.23187018e-02
3265            	-1.75092109e-01	-1.01490034e-03	2.64671282e-01	3.12798865e-03	1.24375722e-02
3266            	-1.75130359e-01	-1.10833959e-03	2.65295920e-01	3.14754321e-03	1.25157163e-02
3267            	-1.75160031e-01	-1.16367635e-03	2.65673539e-01	3.15000787e-03	1.25296430e-02
3268            	-1.75181781e-01	-1.18938831e-03	2.65860602e-01	3.13685161e-03	1.24811050e-02
3269            	-1.75193040e-01	-1.19849944e-03	2.65938026e-01	3.10033158e-03	1.23387259e-02
3270            	-1.75191101e-01	-1.23458035e-03	2.66172619e-01	3.04584485e-03	1.21243987e-02
3271            	-1.75177103e-01	-1.31752263e-03	2.66686482e-01	2.98248720e-03	1.18751459e-02
3272            	-1.75149514e-01	-1.43174738e-03	2.67372617e-01	2.92493472e-03	1.16495962e-02
3273            	-1.75114311e-01	-1.55598491e-03	2.68098106e-01	2.88035010e-03	1.14720975e-02
3274            	-1.75076392e-01	-1.65103040e-03	2.68626151e-01	2.85489649e-03	1.13670921e-02
3275            	-1.75038663e-01	-1.68756725e-03	2.68784977e-01	2.85258650e-03	1.13515433e-02
3276            	-1.75003382e-01	-1.64325655e-03	2.68450208e-01	2.87009258e-03	1.14136989e-02
3277            	-1.74974471e-01	-1.49972156e-03	2.67518943e-01	2.89984406e-03	1.15227147e-02
3278            	-1.74954814e-01	-1.30960638e-03	2.66320080e-01	2.92587029e-03	1.16148853e-02
3279            	-1.74945021e-01	-1.11053898e-03	2.65083340e-01	2.93407522e-03	1.16377462e-02
3280            	-1.74950650e-01	-9.69686183e-04	2.64223452e-01	2.95070889e-03	1.17005536e-02
3281            	-1.74976319e-01	-9.06097344e-04	2.63862738e-01	2.97953371e-03	1.18200932e-02
3282            	-1.75017794e-01	-8.99400160e-04	2.63870751e-01	3.01794273e-03	1.19821205e-02
3283            	-1.75064674e-01	-9.50424055e-04	2.64242090e-01	3.05862032e-03	1.21512974e-02
3284            	-1.75107664e-01	-1.04419707e-03	2.64874294e-01	3.09623359e-03	1.23044867e-02
3285            	-1.75143015e-01	-1.13897313e-03	2.65503802e-01	3.12498481e-03	1.24224732e-02
3286            	-1.75170253e-01	-1.19116552e-03	2.65859164e-01	3.13086504e-03	1.24501448e-02
3287            	-1.75189557e-01	-1.21079379e-03	2.66006045e-01	3.11812965e-03	1.24044177e-02
3288            	-1.75196380e-01	-1.21288011e-03	2.66036299e-01	3.08509981e-03	1.22779912e-02
3289            	-1.75189539e-01	-1.25257952e-03	2.66288045e-01	3.03810320e-03	1.20976089e-02
3290            	-1.75169532e-01	-1.34697587e-03	2.66864711e-01	2.98710533e-03	1.19007014e-02
3291            	-1.75137693e-01	-1.48163625e-03	2.67669108e-01	2.94504714e-03	1.17366684e-02
3292            	-1.75100638e-01	-1.60528888e-03	2.68383892e-01	2.91448715e-03	1.16142135e-02
3293            	-1.75061930e-01	-1.68309580e-03	2.68800305e-01	2.90032901e-03	1.15538524e-02
3294            	-1.75023341e-01	-1.68705654e-03	2.68756007e-01	2.90926102e-03	1.15844655e-02
3295            	-1.74987759e-01	-1.59727386e-03	2.68141183e-01	2.93541826e-03	1.16828736e-02
3296            	-1.74960926e-01	-1.44108431e-03	2.67137210e-01	2.96887602e-03	1.18070002e-02
3297            	-1.74943165e-01	-1.24811398e-03	2.65925312e-01	2.98991126e-03	1.18783633e-02
3298            	-1.74938736e-01	-1.07028774e-03	2.64825625e-01	2.99449537e-03	1.18861415e-02
3299            	-1.74951259e-01	-9.27031133e-04	2.63956878e-01	3.00335064e-03	1.19188211e-02
3300            	-1.74983386e-01	-8.76363189e-04	2.63682999e-01	3.03102238e-03	1.20348805e-02
3301            	-1.75028728e-01	-9.06099016e-04	2.63922097e-01	3.06718887e-03	1.21871029e-02
3302            	-1.75076710e-01	-9.84740798e-04	2.64466957e-01	3.09659021e-03	1.23080018e-02
3303            	-1.75119098e-01	-1.07683890e-03	2.65088624e-01	3.11613974e-03	1.23862979e-02
3304            	-1.75153111e-01	-1.14414980e-03	2.65545965e-01	3.12435347e-03	1.24202220e-02
3305            	-1.75179579e-01	-1.17625764e-03	2.65776460e-01	3.11362309e-03	1.23801252e-02
3306            	-1.75197130e-01	-1.19444381e-03	2.65915784e-01	3.08426786e-03	1.22656246e-02
3307            	-1.75201825e-01	-1.22018253e-03	2.66093654e-01	3.03788896e-03	1.20836371e-02
3308            	-1.75192005e-01	-1.28461236e-03	2.66497168e-01	2.97879137e-03	1.18522850e-02
3309            	-1.75167449e-01	-1.38652461e-03	2.67113289e-01	2.92273832e-03	1.16335706e-02
3310            	-1.75132600e-01	-1.50882446e-03	2.67831853e-01	2.87823504e-03	1.14588999e-02
3311            	-1.75093858e-01	-1.61555492e-03	2.68434534e-01	2.84817191e-03	1.13374800e-02
3312            	-1.75054014e-01	-1.67507951e-03	2.68734241e-01	2.84123081e-03	1.13054298e-02
3313            	-1.75015546e-01	-1.65880066e-03	2.68566895e-01	2.86023090e-03	1.13767109e-02
3314            	-1.74981449e-01	-1.55406809e-03	2.67865079e-01	2.89437664e-03	1.15057881e-02
3315            	-1.74956715e-01	-1.39212823e-03	2.66830537e-01	2.93073756e-03	1.16396208e-02
3316            	-1.74941059e-01	-1.17572711e-03	2.65476890e-01	2.94625797e-03	1.16897750e-02
3317            	-1.74941419e-01	-9.98152570e-04	2.64383843e-01	2.95724113e-03	1.17284432e-02
3318            	-1.74960874e-01	-9.06004555e-04	2.63840728e-01	2.98420311e-03	1.18406412e-02
3319            	-1.74997861e-01	-8.96886421e-04	2.63829950e-01	3.03127790e-03	1.20386601e-02
3320            	-1.75044324e-01	-9.37225913e-04	2.64135209e-01	3.07942952e-03	1.22393547e-02
3321            	-1.75090451e-01	-1.02177237e-03	2.64713673e-01	3.11786294e-03	1.23951471e-02
3322            	-1.75129615e-01	-1.11301564e-03	2.65325936e-01	3.14537716e-03	1.25067159e-02
3323            	-1.75159789e-01	-1.16739270e-03	2.65698173e-01	3.15672012e-03	1.25575107e-02
3324            	-1.75181645e-01	-1.19301878e-03	2.65884418e-01	3.15139627e-03	1.25418077e-02
3325            	-1.75193009e-01	-1.20413453e-03	2.65973893e-01	3.12325752e-03	1.24340560e-02
3326            	-1.75190746e-01	-1.23941277e-03	2.66202539e-01	3.07680040e-03	1.22530193e-02
3327            	-1.75175992e-01	-1.31921706e-03	2.66695295e-01	3.01971594e-03	1.20297924e-02
3328            	-1.75147498e-01	-1.42674017e-03	2.67338342e-01	2.96684911e-03	1.18241260e-02
3329            	-1.75111285e-01	-1.54622333e-03	2.68033389e-01	2.92551300e-03	1.16605768e-02
3330            	-1.75072360e-01	-1.64278839e-03	2.68569956e-01	2.90081352e-03	1.15591455e-02
3331            	-1.75033673e-01	-1.68370919e-03	2.68754857e-01	2.89724244e-03	1.15393399e-02
3332            	-1.74997722e-01	-1.64830156e-03	2.68474156e-01	2.91114676e-03	1.15876233e-02
3333            	-1.74968400e-01	-1.51639254e-03	2.67612704e-01	2.93886398e-03	1.16873203e-02
3334            	-1.74949285e-01	-1.33006371e-03	2.66436706e-01	2.96096612e-03	1.17619745e-02
3335            	-1.74940295e-01	-1.11728154e-03	2.65115974e-01	2.96035145e-03	1.17479005e-02
3336            	-1.74946678e-01	-9.66607524e-04	2.64197456e-01	2.96626851e-03	1.17663323e-02
3337            	-1.74972900e-01	-8.99787423e-04	2.63818533e-01	2.98654940e-03	1.18505041e-02
3338            	-1.75015233e-01	-8.91248316e-04	2.63816684e-01	3.01768092e-03	1.19817592e-02
3339            	-1.75063479e-01	-9.36543339e-04	2.64154178e-01	3.05093862e-03	1.21197621e-02
3340            	-1.75108248e-01	-1.02958403e-03	2.64784064e-01	3.08126359e-03	1.22419553e-02
3341            	-1.75145193e-01	-1.12864974e-03	2.65442501e-01	3.10333280e-03	1.23313067e-02
3342            	-1.75173491e-01	-1.18387417e-03	2.65817943e-01	3.10383035e-03	1.23365076e-02
3343            	-1.75193607e-01	-1.20393423e-03	2.65968080e-01	3.08695871e-03	1.22733590e-02
3344            	-1.75201147e-01	-1.20478686e-03	2.65990685e-01	3.04985120e-03	1.21297686e-02
3345            	-1.75194632e-01	-1.24200861e-03	2.66226853e-01	2.99901787e-03	1.19328379e-02
3346            	-1.75175037e-01	-1.33394557e-03	2.66788944e-01	2.94533313e-03	1.17245768e-02
3347            	-1.75143066e-01	-1.46681797e-03	2.67582976e-01	2.90243300e-03	1.15576560e-02
3348            	-1.75105726e-01	-1.59442937e-03	2.68323262e-01	2.87290712e-03	1.14400580e-02
3349            	-1.75066663e-01	-1.67717396e-03	2.68770715e-01	2.86168186e-03	1.13924207e-02
3350            	-1.75027800e-01	-1.68376211e-03	2.68742579e-01	2.87283319e-03	1.14329703e-02
3351            	-1.74991934e-01	-1.59993016e-03	2.68164006e-01	2.90483656e-03	1.15561965e-02
3352            	-1.74964654e-01	-1.45274359e-03	2.67214636e-01	2.94831413e-03	1.17217468e-02
3353            	-1.74946815e-01	-1.26558700e-03	2.66038553e-01	2.97945804e-03	1.18354177e-02
3354            	-1.74941509e-01	-1.09149611e-03	2.64962107e-01	2.99209106e-03	1.18768117e-02
3355            	-1.74952590e-01	-9.49339834e-04	2.64099126e-01	3.00857862e-03	1.19406196e-02
3356            	-1.74982931e-01	-8.92022958e-04	2.63782049e-01	3.04164580e-03	1.20788503e-02
3357            	-1.75026815e-01	-9.12252973e-04	2.63960075e-01	3.08366446e-03	1.22559782e-02
3358            	-1.75073510e-01	-9.87394482e-04	2.64481110e-01	3.12124346e-03	1.24115363e-02
3359            	-1.75114527e-01	-1.08015727e-03	2.65104609e-01	3.14888604e-03	1.25238331e-02
3360            	-1.75147105e-01	-1.15062706e-03	2.65579073e-01	3.16471209e-03	1.25893759e-02
3361            	-1.75172237e-01	-1.18408552e-03	2.65815531e-01	3.15932322e-03	1.25711069e-02
3362            	-1.75189085e-01	-1.20202286e-03	2.65951264e-01	3.13291269e-03	1.24685863e-02
3363            	-1.75193837e-01	-1.22277516e-03	2.66097538e-01	3.08694735e-03	1.22882393e-02
3364            	-1.75184728e-01	-1.28164852e-03	2.66467041e-01	3.02596802e-03	1.20495137e-02
3365            	-1.75161831e-01	-1.38135360e-03	2.67071978e-01	2.96466902e-03	1.18091810e-02
3366            	-1.75128777e-01	-1.50410761e-03	2.67797062e-01	2.91274587e-03	1.16036046e-02
3367            	-1.75091751e-01	-1.61374218e-03	2.68421292e-01	2.87430174e-03	1.14470385e-02
3368            	-1.75053827e-01	-1.67638471e-03	2.68743265e-01	2.85775042e-03	1.13750065e-02
3369            	-1.75017076e-01	-1.66448176e-03	2.68605076e-01	2.86690761e-03	1.14053223e-02
3370            	-1.74984230e-01	-1.55945113e-03	2.67902420e-01	2.89287130e-03	1.15009103e-02
3371            	-1.74960258e-01	-1.39931353e-03	2.66880050e-01	2.92248449e-03	1.16067437e-02
3372            	-1.74944843e-01	-1.18619215e-03	2.65547145e-01	2.93297119e-03	1.16349440e-02
3373            	-1.74944717e-01	-1.00537388e-03	2.64433363e-01	2.93586603e-03	1.16388771e-02
3374            	-1.74963044e-01	-9.01357134e-04	2.63815133e-01	2.95337362e-03	1.17113447e-02
3375            	-1.74998910e-01	-8.88026000e-04	2.63776695e-01	2.99432997e-03	1.18839731e-02
3376            	-1.75044852e-01	-9.28794158e-04	2.64083987e-01	3.03916846e-03	1.20710089e-02
3377            	-1.75091035e-01	-1.01248088e-03	2.64657176e-01	3.07514686e-03	1.22167940e-02
3378            	-1.75130673e-01	-1.10228496e-03	2.65260975e-01	3.10062073e-03	1.23196503e-02
3379            	-1.75161487e-01	-1.15724670e-03	2.65637596e-01	3.11288343e-03	1.23734203e-02
3380            	-1.75184244e-01	-1.18394826e-03	2.65831271e-01	3.11049203e-03	1.23698403e-02
3381            	-1.75196965e-01	-1.19667175e-03	2.65932094e-01	3.08910877e-03	1.22898907e-02
3382            	-1.75196274e-01	-1.23033213e-03	2.66152600e-01	3.04991924e-03	1.21390068e-02
3383            	-1.75182864e-01	-1.30926430e-03	2.66641813e-01	2.99987351e-03	1.19443082e-02
3384            	-1.75155519e-01	-1.41536681e-03	2.67278514e-01	2.95298545e-03	1.17638061e-02
3385            	-1.75120157e-01	-1.53413852e-03	2.67971801e-01	2.91804438e-03	1.16281283e-02
3386            	-1.75081344e-01	-1.63432951e-03	2.68531425e-01	2.89941322e-03	1.15529844e-02
3387            	-1.75041784e-01	-1.68046780e-03	2.68747678e-01	2.90143184e-03	1.15569366e-02
3388            	-1.75004276e-01	-1.65533471e-03	2.68527610e-01	2.92383333e-03	1.16406234e-02
3389            	-1.74972742e-01	-1.53117487e-03	2.67710534e-01	2.95767495e-03	1.17667568e-02
3390            	-1.74951231e-01	-1.34990774e-03	2.66561814e-01	2.98702156e-03	1.18718838e-02
3391            	-1.74939218e-01	-1.13103976e-03	2.65198468e-01	2.99323833e-03	1.18859341e-02
3392            	-1.74942506e-01	-9.71656072e-04	2.64221491e-01	3.00377674e-03	1.19236450e-02
3393            	-1.74965322e-01	-9.01657564e-04	2.63818464e-01	3.02876635e-03	1.20273613e-02
3394            	-1.75005004e-01	-8.92063860e-04	2.63806823e-01	3.06265952e-03	1.21699220e-02
3395            	-1.75052010e-01	-9.30019651e-04	2.64097052e-01	3.09427037e-03	1.23013883e-02
3396            	-1.75097063e-01	-1.01737306e-03	2.64691817e-01	3.12047960e-03	1.24063322e-02
3397            	-1.75135178e-01	-1.11478434e-03	2.65341502e-01	3.13790699e-03	1.24761262e-02
3398            	-1.75165182e-01	-1.17279260e-03	2.65736650e-01	3.13482337e-03	1.24666669e-02
3399            	-1.75187342e-01	-1.19734225e-03	2.65917532e-01	3.11440226e-03	1.23880846e-02
3400            	-1.75197476e-01	-1.20149725e-03	2.65963870e-01	3.07100723e-03	1.22175734e-02
3401            	-1.75193521e-01	-1.23781288e-03	2.66197649e-01	3.01152136e-03	1.19841065e-02
3402            	-1.75176334e-01	-1.32572744e-03	2.66738335e-01	2.94862102e-03	1.17375084e-02
3403            	-1.75145881e-01	-1.45473854e-03	2.67511378e-01	2.89663417e-03	1.15334636e-02
3404            	-1.75109135e-01	-1.58478150e-03	2.68268654e-01	2.85908056e-03	1.13827551e-02
3405            	-1.75070175e-01	-1.67088686e-03	2.68737691e-01	2.84009019e-03	1.13029409e-02
3406            	-1.75031083e-01	-1.68686658e-03	2.68766789e-01	2.84373783e-03	1.13115469e-02
3407            	-1.74994639e-01	-1.61181048e-03	2.68241185e-01	2.86695125e-03	1.13976938e-02
3408            	-1.74966304e-01	-1.45989598e-03	2.67261049e-01	2.90183317e-03	1.15282092e-02
3409            	-1.74947342e-01	-1.26916326e-03	2.66061091e-01	2.92990046e-03	1.16295332e-02
3410            	-1.74940396e-01	-1.09429468e-03	2.64977803e-01	2.94383174e-03	1.16760901e-02
3411            	-1.74950093e-01	-9.56910246e-04	2.64142873e-01	2.96426446e-03	1.17554399e-02
3412            	-1.74980041e-01	-8.98873954e-04	2.63821354e-01	2.99922344e-03	1.19010000e-02
3413            	-1.75024695e-01	-9.12411376e-04	2.63959612e-01	3.04431027e-03	1.20912147e-02
3414            	-1.75072992e-01	-9.82183538e-04	2.64450019e-01	3.08865160e-03	1.22755217e-02
3415            	-1.75115649e-01	-1.07523704e-03	2.65077863e-01	3.12535992e-03	1.24258453e-02
3416            	-1.75149706e-01	-1.15251836e-03	2.65596638e-01	3.15159721e-03	1.25347058e-02
3417            	-1.75175883e-01	-1.19185744e-03	2.65870946e-01	3.15442592e-03	1.25502013e-02
3418            	-1.75193557e-01	-1.21061031e-03	2.66011962e-01	3.13577515e-03	1.24797988e-02
3419            	-1.75198286e-01	-1.22488104e-03	2.66117092e-01	3.09676685e-03	1.23284713e-02
3420            	-1.75188561e-01	-1.27781936e-03	2.66448102e-01	3.04305150e-03	1.21203877e-02
3421            	-1.75164770e-01	-1.37509545e-03	2.67036524e-01	2.98820514e-03	1.19073670e-02
3422            	-1.75130506e-01	-1.49998105e-03	2.67773926e-01	2.94290954e-03	1.17296558e-02
3423            	-1.75092031e-01	-1.61231011e-03	2.68413429e-01	2.91022547e-03	1.15974304e-02
3424            	-1.75052488e-01	-1.67680106e-03	2.68744385e-01	2.89702431e-03	1.15399842e-02
3425            	-1.75013967e-01	-1.66931914e-03	2.68630378e-01	2.90758441e-03	1.15765557e-02
3426            	-1.74979518e-01	-1.56471052e-03	2.67927119e-01	2.93486161e-03	1.16785007e-02
3427            	-1.74954898e-01	-1.40538046e-03	2.66908387e-01	2.96448806e-03	1.17852383e-02
3428            	-1.74939506e-01	-1.20126293e-03	2.65631156e-01	2.97665990e-03	1.18197031e-02
3429            	-1.74939255e-01	-1.02048603e-03	2.64517666e-01	2.97567647e-03	1.18057056e-02
3430            	-1.74957019e-01	-8.97124382e-04	2.63778883e-01	2.98355895e-03	1.18370552e-02
3431            	-1.74992951e-01	-8.71986016e-04	2.63667863e-01	3.01579925e-03	1.19732591e-02
3432            	-1.75039855e-01	-9.13946305e-04	2.63984452e-01	3.05453738e-03	1.21352095e-02
3433            	-1.75087609e-01	-9.99282996e-04	2.64570442e-01	3.08395427e-03	1.22542957e-02
3434            	-1.75128846e-01	-1.09156376e-03	2.65191763e-01	3.10210810e-03	1.23262651e-02
3435            	-1.75161069e-01	-1.15044633e-03	2.65594583e-01	3.10714430e-03	1.23485496e-02
3436            	-1.75185097e-01	-1.17848072e-03	2.65797705e-01	3.09672996e-03	1.23110406e-02
3437            	-1.75199088e-01	-1.19173041e-03	2.65903000e-01	3.06811369e-03	1.22007047e-02
3438            	-1.75199636e-01	-1.22382279e-03	2.66115192e-01	3.02217994e-03	1.20215974e-02
3439            	-1.75186792e-01	-1.29799856e-03	2.66575492e-01	2.96499760e-03	1.17976637e-02
3440            	-1.75159705e-01	-1.40474498e-03	2.67217217e-01	2.91310842e-03	1.15959219e-02
3441            	-1.75124097e-01	-1.52727368e-03	2.67934092e-01	2.87470293e-03	1.14456126e-02
3442            	-1.75085410e-01	-1.62831955e-03	2.68499748e-01	2.85220242e-03	1.13549434e-02
3443            	-1.75046086e-01	-1.67638745e-03	2.68728898e-01	2.85379728e-03	1.13577450e-02
3444            	-1.75008713e-01	-1.65262899e-03	2.68517485e-01	2.87998389e-03	1.14580092e-02
3445            	-1.74976931e-01	-1.53744115e-03	2.67755611e-01	2.91971761e-03	1.16089816e-02
3446            	-1.74955141e-01	-1.36401552e-03	2.66655115e-01	2.95711672e-03	1.17471709e-02
3447            	-1.74942788e-01	-1.14665899e-03	2.65300846e-01	2.97010098e-03	1.17887322e-02
3448            	-1.74946111e-01	-9.81871439e-04	2.64290795e-01	2.98521923e-03	1.18456693e-02
3449            	-1.74968475e-01	-9.10111240e-04	2.63876790e-01	3.01655470e-03	1.19761300e-02
3450            	-1.75007368e-01	-9.02324893e-04	2.63875688e-01	3.05959569e-03	1.21571161e-02
3451            	-1.75053481e-01	-9.39761372e-04	2.64161674e-01	3.10008597e-03	1.23259001e-02
3452            	-1.75097601e-01	-1.02815207e-03	2.64761482e-01	3.13438986e-03	1.24642078e-02
3453            	-1.75134275e-01	-1.12542326e-03	2.65408078e-01	3.15882053e-03	1.25629170e-02
3454            	-1.75162520e-01	-1.18182595e-03	2.65790447e-01	3.16305575e-03	1.25843900e-02
3455            	-1.75182707e-01	-1.20465302e-03	2.65957547e-01	3.15007484e-03	1.25369746e-02
3456            	-1.75191552e-01	-1.20788890e-03	2.65995548e-01	3.11259431e-03	1.23914057e-02
3457            	-1.75187022e-01	-1.24299998e-03	2.66220664e-01	3.05722649e-03	1.21749466e-02
3458            	-1.75170378e-01	-1.33037190e-03	2.66758440e-01	2.99605173e-03	1.19349759e-02
3459            	-1.75141056e-01	-1.45007456e-03	2.67475770e-01	2.94242066e-03	1.17251503e-02
3460            	-1.75105401e-01	-1.57705478e-03	2.68216163e-01	2.90098373e-03	1.15591138e-02
3461            	-1.75067574e-01	-1.66467012e-03	2.68696608e-01	2.87717157e-03	1.14596463e-02
3462            	-1.75029906e-01	-1.68934242e-03	2.68781246e-01	2.87498668e-03	1.14437895e-02
3463            	-1.74994838e-01	-1.62588995e-03	2.68328935e-01	2.89091857e-03	1.14991623e-02
3464            	-1.74967530e-01	-1.47434269e-03	2.67351907e-01	2.91819234e-03	1.15979269e-02
3465            	-1.74949422e-01	-1.28078283e-03	2.66135214e-01	2.93983708e-03	1.16724838e-02
3466            	-1.74942230e-01	-1.09478057e-03	2.64982593e-01	2.94576625e-03	1.16859368e-02
3467            	-1.74950752e-01	-9.55970485e-04	2.64137562e-01	2.95890409e-03	1.17343109e-02
3468            	-1.74979393e-01	-8.95713941e-04	2.63800641e-01	2.98452929e-03	1.18403613e-02
3469            	-1.75023095e-01	-9.01084090e-04	2.63886868e-01	3.01964670e-03	1.19887573e-02
3470            	-1.75071122e-01	-9.66250921e-04	2.64348313e-01	3.05709948e-03	1.21441626e-02
3471            	-1.75114210e-01	-1.06232084e-03	2.64995444e-01	3.08907094e-03	1.22741864e-02
3472            	-1.75149122e-01	-1.14846040e-03	2.65570479e-01	3.11162808e-03	1.23670164e-02
3473            	-1.75176175e-01	-1.19249769e-03	2.65875075e-01	3.11156833e-03	1.23699250e-02
3474            	-1.75195050e-01	-1.21030275e-03	2.66011197e-01	3.09297341e-03	1.22996550e-02
3475            	-1.75201057e-01	-1.21913354e-03	2.66083796e-01	3.05615460e-03	1.21574518e-02
3476            	-1.75193048e-01	-1.26825616e-03	2.66393321e-01	3.00698264e-03	1.19684743e-02
3477            	-1.75171356e-01	-1.36745004e-03	2.66997267e-01	2.95765326e-03	1.17783842e-02
3478            	-1.75138726e-01	-1.49815514e-03	2.67774385e-01	2.91896367e-03	1.16280360e-02
3479            	-1.75101308e-01	-1.61451780e-03	2.68441482e-01	2.89217442e-03	1.15207358e-02
3480            	-1.75062389e-01	-1.68211612e-03	2.68793060e-01	2.88274163e-03	1.14797214e-02
3481            	-1.75023629e-01	-1.67420556e-03	2.68675935e-01	2.89595411e-03	1.15283486e-02
3482            	-1.74988045e-01	-1.57635107e-03	2.68011945e-01	2.93029073e-03	1.16598341e-02
3483            	-1.74961785e-01	-1.42127196e-03	2.67016623e-01	2.96893050e-03	1.18048555e-02
3484            	-1.74944450e-01	-1.22317828e-03	2.65773902e-01	2.99136610e-03	1.18824755e-02
3485            	-1.74941260e-01	-1.04422440e-03	2.64668006e-01	2.99822407e-03	1.19009722e-02
3486            	-1.74955373e-01	-9.09124811e-04	2.63851334e-01	3.01095810e-03	1.19519626e-02
3487            	-1.74988054e-01	-8.74952742e-04	2.63679981e-01	3.04735256e-03	1.21049018e-02
3488            	-1.75032814e-01	-9.16088373e-04	2.63988607e-01	3.09085557e-03	1.22867745e-02
3489            	-1.75079426e-01	-1.00083788e-03	2.64569473e-01	3.12314544e-03	1.24186044e-02
3490            	-1.75120297e-01	-1.09312318e-03	2.65190310e-01	3.14242932e-03	1.24956429e-02
3491            	-1.75152920e-01	-1.15447366e-03	2.65608975e-01	3.14748759e-03	1.25174756e-02
3492            	-1.75177950e-01	-1.18267801e-03	2.65813986e-01	3.13518478e-03	1.24715994e-02
3493            	-1.75193691e-01	-1.19687840e-03	2.65927141e-01	3.10374107e-03	1.23490145e-02
3494            	-1.75196388e-01	-1.22714667e-03	2.66130859e-01	3.05421856e-03	1.21546687e-02
3495            	-1.75185242e-01	-1.29825444e-03	2.66574502e-01	2.99156665e-03	1.19080486e-02
3496            	-1.75159774e-01	-1.40339314e-03	2.67209049e-01	2.93264468e-03	1.16769787e-02
3497            	-1.75124947e-01	-1.52390363e-03	2.67915207e-01	2.88591530e-03	1.14924283e-02
3498            	-1.75086763e-01	-1.62569814e-03	2.68486524e-01	2.85373065e-03	1.13616976e-02
3499            	-1.75047697e-01	-1.67695374e-03	2.68735526e-01	2.84597982e-03	1.13256926e-02
3500            	-1.75010072e-01	-1.65305209e-03	2.68522170e-01	2.86408430e-03	1.13925592e-02
3501            	-1.74977496e-01	-1.54087851e-03	2.67777363e-01	2.89530170e-03	1.15083639e-02
3502            	-1.74954661e-01	-1.36829945e-03	2.66680317e-01	2.92578693e-03	1.16174109e-02
3503            	-1.74941355e-01	-1.14802272e-03	2.65306291e-01	2.93364296e-03	1.16370794e-02
3504            	-1.74944149e-01	-9.79309115e-04	2.64271325e-01	2.94339028e-03	1.16714434e-02
3505            	-1.74966286e-01	-9.06507243e-04	2.63851088e-01	2.97236393e-03	1.17918401e-02
3506            	-1.75005478e-01	-9.01629747e-04	2.63869142e-01	3.01679830e-03	1.19784812e-02
3507            	-1.75052756e-01	-9.39934637e-04	2.64162719e-01	3.06116465e-03	1.21633096e-02
3508            	-1.75098896e-01	-1.02849887e-03	2.64766684e-01	3.09935693e-03	1.23176303e-02
3509            	-1.75137798e-01	-1.12537013e-03	2.65414034e-01	3.12842358e-03	1.24355284e-02
3510            	-1.75167751e-01	-1.18144207e-03	2.65796796e-01	3.13859028e-03	1.24817295e-02
3511            	-1.75189144e-01	-1.20547371e-03	2.65973020e-01	3.13198267e-03	1.24606544e-02
3512            	-1.75198861e-01	-1.21110350e-03	2.66026774e-01	3.10166438e-03	1.23445664e-02
3513            	-1.75194720e-01	-1.24629971e-03	2.66252803e-01	3.05422367e-03	1.21602986e-02
3514            	-1.75178137e-01	-1.33196079e-03	2.66779808e-01	3.00038593e-03	1.19504653e-02
3515            	-1.75148357e-01	-1.44679948e-03	2.67465887e-01	2.95250174e-03	1.17650844e-02
3516            	-1.75111387e-01	-1.56438787e-03	2.68146469e-01	2.91617583e-03	1.16224292e-02
3517            	-1.75071681e-01	-1.65306924e-03	2.68631282e-01	2.89834071e-03	1.15493129e-02
3518            	-1.75031929e-01	-1.68615841e-03	2.68765008e-01	2.90227689e-03	1.15594606e-02
3519            	-1.74995191e-01	-1.63639636e-03	2.68394195e-01	2.92329398e-03	1.16361565e-02
3520            	-1.74966232e-01	-1.48811607e-03	2.67433908e-01	2.95329134e-03	1.17465224e-02
3521            	-1.74947452e-01	-1.29482457e-03	2.66216840e-01	2.97741591e-03	1.18313810e-02
3522            	-1.74939267e-01	-1.09823922e-03	2.64997443e-01	2.98312300e-03	1.18439646e-02
3523            	-1.74946658e-01	-9.57732283e-04	2.64141306e-01	2.99574218e-03	1.18898201e-02
3524            	-1.74974264e-01	-8.95023721e-04	2.63788483e-01	3.01816899e-03	1.19821902e-02
3525            	-1.75017539e-01	-8.91936814e-04	2.63821869e-01	3.04759615e-03	1.21064039e-02
3526            	-1.75065927e-01	-9.48678934e-04	2.64231528e-01	3.07840530e-03	1.22339887e-02
3527            	-1.75110114e-01	-1.04461983e-03	2.64879288e-01	3.10587339e-03	1.23446845e-02
3528            	-1.75146277e-01	-1.13775068e-03	2.65499666e-01	3.12447790e-03	1.24204765e-02
3529            	-1.75174091e-01	-1.18832748e-03	2.65845847e-01	3.11986161e-03	1.24041046e-02
3530            	-1.75193441e-01	-1.20816658e-03	2.65994550e-01	3.09554981e-03	1.23098163e-02
3531            	-1.75199791e-01	-1.21289034e-03	2.66041233e-01	3.05104077e-03	1.21354549e-02
3532            	-1.75192139e-01	-1.25650013e-03	2.66316643e-01	2.99417127e-03	1.19139746e-02
3533            	-1.75171112e-01	-1.35406219e-03	2.66911655e-01	2.93621768e-03	1.16879053e-02
3534            	-1.75138589e-01	-1.48802807e-03	2.67710104e-01	2.88987870e-03	1.15060047e-02
3535            	-1.75101214e-01	-1.60886173e-03	2.68406070e-01	2.85725385e-03	1.13749613e-02
3536            	-1.75062741e-01	-1.68206583e-03	2.68793708e-01	2.84387473e-03	1.13178445e-02
3537            	-1.75024730e-01	-1.68013143e-03	2.68714072e-01	2.85621150e-03	1.13624592e-02
3538            	-1.74990008e-01	-1.58491506e-03	2.68067648e-01	2.88865337e-03	1.14866407e-02
3539            	-1.74964391e-01	-1.43064911e-03	2.67078265e-01	2.92945190e-03	1.16412224e-02
3540            	-1.74947770e-01	-1.23747792e-03	2.65867437e-01	2.95728392e-03	1.17411826e-02
3541            	-1.74944683e-01	-1.06378242e-03	2.64795137e-01	2.97018234e-03	1.17841408e-02
3542            	-1.74958535e-01	-9.26003975e-04	2.63962147e-01	2.98717955e-03	1.18518893e-02
3543            	-1.74991274e-01	-8.85639146e-04	2.63752972e-01	3.02651274e-03	1.20166508e-02
3544            	-1.75036484e-01	-9.23806310e-04	2.64044225e-01	3.07429342e-03	1.22167256e-02
3545            	-1.75083305e-01	-1.00612620e-03	2.64610452e-01	3.11298732e-03	1.23760938e-02
3546            	-1.75123611e-01	-1.09802857e-03	2.65228096e-01	3.14043031e-03	1.24876036e-02
3547            	-1.75155065e-01	-1.16171915e-03	2.65659330e-01	3.15542036e-03	1.25504761e-02
3548            	-1.75178657e-01	-1.19086805e-03	2.65867416e-01	3.15161867e-03	1.25397739e-02
3549            	-1.75193144e-01	-1.20597819e-03	2.65983544e-01	3.12745487e-03	1.24473350e-02
3550            	-1.75194959e-01	-1.23266113e-03	2.66163288e-01	3.08453553e-03	1.22802300e-02
3551            	-1.75183363e-01	-1.29849107e-03	2.66573113e-01	3.02677972e-03	1.20544561e-02
3552            	-1.75157946e-01	-1.40133321e-03	2.67193277e-01	2.97035593e-03	1.18339472e-02
3553            	-1.75123338e-01	-1.51669956e-03	2.67868503e-01	2.92333063e-03	1.16493475e-02
3554            	-1.75085687e-01	-1.61805416e-03	2.68438459e-01	2.89024521e-03	1.15153814e-02
3555            	-1.75047415e-01	-1.67642690e-03	2.68732827e-01	2.88073949e-03	1.14719929e-02
3556            	-1.75010787e-01	-1.65983858e-03	2.68565862e-01	2.89588904e-03	1.15264750e-02
3557            	-1.74978770e-01	-1.55037212e-03	2.67837881e-01	2.92278364e-03	1.16247598e-02
3558            	-1.74956332e-01	-1.37931141e-03	2.66750266e-01	2.94966749e-03	1.17189513e-02
3559            	-1.74942495e-01	-1.15794266e-03	2.65368369e-01	2.95531985e-03	1.17284058e-02
3560            	-1.74944380e-01	-9.81004501e-04	2.64281065e-01	2.95778693e-03	1.17316293e-02
3561            	-1.74964904e-01	-8.95880798e-04	2.63782496e-01	2.97735705e-03	1.18126605e-02
3562            	-1.75002566e-01	-8.87322665e-04	2.63775613e-01	3.01465936e-03	1.19697046e-02
3563            	-1.75048838e-01	-9.25124304e-04	2.64064527e-01	3.05277177e-03	1.21284786e-02
3564            	-1.75094643e-01	-1.01334583e-03	2.64665539e-01	3.08330384e-03	1.22507585e-02
3565            	-1.75133686e-01	-1.11061142e-03	2.65315315e-01	3.10458057e-03	1.23356086e-02
3566            	-1.75164133e-01	-1.16769912e-03	2.65704986e-01	3.10959494e-03	1.23597235e-02
3567            	-1.75186458e-01	-1.19274996e-03	2.65888725e-01	3.09921761e-03	1.23228107e-02
3568            	-1.75198041e-01	-1.20154310e-03	2.65964585e-01	3.06787947e-03	1.22020751e-02
3569            	-1.75196008e-01	-1.23777539e-03	2.66200045e-01	3.02203846e-03	1.20239308e-02
3570            	-1.75181728e-01	-1.32226488e-03	2.66723203e-01	2.97003366e-03	1.18219128e-02
3571            	-1.75153911e-01	-1.43563323e-03	2.67403581e-01	2.92480375e-03	1.16478612e-02
3572            	-1.75118556e-01	-1.55664842e-03	2.68108714e-01	2.89161007e-03	1.15182444e-02
3573            	-1.75080057e-01	-1.65001426e-03	2.68625464e-01	2.87547655e-03	1.14525690e-02
3574            	-1.75041269e-01	-1.68568485e-03	2.68777436e-01	2.88084465e-03	1.14698085e-02
3575            	-1.75004758e-01	-1.64581224e-03	2.68468185e-01	2.90491147e-03	1.15599974e-02
3576            	-1.74974734e-01	-1.50709303e-03	2.67564492e-01	2.94063794e-03	1.16942510e-02
3577            	-1.74954231e-01	-1.31982226e-03	2.66381196e-01	2.97165351e-03	1.18071528e-02
3578            	-1.74943774e-01	-1.11403703e-03	2.65101419e-01	2.98237063e-03	1.18406117e-02
3579            	-1.74948633e-01	-9.68863931e-04	2.64213846e-01	2.99980149e-03	1.19068785e-02
3580            	-1.74973459e-01	-9.04010698e-04	2.63844424e-01	3.02803986e-03	1.20240532e-02
3581            	-1.75014150e-01	-8.97687879e-04	2.63854016e-01	3.06369955e-03	1.21742674e-02
3582            	-1.75060746e-01	-9.47121753e-04	2.64215256e-01	3.09937307e-03	1.23222633e-02
3583            	-1.75103965e-01	-1.04161656e-03	2.64852334e-01	3.13082694e-03	1.24492648e-02
3584            	-1.75139910e-01	-1.13829392e-03	2.65494612e-01	3.15194782e-03	1.25350749e-02
3585            	-1.75167800e-01	-1.19153467e-03	2.65857485e-01	3.14914441e-03	1.25264586e-02
3586            	-1.75187808e-01	-1.21139904e-03	2.66006804e-01	3.12658553e-03	1.24395982e-02
3587            	-1.75195388e-01	-1.21432776e-03	2.66043388e-01	3.08302421e-03	1.22690663e-02
3588            	-1.75189238e-01	-1.25465655e-03	2.66300067e-01	3.02580238e-03	1.20458304e-02
3589            	-1.75169918e-01	-1.34880565e-03	2.66876335e-01	2.96547090e-03	1.18100164e-02
3590            	-1.75138500e-01	-1.48156841e-03	2.67669864e-01	2.91563857e-03	1.16139152e-02
3591            	-1.75101634e-01	-1.60472159e-03	2.68382125e-01	2.87861224e-03	1.14646378e-02
3592            	-1.75063221e-01	-1.68268953e-03	2.68799988e-01	2.85964561e-03	1.13842511e-02
3593            	-1.75024964e-01	-1.68831094e-03	2.68766156e-01	2.86469340e-03	1.13984668e-02
3594            	-1.74989534e-01	-1.59845684e-03	2.68150901e-01	2.88826070e-03	1.14860560e-02
3595            	-1.74962643e-01	-1.44013902e-03	2.67133672e-01	2.92073881e-03	1.16064169e-02
3596            	-1.74944995e-01	-1.24457069e-03	2.65906037e-01	2.94257427e-03	1.16815373e-02
3597            	-1.74940553e-01	-1.07092241e-03	2.64832835e-01	2.95016906e-03	1.17018747e-02
3598            	-1.74953265e-01	-9.33643061e-04	2.64001921e-01	2.96359899e-03	1.17532136e-02
3599            	-1.74985612e-01	-8.87296906e-04	2.63755528e-01	2.99707340e-03	1.18930646e-02
3600            	-1.75031591e-01	-9.19403947e-04	2.64010580e-01	3.04079637e-03	1.20766475e-02
3601            	-1.75080090e-01	-9.99076874e-04	2.64562974e-01	3.07958025e-03	1.22367307e-02
3602            	-1.75122647e-01	-1.09236705e-03	2.65192652e-01	3.10971261e-03	1.23592957e-02
3603            	-1.75156390e-01	-1.16172887e-03	2.65662394e-01	3.12940690e-03	1.24411687e-02
3604            	-1.75182184e-01	-1.19526168e-03	2.65900659e-01	3.12947813e-03	1.24460431e-02
3605            	-1.75198863e-01	-1.21340885e-03	2.66038105e-01	3.10898937e-03	1.23685349e-02
3606            	-1.75202561e-01	-1.23588319e-03	2.66193942e-01	3.06975955e-03	1.22164863e-02
3607            	-1.75192024e-01	-1.29582599e-03	2.66568138e-01	3.01651222e-03	1.20100329e-02
3608            	-1.75167107e-01	-1.39459796e-03	2.67163961e-01	2.96502689e-03	1.18106263e-02
3609            	-1.75132057e-01	-1.51455938e-03	2.67867763e-01	2.92346687e-03	1.16483827e-02
3610            	-1.75093259e-01	-1.61899801e-03	2.68456002e-01	2.89474247e-03	1.15327500e-02
3611            	-1.75053471e-01	-1.67718221e-03	2.68746961e-01	2.88745189e-03	1.14996682e-02
3612            	-1.75015201e-01	-1.65926042e-03	2.68569341e-01	2.90373870e-03	1.15605355e-02
3613            	-1.74981340e-01	-1.55061605e-03	2.67842824e-01	2.93598488e-03	1.16826252e-02
3614            	-1.74957140e-01	-1.39211942e-03	2.66829455e-01	2.97156391e-03	1.18126686e-02
3615            	-1.74941954e-01	-1.17785405e-03	2.65489343e-01	2.98354403e-03	1.18471147e-02
3616            	-1.74942638e-01	-9.95354827e-04	2.64366385e-01	2.98404799e-03	1.18414953e-02
3617            	-1.74961962e-01	-8.92480531e-04	2.63756901e-01	2.99789379e-03	1.18989208e-02
3618            	-1.74998757e-01	-8.79688924e-04	2.63723200e-01	3.03454176e-03	1.20533542e-02
3619            	-1.75044975e-01	-9.22369516e-04	2.64042659e-01	3.07440943e-03	1.22192047e-02
3620            	-1.75091195e-01	-1.00962629e-03	2.64638061e-01	3.10420185e-03	1.23385576e-02
3621            	-1.75130783e-01	-1.10339400e-03	2.65266604e-01	3.12229709e-03	1.24100918e-02
3622            	-1.75161497e-01	-1.15971317e-03	2.65651784e-01	3.12557163e-03	1.24264565e-02
3623            	-1.75183880e-01	-1.18576149e-03	2.65841399e-01	3.11371781e-03	1.23833653e-02
3624            	-1.75195863e-01	-1.19836589e-03	2.65940959e-01	3.08216205e-03	1.22611169e-02
3625            	-1.75194196e-01	-1.23431088e-03	2.66174620e-01	3.03349144e-03	1.20706788e-02
3626            	-1.75179917e-01	-1.31508310e-03	2.66674293e-01	2.97483369e-03	1.18406065e-02
3627            	-1.75151927e-01	-1.42360405e-03	2.67324796e-01	2.92087573e-03	1.16304746e-02
3628            	-1.75116117e-01	-1.54523468e-03	2.68034254e-01	2.88020069e-03	1.14700699e-02
3629            	-1.75077430e-01	-1.64291086e-03	2.68578088e-01	2.85728179e-03	1.13766558e-02
3630            	-1.75038939e-01	-1.68256474e-03	2.68755477e-01	2.85748205e-03	1.13732398e-02
3631            	-1.75003188e-01	-1.64971924e-03	2.68490479e-01	2.87941142e-03	1.14550791e-02
3632            	-1.74973699e-01	-1.51919636e-03	2.67637575e-01	2.91459075e-03	1.15868148e-02
3633            	-1.74954189e-01	-1.33504049e-03	2.66474531e-01	2.94616502e-03	1.17013269e-02
3634            	-1.74944490e-01	-1.12464499e-03	2.65167592e-01	2.95647162e-03	1.17325764e-02
3635            	-1.74950041e-01	-9.76281464e-04	2.64262526e-01	2.97288420e-03	1.17945914e-02
3636            	-1.74975109e-01	-9.12371179e-04	2.63900480e-01	3.00297180e-03	1.19194787e-02
3637            	-1.75016296e-01	-9.05493434e-04	2.63907734e-01	3.04214445e-03	1.20840813e-02
3638            	-1.75063598e-01	-9.48332737e-04	2.64228883e-01	3.08061238e-03	1.22439049e-02
3639            	-1.75107452e-01	-1.03946296e-03	2.64845647e-01	3.11557884e-03	1.23854722e-02
3640            	-1.75143458e-01	-1.13949028e-03	2.65508862e-01	3.14192147e-03	1.24925154e-02
3641            	-1.75170742e-01	-1.19627153e-03	2.65892573e-01	3.14641807e-03	1.25145535e-02
3642            	-1.75189863e-01	-1.21655537e-03	2.66042621e-01	3.13220784e-03	1.24624471e-02
3643            	-1.75196786e-01	-1.21636491e-03	2.66057564e-01	3.09515905e-03	1.23192039e-02
3644            	-1.75190150e-01	-1.25156902e-03	2.66280777e-01	3.04256291e-03	1.21150118e-02
3645            	-1.75171130e-01	-1.34269719e-03	2.66838447e-01	2.98591526e-03	1.18941380e-02
3646            	-1.75140093e-01	-1.46921716e-03	2.67594673e-01	2.93772629e-03	1.17061422e-02
3647            	-1.75103732e-01	-1.59452176e-03	2.68322130e-01	2.90163123e-03	1.15615708e-02
3648            	-1.75065626e-01	-1.67604986e-03	2.68763224e-01	2.88293938e-03	1.14829408e-02
3649            	-1.75027799e-01	-1.68994290e-03	2.68780838e-01	2.88676552e-03	1.14920010e-02
3650            	-1.74992897e-01	-1.60960253e-03	2.68224748e-01	2.90761665e-03	1.15682486e-02
3651            	-1.74966290e-01	-1.45251464e-03	2.67215020e-01	2.93771450e-03	1.16789484e-02
3652            	-1.74948646e-01	-1.25793317e-03	2.65993015e-01	2.95964836e-03	1.17547317e-02
3653            	-1.74942834e-01	-1.08131805e-03	2.64899896e-01	2.96699584e-03	1.17736931e-02
3654            	-1.74953196e-01	-9.42230227e-04	2.64054779e-01	2.97981675e-03	1.18212741e-02
3655            	-1.74983218e-01	-8.85830748e-04	2.63742985e-01	3.00737059e-03	1.19359497e-02
3656            	-1.75027304e-01	-9.04919360e-04	2.63914645e-01	3.04391214e-03	1.20901662e-02
3657            	-1.75074650e-01	-9.79000611e-04	2.64430464e-01	3.07851153e-03	1.22332169e-02
3658            	-1.75116560e-01	-1.07384134e-03	2.65068525e-01	3.10578802e-03	1.23435502e-02
3659            	-1.75150090e-01	-1.14954816e-03	2.65576874e-01	3.12325423e-03	1.24154212e-02
3660            	-1.75175949e-01	-1.18793678e-03	2.65845058e-01	3.11916152e-03	1.24020357e-02
3661            	-1.75193543e-01	-1.20733723e-03	2.65990692e-01	3.09527232e-03	1.23099253e-02
3662            	-1.75198688e-01	-1.22498928e-03	2.66118168e-01	3.05361458e-03	1.21476967e-02
3663            	-1.75189983e-01	-1.28149615e-03	2.66473497e-01	2.99972323e-03	1.19387462e-02
3664            	-1.75167333e-01	-1.38151710e-03	2.67080929e-01	2.94702761e-03	1.17345040e-02
3665            	-1.75134471e-01	-1.50747880e-03	2.67826706e-01	2.90530638e-03	1.15717163e-02
3666            	-1.75097473e-01	-1.61940651e-03	2.68465411e-01	2.87720105e-03	1.14586570e-02
3667            	-1.75059309e-01	-1.68241056e-03	2.68789081e-01	2.86939238e-03	1.14236222e-02
3668            	-1.75022016e-01	-1.67139923e-03	2.68655242e-01	2.88541291e-03	1.14830628e-02
3669            	-1.74988500e-01	-1.56495047e-03	2.67942127e-01	2.91793129e-03	1.16068100e-02
3670            	-1.74963827e-01	-1.40625740e-03	2.66927465e-01	2.95283938e-03	1.17355167e-02
3671            	-1.74947682e-01	-1.19889405e-03	2.65628928e-01	2.96989098e-03	1.17907883e-02
3672            	-1.74946208e-01	-1.01799581e-03	2.64512727e-01	2.97643811e-03	1.18090874e-02
3673            	-1.74962727e-01	-9.01277701e-04	2.63813059e-01	2.99413555e-03	1.18819931e-02
3674            	-1.74997128e-01	-8.81818512e-04	2.63734804e-01	3.03468949e-03	1.20528559e-02
3675            	-1.75042134e-01	-9.25889389e-04	2.64061695e-01	3.07894948e-03	1.22374972e-02
3676            	-1.75087864e-01	-1.01204199e-03	2.64649895e-01	3.11248971e-03	1.23733954e-02
3677            	-1.75127366e-01	-1.10311707e-03	2.65261461e-01	3.13416388e-03	1.24601541e-02
3678            	-1.75158367e-01	-1.15979757e-03	2.65649062e-01	3.14141834e-03	1.24922940e-02
3679            	-1.75181542e-01	-1.18613692e-03	2.65840920e-01	3.13191173e-03	1.24587678e-02
3680            	-1.75194837e-01	-1.19911868e-03	2.65944113e-01	3.10253948e-03	1.23454999e-02
3681            	-1.75194933e-01	-1.23307699e-03	2.66167692e-01	3.05472466e-03	1.21587130e-02
3682            	-1.75182103e-01	-1.30987662e-03	2.66644606e-01	2.99550115e-03	1.19263236e-02
3683            	-1.75155383e-01	-1.41617805e-03	2.67283741e-01	2.94093798e-03	1.17136487e-02
3684            	-1.75120130e-01	-1.53754140e-03	2.67993291e-01	2.89942307e-03	1.15500640e-02
3685            	-1.75081655e-01	-1.63694464e-03	2.68548464e-01	2.87360780e-03	1.14450923e-02
3686            	-1.75042604e-01	-1.68120767e-03	2.68753723e-01	2.87018483e-03	1.14268649e-02
3687            	-1.75005477e-01	-1.65013864e-03	2.68497460e-01	2.88804229e-03	1.14926527e-02
3688            	-1.74973848e-01	-1.53057944e-03	2.67708348e-01	2.92069483e-03	1.16134213e-02
3689            	-1.74952148e-01	-1.35150747e-03	2.66572758e-01	2.94960992e-03	1.17160418e-02
3690            	-1.74940218e-01	-1.13407574e-03	2.65218535e-01	2.95417352e-03	1.17227346e-02
3691            	-1.74944023e-01	-9.71800294e-04	2.64224788e-01	2.96260016e-03	1.17517925e-02
3692            	-1.74967531e-01	-9.02777622e-04	2.63829299e-01	2.98870368e-03	1.18602678e-02
3693            	-1.75007946e-01	-8.97484428e-04	2.63845605e-01	3.02773471e-03	1.20242268e-02
3694            	-1.75055647e-01	-9.39777195e-04	2.64164024e-01	3.06645759e-03	1.21851361e-02
3695            	-1.75101211e-01	-1.03217419e-03	2.64791138e-01	3.10080579e-03	1.23233218e-02
3696            	-1.75139358e-01	-1.13295289e-03	2.65462154e-01	3.12631863e-03	1.24262227e-02
3697            	-1.75168959e-01	-1.19035075e-03	2.65852956e-01	3.13131570e-03	1.24506698e-02
3698            	-1.75190337e-01	-1.21219830e-03	2.66015911e-01	3.11913055e-03	1.24068700e-02
3699            	-1.75199790e-01	-1.21428512e-03	2.66048107e-01	3.08402714e-03	1.22714570e-02
3700            	-1.75195341e-01	-1.24932205e-03	2.66273095e-01	3.03259428e-03	1.20716145e-02
3701            	-1.75178210e-01	-1.33583104e-03	2.66805043e-01	2.97700913e-03	1.18554652e-02
3702            	-1.75147864e-01	-1.46116577e-03	2.67555349e-01	2.93066923e-03	1.16752802e-02
3703            	-1.75111176e-01	-1.58858729e-03	2.68296317e-01	2.89669260e-03	1.15400458e-02
3704            	-1.75072114e-01	-1.67214494e-03	2.68749206e-01	2.87998710e-03	1.14705566e-02
3705            	-1.75033063e-01	-1.68986751e-03	2.68788541e-01	2.88484095e-03	1.14847462e-02
3706            	-1.74996637e-01	-1.61976610e-03	2.68292940e-01	2.90788509e-03	1.15705175e-02
3707            	-1.74968323e-01	-1.46663854e-03	2.67304587e-01	2.94135277e-03	1.16954960e-02
3708            	-1.74949612e-01	-1.27358086e-03	2.66090026e-01	2.96780376e-03	1.17902067e-02
3709            	-1.74942534e-01	-1.09071641e-03	2.64956933e-01	2.97693080e-03	1.18168268e-02
3710            	-1.74951748e-01	-9.52285353e-04	2.64115138e-01	2.99109899e-03	1.18694453e-02
3711            	-1.74981073e-01	-8.92721927e-04	2.63783448e-01	3.01663651e-03	1.19751381e-02
3712            	-1.75025088e-01	-9.01151688e-04	2.63889288e-01	3.05032845e-03	1.21174731e-02
3713            	-1.75072884e-01	-9.69157980e-04	2.64368181e-01	3.08529909e-03	1.22622126e-02
3714            	-1.75115521e-01	-1.06542757e-03	2.65016039e-01	3.11442212e-03	1.23801976e-02
3715            	-1.75149697e-01	-1.14863719e-03	2.65571797e-01	3.13383646e-03	1.24600208e-02
3716            	-1.75175779e-01	-1.19108107e-03	2.65865197e-01	3.13007383e-03	1.24476327e-02
3717            	-1.75193362e-01	-1.20964623e-03	2.66004653e-01	3.10653636e-03	1.23567087e-02
3718            	-1.75198023e-01	-1.22177952e-03	2.66096332e-01	3.06421864e-03	1.21915127e-02
3719            	-1.75188637e-01	-1.27345062e-03	2.66419975e-01	3.00889836e-03	1.19767256e-02
3720            	-1.75165570e-01	-1.37466212e-03	2.67034138e-01	2.95310607e-03	1.17592812e-02
3721            	-1.75132065e-01	-1.50018237e-03	2.67777438e-01	2.90725014e-03	1.15797592e-02
3722            	-1.75094216e-01	-1.61428850e-03	2.68429310e-01	2.87505922e-03	1.14500412e-02
3723            	-1.75055548e-01	-1.68115040e-03	2.68776253e-01	2.86256957e-03	1.13958219e-02
3724            	-1.75017909e-01	-1.67522874e-03	2.68672862e-01	2.87517388e-03	1.14409592e-02
3725            	-1.74984279e-01	-1.57214884e-03	2.67980095e-01	2.90586587e-03	1.15573964e-02
3726            	-1.74960174e-01	-1.41378247e-03	2.66968346e-01	2.94090115e-03	1.16873318e-02
3727            	-1.74945048e-01	-1.21342797e-03	2.65715022e-01	2.96143052e-03	1.17570919e-02
3728            	-1.74944195e-01	-1.03724885e-03	2.64629451e-01	2.96983870e-03	1.17820929e-02
3729            	-1.74960948e-01	-9.10859562e-04	2.63870544e-01	2.98555610e-03	1.18455789e-02
3730            	-1.74996054e-01	-8.83876660e-04	2.63747425e-01	3.02359611e-03	1.20053836e-02
3731            	-1.75042430e-01	-9.28064400e-04	2.64077686e-01	3.06772752e-03	1.21896726e-02
3732            	-1.75089632e-01	-1.01435679e-03	2.64669243e-01	3.10219751e-03	1.23302854e-02
3733            	-1.75130074e-01	-1.10691114e-03	2.65291232e-01	3.12588631e-03	1.24257007e-02
3734            	-1.75161538e-01	-1.16657435e-03	2.65697622e-01	3.13651295e-03	1.24710696e-02
3735            	-1.75184755e-01	-1.19315187e-03	2.65890018e-01	3.13013364e-03	1.24502565e-02
3736            	-1.75198120e-01	-1.20555290e-03	2.65988774e-01	3.10438932e-03	1.23518789e-02
3737            	-1.75198352e-01	-1.23555307e-03	2.66187367e-01	3.06050440e-03	1.21813685e-02
3738            	-1.75185463e-01	-1.30619324e-03	2.66625475e-01	3.00405295e-03	1.19608235e-02
3739            	-1.75158856e-01	-1.41018597e-03	2.67250822e-01	2.95094742e-03	1.17542649e-02
3740            	-1.75123716e-01	-1.52947877e-03	2.67948350e-01	2.90885239e-03	1.15890162e-02
3741            	-1.75085790e-01	-1.62920055e-03	2.68506788e-01	2.88038111e-03	1.14737778e-02
3742            	-1.75047339e-01	-1.67670456e-03	2.68733480e-01	2.87388488e-03	1.14433797e-02
3743            	-1.75010648e-01	-1.65123626e-03	2.68511971e-01	2.89272819e-03	1.15134303e-02
3744            	-1.74979227e-01	-1.53966583e-03	2.67772204e-01	2.92555966e-03	1.16353625e-02
3745            	-1.74957708e-01	-1.36699898e-03	2.66676259e-01	2.95514498e-03	1.17404760e-02
3746            	-1.74945168e-01	-1.14479642e-03	2.65291468e-01	2.95942718e-03	1.17453165e-02
3747            	-1.74948060e-01	-9.73764760e-04	2.64242203e-01	2.96500234e-03	1.17623381e-02
3748            	-1.74969626e-01	-8.99328090e-04	2.63810745e-01	2.98997250e-03	1.18659845e-02
3749            	-1.75007708e-01	-8.92832314e-04	2.63816601e-01	3.02996795e-03	1.20340532e-02
3750            	-1.75053386e-01	-9.31227413e-04	2.64107970e-01	3.06874453e-03	1.21953817e-02
3751            	-1.75097757e-01	-1.02063207e-03	2.64714414e-01	3.10075595e-03	1.23236539e-02
3752            	-1.75135076e-01	-1.11919839e-03	2.65370034e-01	3.12313899e-03	1.24132204e-02
3753            	-1.75163891e-01	-1.17660043e-03	2.65759486e-01	3.12675078e-03	1.24317249e-02
3754            	-1.75184638e-01	-1.20074446e-03	2.65935584e-01	3.11510827e-03	1.23897164e-02
3755            	-1.75194334e-01	-1.20575326e-03	2.65985713e-01	3.08142291e-03	1.22597987e-02
3756            	-1.75190754e-01	-1.24213209e-03	2.66220145e-01	3.03182736e-03	1.20667267e-02
3757            	-1.75175233e-01	-1.32781196e-03	2.66749253e-01	2.97693831e-03	1.18530663e-02
3758            	-1.75146583e-01	-1.44837735e-03	2.67472983e-01	2.92990129e-03	1.16707442e-02
3759            	-1.75111153e-01	-1.57421363e-03	2.68206951e-01	2.89459913e-03	1.15313060e-02
3760            	-1.75073304e-01	-1.66316599e-03	2.68696184e-01	2.87709854e-03	1.14593051e-02
3761            	-1.75035698e-01	-1.69145677e-03	2.68803563e-01	2.88128415e-03	1.14707489e-02
3762            	-1.75000603e-01	-1.63557178e-03	2.68397553e-01	2.90376993e-03	1.15538370e-02
3763            	-1.74972826e-01	-1.48689961e-03	2.67436752e-01	2.93615999e-03	1.16742101e-02
3764            	-1.74954278e-01	-1.29424040e-03	2.66224242e-01	2.96238867e-03	1.17678622e-02
3765            	-1.74946128e-01	-1.10208224e-03	2.65032373e-01	2.97047658e-03	1.17903505e-02
3766            	-1.74953373e-01	-9.64237005e-04	2.64192377e-01	2.98621914e-03	1.18493364e-02
3767            	-1.74980515e-01	-9.02674810e-04	2.63845657e-01	3.01314144e-03	1.19606626e-02
3768            	-1.75022818e-01	-9.01066199e-04	2.63886620e-01	3.04779333e-03	1.21069490e-02
3769            	-1.75069822e-01	-9.59712645e-04	2.64305987e-01	3.08398224e-03	1.22570876e-02
3770            	-1.75112462e-01	-1.05559293e-03	2.64951187e-01	3.11545473e-03	1.23846026e-02
3771            	-1.75147333e-01	-1.14614313e-03	2.65553703e-01	3.13723462e-03	1.24737988e-02
3772            	-1.75174247e-01	-1.19403408e-03	2.65882050e-01	3.13472497e-03	1.24663844e-02
3773            	-1.75193008e-01	-1.21246080e-03	2.66021489e-01	3.11196010e-03	1.23787555e-02
3774            	-1.75198994e-01	-1.21748355e-03	2.66069955e-01	3.06923188e-03	1.22120898e-02
3775            	-1.75191334e-01	-1.26448917e-03	2.66366673e-01	3.01438357e-03	1.19985805e-02
3776            	-1.75170467e-01	-1.36239174e-03	2.66963978e-01	2.95763820e-03	1.17775895e-02
3777            	-1.75138376e-01	-1.49225824e-03	2.67737377e-01	2.91128431e-03	1.15963247e-02
3778            	-1.75101019e-01	-1.61150972e-03	2.68422934e-01	2.87871064e-03	1.14654888e-02
3779            	-1.75062160e-01	-1.68422899e-03	2.68806498e-01	2.86490736e-03	1.14061329e-02
3780            	-1.75023611e-01	-1.68292599e-03	2.68729924e-01	2.87566799e-03	1.14437015e-02
3781            	-1.74988331e-01	-1.58519104e-03	2.68067033e-01	2.90411135e-03	1.15511074e-02
3782            	-1.74962020e-01	-1.42720316e-03	2.67053487e-01	2.93824178e-03	1.16779824e-02
3783            	-1.74944520e-01	-1.23002173e-03	2.65816018e-01	2.95994250e-03	1.17525696e-02
3784            	-1.74940704e-01	-1.05355867e-03	2.64724920e-01	2.96777098e-03	1.17743661e-02
3785            	-1.74954347e-01	-9.15704790e-04	2.63890871e-01	2.98066024e-03	1.18249722e-02
3786            	-1.74987384e-01	-8.78383730e-04	2.63701042e-01	3.01612361e-03	1.19734677e-02
3787            	-1.75033100e-01	-9.19409279e-04	2.64010927e-01	3.06042113e-03	1.21588005e-02
3788            	-1.75080759e-01	-1.00463675e-03	2.64596627e-01	3.09659282e-03	1.23073187e-02
3789            	-1.75122291e-01	-1.09843484e-03	2.65227932e-01	3.12294881e-03	1.24140256e-02
3790            	-1.75155194e-01	-1.16202994e-03	2.65660691e-01	3.13760431e-03	1.24754322e-02
3791            	-1.75180252e-01	-1.19138505e-03	2.65872401e-01	3.13393183e-03	1.24653388e-02
3792            	-1.75195988e-01	-1.20708590e-03	2.65994464e-01	3.11010231e-03	1.23744035e-02
3793            	-1.75198852e-01	-1.23543871e-03	2.66186501e-01	3.06754480e-03	1.22088506e-02
3794            	-1.75188019e-01	-1.30283679e-03	2.66607431e-01	3.01083002e-03	1.19872120e-02
3795            	-1.75162871e-01	-1.40476529e-03	2.67222426e-01	2.95632411e-03	1.17749859e-02
3796            	-1.75128138e-01	-1.52347677e-03	2.67917677e-01	2.91234453e-03	1.16026080e-02
3797            	-1.75090032e-01	-1.62482150e-03	2.68486529e-01	2.88214329e-03	1.14806465e-02
3798            	-1.75051038e-01	-1.67891438e-03	2.68753250e-01	2.87574730e-03	1.14506170e-02
3799            	-1.75013604e-01	-1.65881239e-03	2.68563495e-01	2.89441739e-03	1.15202744e-02
3800            	-1.74980890e-01	-1.54927405e-03	2.67834241e-01	2.92506365e-03	1.16343292e-02
3801            	-1.74957889e-01	-1.37912734e-03	2.66751337e-01	2.95484657e-03	1.17406074e-02
3802            	-1.74943823e-01	-1.15726784e-03	2.65365874e-01	2.96239218e-03	1.17581386e-02
3803            	-1.74945798e-01	-9.80221552e-04	2.64278033e-01	2.96697528e-03	1.17704113e-02
3804            	-1.74966831e-01	-8.96109670e-04	2.63786602e-01	2.98783823e-03	1.18568950e-02
3805            	-1.75005006e-01	-8.88923058e-04	2.63789135e-01	3.02537874e-03	1.20148277e-02
3806            	-1.75051602e-01	-9.28256524e-04	2.64088113e-01	3.06318726e-03	1.21721146e-02
3807            	-1.75097307e-01	-1.01626241e-03	2.64687636e-01	3.09403963e-03	1.22956587e-02
3808            	-1.75135970e-01	-1.11259806e-03	2.65331111e-01	3.11609167e-03	1.23838522e-02
3809            	-1.75165695e-01	-1.16838948e-03	2.65711676e-01	3.12163930e-03	1.24104425e-02
3810            	-1.75186887e-01	-1.19285613e-03	2.65890223e-01	3.11190583e-03	1.23763349e-02
3811            	-1.75196973e-01	-1.20133370e-03	2.65962110e-01	3.08046694e-03	1.22552780e-02
3812            	-1.75193349e-01	-1.23790354e-03	2.66197370e-01	3.03302936e-03	1.20704170e-02
3813            	-1.75177526e-01	-1.32183250e-03	2.66714655e-01	2.97830960e-03	1.18570705e-02
3814            	-1.75148157e-01	-1.43587448e-03	2.67396759e-01	2.92934483e-03	1.16673642e-02
3815            	-1.75111386e-01	-1.55758272e-03	2.68103869e-01	2.89228357e-03	1.15215329e-02
3816            	-1.75072003e-01	-1.65036189e-03	2.68615453e-01	2.87341936e-03	1.14444326e-02
3817            	-1.75033191e-01	-1.68601863e-03	2.68767146e-01	2.87685422e-03	1.14533307e-02
3818            	-1.74997398e-01	-1.63997209e-03	2.68421102e-01	2.89842106e-03	1.15334106e-02
3819            	-1.74968661e-01	-1.50103027e-03	2.67517790e-01	2.93448138e-03	1.16684581e-02
3820            	-1.74949898e-01	-1.31409255e-03	2.66339381e-01	2.96510863e-03	1.17795299e-02
3821            	-1.74941520e-01	-1.11243509e-03	2.65088651e-01	2.97438763e-03	1.18068743e-02
3822            	-1.74948655e-01	-9.69777043e-04	2.64220261e-01	2.98995101e-03	1.18652607e-02
3823            	-1.74975699e-01	-9.06535432e-04	2.63864075e-01	3.01705156e-03	1.19775339e-02
3824            	-1.75018307e-01	-9.01572846e-04	2.63884705e-01	3.05264635e-03	1.21274063e-02
3825            	-1.75066171e-01	-9.53160187e-04	2.64260986e-01	3.08862100e-03	1.22765603e-02
3826            	-1.75110009e-01	-1.04813434e-03	2.64901930e-01	3.12022309e-03	1.24042093e-02
3827            	-1.75145879e-01	-1.14369736e-03	2.65537159e-01	3.14187808e-03	1.24923927e-02
3828            	-1.75173171e-01	-1.19633225e-03	2.65895430e-01	3.13989659e-03	1.24872477e-02
3829            	-1.75192204e-01	-1.21567524e-03	2.66040153e-01	3.11916397e-03	1.24082235e-02
3830            	-1.75198621e-01	-1.21749674e-03	2.66068228e-01	3.07837468e-03	1.22495119e-02
3831            	-1.75191519e-01	-1.25651816e-03	2.66315408e-01	3.02433310e-03	1.20397821e-02
3832            	-1.75171419e-01	-1.35024180e-03	2.66887851e-01	2.96691883e-03	1.18161358e-02
3833            	-1.75139685e-01	-1.48412129e-03	2.67687540e-01	2.91906864e-03	1.16281814e-02
3834            	-1.75102877e-01	-1.60696681e-03	2.68397627e-01	2.88377979e-03	1.14862011e-02
3835            	-1.75064893e-01	-1.68428177e-03	2.68811974e-01	2.86584667e-03	1.14101428e-02
3836            	-1.75027308e-01	-1.68763891e-03	2.68765313e-01	2.87200893e-03	1.14291454e-02
3837            	-1.74992820e-01	-1.59574477e-03	2.68139025e-01	2.89623515e-03	1.15195431e-02
3838            	-1.74966881e-01	-1.43810362e-03	2.67127601e-01	2.92891921e-03	1.16406640e-02
3839            	-1.74949839e-01	-1.24415210e-03	2.65910912e-01	2.95082755e-03	1.17159068e-02
3840            	-1.74945700e-01	-1.06991517e-03	2.64834289e-01	2.95832322e-03	1.17357447e-02
3841            	-1.74958213e-01	-9.30885456e-04	2.63991948e-01	2.97164171e-03	1.17867934e-02
3842            	-1.74989792e-01	-8.83221230e-04	2.63735980e-01	3.00448068e-03	1.19241427e-02
3843            	-1.75034101e-01	-9.14490498e-04	2.63983095e-01	3.04673498e-03	1.21016396e-02
3844            	-1.75080445e-01	-9.94243513e-04	2.64532581e-01	3.08318712e-03	1.22520389e-02
3845            	-1.75120753e-01	-1.08660819e-03	2.65152969e-01	3.11088790e-03	1.23645171e-02
3846            	-1.75152388e-01	-1.15411745e-03	2.65607976e-01	3.12819811e-03	1.24364126e-02
3847            	-1.75176403e-01	-1.18610522e-03	2.65834043e-01	3.12652256e-03	1.24340326e-02
3848            	-1.75191721e-01	-1.20397287e-03	2.65968041e-01	3.10504571e-03	1.23523875e-02
3849            	-1.75194777e-01	-1.22842496e-03	2.66135504e-01	3.06547554e-03	1.21989148e-02
3850            	-1.75184285e-01	-1.29370551e-03	2.66543175e-01	3.01266792e-03	1.19933924e-02
3851            	-1.75160079e-01	-1.39422633e-03	2.67151043e-01	2.96125954e-03	1.17944104e-02
3852            	-1.75126335e-01	-1.51193540e-03	2.67842966e-01	2.92001158e-03	1.16343330e-02
3853            	-1.75089023e-01	-1.61832428e-03	2.68445491e-01	2.89295814e-03	1.15256276e-02
3854            	-1.75050795e-01	-1.68014032e-03	2.68761367e-01	2.88762975e-03	1.15000611e-02
3855            	-1.75014355e-01	-1.66640411e-03	2.68612366e-01	2.90542130e-03	1.15660971e-02
3856            	-1.74982465e-01	-1.56049521e-03	2.67906252e-01	2.93528171e-03	1.16776011e-02
3857            	-1.74959829e-01	-1.39590382e-03	2.66858131e-01	2.96545215e-03	1.17859596e-02
3858            	-1.74945351e-01	-1.17769537e-03	2.65494606e-01	2.97499763e-03	1.18109263e-02
3859            	-1.74946016e-01	-9.96241892e-04	2.64377527e-01	2.97805411e-03	1.18160628e-02
3860            	-1.74965059e-01	-8.98161944e-04	2.63796834e-01	2.99537170e-03	1.18876991e-02
3861            	-1.75001581e-01	-8.87871328e-04	2.63778070e-01	3.03277732e-03	1.20451744e-02
3862            	-1.75047401e-01	-9.29214923e-04	2.64088727e-01	3.07137470e-03	1.22059283e-02
3863            	-1.75093021e-01	-1.01382028e-03	2.64666879e-01	3.10072411e-03	1.23236951e-02
3864            	-1.75132067e-01	-1.10530147e-03	2.65280449e-01	3.12011512e-03	1.24009529e-02
3865            	-1.75162606e-01	-1.16039031e-03	2.65657635e-01	3.12501737e-03	1.24244243e-02
3866            	-1.75185126e-01	-1.18668872e-03	2.65849085e-01	3.11408199e-03	1.23852039e-02
3867            	-1.75197395e-01	-1.19944199e-03	2.65950233e-01	3.08212764e-03	1.22613647e-02
3868            	-1.75196159e-01	-1.23580940e-03	2.66187456e-01	3.03295824e-03	1.20688639e-02
3869            	-1.75182441e-01	-1.31644476e-03	2.66687205e-01	2.97487513e-03	1.18413950e-02
3870            	-1.75154851e-01	-1.42541132e-03	2.67340844e-01	2.92240241e-03	1.16374778e-02
3871            	-1.75119322e-01	-1.54724894e-03	2.68051756e-01	2.88342906e-03	1.14840168e-02
3872            	-1.75080526e-01	-1.64485001e-03	2.68594972e-01	2.86236253e-03	1.13981359e-02
3873            	-1.75041596e-01	-1.68458956e-03	2.68772284e-01	2.86348839e-03	1.13983200e-02
3874            	-1.75004949e-01	-1.65138445e-03	2.68503795e-01	2.88477894e-03	1.14772007e-02
3875            	-1.74974230e-01	-1.51757914e-03	2.67628660e-01	2.91879627e-03	1.16040765e-02
3876            	-1.74953170e-01	-1.33123688e-03	2.66449717e-01	2.94877052e-03	1.17120359e-02
3877            	-1.74941884e-01	-1.12027909e-03	2.65136769e-01	2.95754547e-03	1.17370215e-02
3878            	-1.74945971e-01	-9.72230806e-04	2.64231250e-01	2.97252862e-03	1.17930045e-02
3879            	-1.74969969e-01	-9.08658533e-04	2.63869398e-01	3.00105895e-03	1.19113578e-02
3880            	-1.75010519e-01	-9.01585226e-04	2.63874322e-01	3.03913366e-03	1.20714397e-02
3881            	-1.75057588e-01	-9.45053812e-04	2.64198946e-01	3.07790445e-03	1.22324755e-02
3882            	-1.75101605e-01	-1.03668415e-03	2.64819146e-01	3.11426756e-03	1.23798962e-02
3883            	-1.75138273e-01	-1.13641157e-03	2.65481468e-01	3.14255075e-03	1.24951179e-02
3884            	-1.75166609e-01	-1.19377647e-03	2.65870461e-01	3.14816449e-03	1.25216227e-02
3885            	-1.75187084e-01	-1.21517166e-03	2.66029561e-01	3.13454664e-03	1.24720213e-02
3886            	-1.75195382e-01	-1.21602170e-03	2.66053337e-01	3.09808260e-03	1.23312810e-02
3887            	-1.75190036e-01	-1.25207618e-03	2.66283998e-01	3.04583757e-03	1.21287033e-02
3888            	-1.75171799e-01	-1.34235936e-03	2.66837803e-01	2.98867939e-03	1.19060900e-02
3889            	-1.75141017e-01	-1.47379863e-03	2.67624646e-01	2.94020643e-03	1.17160568e-02
3890            	-1.75104503e-01	-1.60028878e-03	2.68358983e-01	2.90359834e-03	1.15688802e-02
3891            	-1.75066261e-01	-1.68194758e-03	2.68800637e-01	2.88370909e-03	1.14851100e-02
3892            	-1.75028186e-01	-1.69280601e-03	2.68799235e-01	2.88744826e-03	1.14941404e-02
3893            	-1.74992949e-01	-1.60833398e-03	2.68217016e-01	2.90895938e-03	1.15734886e-02
3894            	-1.74965907e-01	-1.45024140e-03	2.67200416e-01	2.93927606e-03	1.16851203e-02
3895            	-1.74948080e-01	-1.25548298e-03	2.65977085e-01	2.95995629e-03	1.17555353e-02
3896            	-1.74942778e-01	-1.07943103e-03	2.64888173e-01	2.96543452e-03	1.17666630e-02
3897            	-1.74954274e-01	-9.39815949e-04	2.64041344e-01	2.97633909e-03	1.18064906e-02
3898            	-1.74985633e-01	-8.84554321e-04	2.63738532e-01	3.00252581e-03	1.19156846e-02
3899            	-1.75030783e-01	-9.05773306e-04	2.63924891e-01	3.03796003e-03	1.20652850e-02
3900            	-1.75078787e-01	-9.81308251e-04	2.64450694e-01	3.07114326e-03	1.22023501e-02
3901            	-1.75121059e-01	-1.07530997e-03	2.65084056e-01	3.09755797e-03	1.23091439e-02
3902            	-1.75154597e-01	-1.14839285e-03	2.65576183e-01	3.11492789e-03	1.23806490e-02
3903            	-1.75180131e-01	-1.18399791e-03	2.65826542e-01	3.11236239e-03	1.23739867e-02
3904            	-1.75196836e-01	-1.20291065e-03	2.65968075e-01	3.09036299e-03	1.22899549e-02
3905            	-1.75200733e-01	-1.22184350e-03	2.66101775e-01	3.05054499e-03	1.21354578e-02
3906            	-1.75190373e-01	-1.28142030e-03	2.66473662e-01	2.99826163e-03	1.19324116e-02
3907            	-1.75166058e-01	-1.37825097e-03	2.67058725e-01	2.94570703e-03	1.17291577e-02
3908            	-1.75131431e-01	-1.50227830e-03	2.67789525e-01	2.90366102e-03	1.15651818e-02
3909            	-1.75092644e-01	-1.61377531e-03	2.68422637e-01	2.87568725e-03	1.14525555e-02
3910            	-1.75052862e-01	-1.67751973e-03	2.68748566e-01	2.86857653e-03	1.14201742e-02
3911            	-1.75014715e-01	-1.66634896e-03	2.68612774e-01	2.88571950e-03	1.14841842e-02
3912            	-1.74981068e-01	-1.56193020e-03	2.67912492e-01	2.91929859e-03	1.16121364e-02
3913            	-1.74956960e-01	-1.40364069e-03	2.66901207e-01	2.95589358e-03	1.17477420e-02
3914            	-1.74941665e-01	-1.19631539e-03	2.65604244e-01	2.97468471e-03	1.18103363e-02
3915            	-1.74941488e-01	-1.01613448e-03	2.64494477e-01	2.98385237e-03	1.18397903e-02
3916            	-1.74959688e-01	-9.03591764e-04	2.63823419e-01	3.00365507e-03	1.19214313e-02
3917            	-1.74995891e-01	-8.86682106e-04	2.63763689e-01	3.04476933e-03	1.20944550e-02
3918            	-1.75042371e-01	-9.30929275e-04	2.64093760e-01	3.08792642e-03	1.22744104e-02
3919            	-1.75088993e-01	-1.01573260e-03	2.64674620e-01	3.12017108e-03	1.24048806e-02
3920            	-1.75128743e-01	-1.10549849e-03	2.65278243e-01	3.14106982e-03	1.24885592e-02
3921            	-1.75159575e-01	-1.16049208e-03	2.65654949e-01	3.14813018e-03	1.25203839e-02
3922            	-1.75182342e-01	-1.18691119e-03	2.65846766e-01	3.13855966e-03	1.24866969e-02
3923            	-1.75195068e-01	-1.20048037e-03	2.65952854e-01	3.10850180e-03	1.23705382e-02
3924            	-1.75194456e-01	-1.23457480e-03	2.66176266e-01	3.05947755e-03	1.21786777e-02
3925            	-1.75181121e-01	-1.31084153e-03	2.66649089e-01	2.99902586e-03	1.19412645e-02
3926            	-1.75154015e-01	-1.41617405e-03	2.67281361e-01	2.94309641e-03	1.17230914e-02
3927            	-1.75118908e-01	-1.53778982e-03	2.67992462e-01	2.89979087e-03	1.15519321e-02
3928            	-1.75080935e-01	-1.63744868e-03	2.68550066e-01	2.87213027e-03	1.14390231e-02
3929            	-1.75042946e-01	-1.68111878e-03	2.68753449e-01	2.86629208e-03	1.14105268e-02
3930            	-1.75007118e-01	-1.65305493e-03	2.68517760e-01	2.88228985e-03	1.14677252e-02
3931            	-1.74977033e-01	-1.52810669e-03	2.67698104e-01	2.91101201e-03	1.15724078e-02
3932            	-1.74956626e-01	-1.34625653e-03	2.66547645e-01	2.93673938e-03	1.16619678e-02
3933            	-1.74945698e-01	-1.13036022e-03	2.65204504e-01	2.94063664e-03	1.16660326e-02
3934            	-1.74949765e-01	-9.73109365e-04	2.64242307e-01	2.95025038e-03	1.16998577e-02
3935            	-1.74973135e-01	-9.05394134e-04	2.63854413e-01	2.97731172e-03	1.18123282e-02
3936            	-1.75012872e-01	-8.98806333e-04	2.63861419e-01	3.01613535e-03	1.19754719e-02
3937            	-1.75059363e-01	-9.38811602e-04	2.64163542e-01	3.05467491e-03	1.21357642e-02
3938            	-1.75103126e-01	-1.02783063e-03	2.64766792e-01	3.08961229e-03	1.22768946e-02
3939            	-1.75139292e-01	-1.12632793e-03	2.65420507e-01	3.11683973e-03	1.23873611e-02
3940            	-1.75166852e-01	-1.18316503e-03	2.65804693e-01	3.12378483e-03	1.24199098e-02
3941            	-1.75186504e-01	-1.20529662e-03	2.65966798e-01	3.11344550e-03	1.23837708e-02
3942            	-1.75194436e-01	-1.20735299e-03	2.65996697e-01	3.08058018e-03	1.22575708e-02
3943            	-1.75189050e-01	-1.24194987e-03	2.66217588e-01	3.03166778e-03	1.20682938e-02
3944            	-1.75171384e-01	-1.32894093e-03	2.66751761e-01	2.97909825e-03	1.18646995e-02
3945            	-1.75141067e-01	-1.45685657e-03	2.67518162e-01	2.93610755e-03	1.16982432e-02
3946            	-1.75104882e-01	-1.58673611e-03	2.68275199e-01	2.90585862e-03	1.15783084e-02
3947            	-1.75066811e-01	-1.67234684e-03	2.68742487e-01	2.89248055e-03	1.15224747e-02
3948            	-1.75028965e-01	-1.68892546e-03	2.68777225e-01	2.89884934e-03	1.15432245e-02
3949            	-1.74993903e-01	-1.61712413e-03	2.68273427e-01	2.92378204e-03	1.16369534e-02
3950            	-1.74966721e-01	-1.46999038e-03	2.67323517e-01	2.95972519e-03	1.17712678e-02
3951            	-1.74948953e-01	-1.28076737e-03	2.66133955e-01	2.98554902e-03	1.18628193e-02
3952            	-1.74942501e-01	-1.09794884e-03	2.65002201e-01	2.99127570e-03	1.18752410e-02
3953            	-1.74952003e-01	-9.55118138e-04	2.64133561e-01	3.00209410e-03	1.19143167e-02
3954            	-1.74981197e-01	-8.92391425e-04	2.63781851e-01	3.02661679e-03	1.20161679e-02
3955            	-1.75024719e-01	-8.99854950e-04	2.63880423e-01	3.06070889e-03	1.21604695e-02
3956            	-1.75071879e-01	-9.68647740e-04	2.64362796e-01	3.09494378e-03	1.23022274e-02
3957            	-1.75114091e-01	-1.06475117e-03	2.65008800e-01	3.12153815e-03	1.24096733e-02
3958            	-1.75148348e-01	-1.14568551e-03	2.65550541e-01	3.13707830e-03	1.24734471e-02
3959            	-1.75175170e-01	-1.18573142e-03	2.65830224e-01	3.12946889e-03	1.24452138e-02
3960            	-1.75193892e-01	-1.20359983e-03	2.65967253e-01	3.10206802e-03	1.23382589e-02
3961            	-1.75200044e-01	-1.21711725e-03	2.66069893e-01	3.05614170e-03	1.21580473e-02
3962            	-1.75192027e-01	-1.27074491e-03	2.66407941e-01	2.99735600e-03	1.19287270e-02
3963            	-1.75170101e-01	-1.37093559e-03	2.67017688e-01	2.93868516e-03	1.16995668e-02
3964            	-1.75137341e-01	-1.49963176e-03	2.67781596e-01	2.89132915e-03	1.15131496e-02
3965            	-1.75099895e-01	-1.61468990e-03	2.68439927e-01	2.85803613e-03	1.13784493e-02
3966            	-1.75061112e-01	-1.68065501e-03	2.68781365e-01	2.84500913e-03	1.13219440e-02
3967            	-1.75022807e-01	-1.67213092e-03	2.68661232e-01	2.85757023e-03	1.13670809e-02
3968            	-1.74987949e-01	-1.56855814e-03	2.67963790e-01	2.88893967e-03	1.14863181e-02
3969            	-1.74962081e-01	-1.41273496e-03	2.66965325e-01	2.92480271e-03	1.16193015e-02
3970            	-1.74944946e-01	-1.21263402e-03	2.65710617e-01	2.94514694e-03	1.16879836e-02
3971            	-1.74942351e-01	-1.03498652e-03	2.64613108e-01	2.95440476e-03	1.17167886e-02
3972            	-1.74957763e-01	-9.09518991e-04	2.63857803e-01	2.97236842e-03	1.17902250e-02
3973            	-1.74991772e-01	-8.83102968e-04	2.63736326e-01	3.01373580e-03	1.19643762e-02
3974            	-1.75037324e-01	-9.27065378e-04	2.64063848e-01	3.06146898e-03	1.21637708e-02
3975            	-1.75083997e-01	-1.01325598e-03	2.64653816e-01	3.10041739e-03	1.23229335e-02
3976            	-1.75124176e-01	-1.10509624e-03	2.65270957e-01	3.12879555e-03	1.24379633e-02
3977            	-1.75155716e-01	-1.16327542e-03	2.65668320e-01	3.14420306e-03	1.25035982e-02
3978            	-1.75179331e-01	-1.18969098e-03	2.65860515e-01	3.14261990e-03	1.25029774e-02
3979            	-1.75193375e-01	-1.20263108e-03	2.65963829e-01	3.12103218e-03	1.24220112e-02
3980            	-1.75194321e-01	-1.23442124e-03	2.66174741e-01	3.07999657e-03	1.22633125e-02
3981            	-1.75182009e-01	-1.30900282e-03	2.66638094e-01	3.02546149e-03	1.20500470e-02
3982            	-1.75155781e-01	-1.41237199e-03	2.67259920e-01	2.97257861e-03	1.18445914e-02
3983            	-1.75120902e-01	-1.52816234e-03	2.67936201e-01	2.92999951e-03	1.16778319e-02
3984            	-1.75082762e-01	-1.62905798e-03	2.68501585e-01	2.90216367e-03	1.15649704e-02
3985            	-1.75043808e-01	-1.68096709e-03	2.68754549e-01	2.89657090e-03	1.15373882e-02
3986            	-1.75006645e-01	-1.65994133e-03	2.68559756e-01	2.91349330e-03	1.15986171e-02
3987            	-1.74975029e-01	-1.54289011e-03	2.67786097e-01	2.94113291e-03	1.16992325e-02
3988            	-1.74953445e-01	-1.36459338e-03	2.66655266e-01	2.96601606e-03	1.17853529e-02
3989            	-1.74941069e-01	-1.13927805e-03	2.65251184e-01	2.96760224e-03	1.17793080e-02
3990            	-1.74944502e-01	-9.70219352e-04	2.64214669e-01	2.97135776e-03	1.17886026e-02
3991            	-1.74967285e-01	-8.97446934e-04	2.63795146e-01	2.99260570e-03	1.18765567e-02
3992            	-1.75007184e-01	-8.91189930e-04	2.63805295e-01	3.02603741e-03	1.20170684e-02
3993            	-1.75054835e-01	-9.28276965e-04	2.64091623e-01	3.05795577e-03	1.21498562e-02
3994            	-1.75100986e-01	-1.01580926e-03	2.64689193e-01	3.08473680e-03	1.22565679e-02
3995            	-1.75139815e-01	-1.11325156e-03	2.65339996e-01	3.10422723e-03	1.23343055e-02
3996            	-1.75169788e-01	-1.17090772e-03	2.65732582e-01	3.10632580e-03	1.23465761e-02
3997            	-1.75191303e-01	-1.19645259e-03	2.65918424e-01	3.09361903e-03	1.23001225e-02
3998            	-1.75200949e-01	-1.20157059e-03	2.65969180e-01	3.05888155e-03	1.21657857e-02
3999            	-1.75196589e-01	-1.23701118e-03	2.66196536e-01	3.00836358e-03	1.19689323e-02
4000            	-1.75179554e-01	-1.32173874e-03	2.66717432e-01	2.95348901e-03	1.17553430e-02
