# Force and moment coefficients
# dragDir       : (0.00000000e+00 0.00000000e+00 -1.00000000e+00)
# sideDir       : (-0.00000000e+00 1.00000000e+00 0.00000000e+00)
# liftDir       : (1.00000000e+00 0.00000000e+00 0.00000000e+00)
# rollAxis      : (0.00000000e+00 0.00000000e+00 -1.00000000e+00)
# pitchAxis     : (-0.00000000e+00 1.00000000e+00 0.00000000e+00)
# yawAxis       : (1.00000000e+00 0.00000000e+00 0.00000000e+00)
# magUInf       : 1.01700000e+02
# lRef          : 5.78100000e-02
# Aref          : 2.62480000e-03
# CofR          : (0.00000000e+00 0.00000000e+00 3.99000000e-01)
#
# Time          	Cd              	Cl              	CmPitch         	CmRoll          	CmYaw           
4001            	8.92968338e-01	9.04807926e-03	-5.85231570e-02	1.18617115e-02	1.06674356e-01
4002            	8.93034457e-01	8.76549561e-03	-5.65548005e-02	1.16184502e-02	1.03673470e-01
4003            	8.93094224e-01	8.62154055e-03	-5.54512566e-02	1.16218324e-02	1.00821538e-01
4004            	8.93141085e-01	8.57758502e-03	-5.49474447e-02	1.18859663e-02	9.82251859e-02
4005            	8.93182330e-01	8.68924510e-03	-5.53857202e-02	1.24123832e-02	9.60659489e-02
4006            	8.93192650e-01	8.96418386e-03	-5.67942990e-02	1.31572548e-02	9.47369179e-02
4007            	8.93173412e-01	9.29112010e-03	-5.84643067e-02	1.40277034e-02	9.46909110e-02
4008            	8.93120000e-01	9.58529316e-03	-5.99010021e-02	1.49126794e-02	9.58066743e-02
4009            	8.93058808e-01	9.73733456e-03	-6.04166328e-02	1.57890915e-02	9.76519152e-02
4010            	8.92980765e-01	9.80227961e-03	-6.04207859e-02	1.65844889e-02	9.98316228e-02
4011            	8.92914756e-01	9.95238759e-03	-6.10823463e-02	1.72345954e-02	1.01908349e-01
4012            	8.92876358e-01	1.02176033e-02	-6.26210328e-02	1.77051562e-02	1.03808241e-01
4013            	8.92865492e-01	1.05980238e-02	-6.50244899e-02	1.79941521e-02	1.05055689e-01
4014            	8.92834836e-01	1.09995529e-02	-6.76413561e-02	1.81131245e-02	1.05092709e-01
4015            	8.92793596e-01	1.13911049e-02	-7.02420798e-02	1.80559290e-02	1.03680806e-01
4016            	8.92759182e-01	1.18655733e-02	-7.34169911e-02	1.78620411e-02	1.01163528e-01
4017            	8.92784818e-01	1.24418883e-02	-7.72806003e-02	1.75540014e-02	9.81130533e-02
4018            	8.92875145e-01	1.29834505e-02	-8.09914231e-02	1.71782489e-02	9.48536082e-02
4019            	8.92981472e-01	1.33594721e-02	-8.37248721e-02	1.67949922e-02	9.18639062e-02
4020            	8.93056714e-01	1.34502070e-02	-8.46675378e-02	1.64552017e-02	8.92742926e-02
4021            	8.93109036e-01	1.33002486e-02	-8.40766045e-02	1.61494502e-02	8.73533090e-02
4022            	8.93127202e-01	1.30321409e-02	-8.27465466e-02	1.58819673e-02	8.68503268e-02
4023            	8.93146921e-01	1.27436623e-02	-8.13082532e-02	1.56749724e-02	8.83806445e-02
4024            	8.93168340e-01	1.24562324e-02	-7.98870735e-02	1.55298821e-02	9.13516996e-02
4025            	8.93205293e-01	1.21315184e-02	-7.81642879e-02	1.54302875e-02	9.49078375e-02
4026            	8.93216915e-01	1.18322308e-02	-7.64872457e-02	1.53327773e-02	9.86957514e-02
4027            	8.93205180e-01	1.15998654e-02	-7.51264874e-02	1.52316616e-02	1.02510974e-01
4028            	8.93157062e-01	1.14150975e-02	-7.39781933e-02	1.51470714e-02	1.06662586e-01
4029            	8.93098629e-01	1.11830095e-02	-7.24647453e-02	1.50923777e-02	1.11484423e-01
4030            	8.93023058e-01	1.08347581e-02	-7.01694480e-02	1.50024523e-02	1.16055951e-01
4031            	8.92960424e-01	1.03814561e-02	-6.71985929e-02	1.48281260e-02	1.19331793e-01
4032            	8.92903871e-01	9.95964084e-03	-6.44447476e-02	1.45609667e-02	1.21051120e-01
4033            	8.92902962e-01	9.54459457e-03	-6.16889957e-02	1.42183142e-02	1.21246044e-01
4034            	8.92941174e-01	9.20156740e-03	-5.93511384e-02	1.38161383e-02	1.19959223e-01
4035            	8.92985852e-01	8.94438524e-03	-5.75228364e-02	1.33943729e-02	1.17234486e-01
4036            	8.93013039e-01	8.80589320e-03	-5.63941021e-02	1.30095460e-02	1.12917253e-01
4037            	8.93037366e-01	8.78500531e-03	-5.59518833e-02	1.27336198e-02	1.07405868e-01
4038            	8.93026001e-01	8.90423620e-03	-5.63742645e-02	1.26764415e-02	1.01450127e-01
4039            	8.92990787e-01	9.14688493e-03	-5.75618241e-02	1.28633470e-02	9.63050749e-02
4040            	8.92972738e-01	9.38480827e-03	-5.87261387e-02	1.32654362e-02	9.26160062e-02
4041            	8.93006304e-01	9.53368702e-03	-5.93459432e-02	1.38622276e-02	9.03992306e-02
4042            	8.93050617e-01	9.64284217e-03	-5.97489761e-02	1.45995747e-02	8.93861091e-02
4043            	8.93081293e-01	9.78285908e-03	-6.04227107e-02	1.53938823e-02	8.95145510e-02
4044            	8.93087958e-01	9.99495677e-03	-6.16410278e-02	1.61620745e-02	9.06187509e-02
4045            	8.93090409e-01	1.02743493e-02	-6.33475774e-02	1.68079837e-02	9.25799699e-02
4046            	8.93056181e-01	1.06093944e-02	-6.54544908e-02	1.73688643e-02	9.53250393e-02
4047            	8.92982841e-01	1.09834482e-02	-6.78474580e-02	1.78560154e-02	9.82467708e-02
4048            	8.92883091e-01	1.14858083e-02	-7.11045883e-02	1.82491184e-02	1.00910186e-01
4049            	8.92828953e-01	1.20486973e-02	-7.47734894e-02	1.85027751e-02	1.03035983e-01
4050            	8.92844694e-01	1.26155622e-02	-7.85359309e-02	1.85994729e-02	1.04746016e-01
4051            	8.92919248e-01	1.30953039e-02	-8.18160500e-02	1.85210961e-02	1.05795926e-01
4052            	8.92986434e-01	1.33996449e-02	-8.40272675e-02	1.82392537e-02	1.05599315e-01
4053            	8.93019271e-01	1.34458498e-02	-8.46030790e-02	1.77673323e-02	1.03905284e-01
4054            	8.92999207e-01	1.32498400e-02	-8.36589488e-02	1.70956472e-02	1.01137090e-01
4055            	8.92963606e-01	1.29442387e-02	-8.20693421e-02	1.62759788e-02	9.80632979e-02
4056            	8.92954219e-01	1.26111103e-02	-8.03460650e-02	1.54207656e-02	9.56175037e-02
4057            	8.92988865e-01	1.22763487e-02	-7.86026552e-02	1.46581291e-02	9.39021974e-02
4058            	8.93042034e-01	1.19860347e-02	-7.70773535e-02	1.40555871e-02	9.27127190e-02
4059            	8.93087551e-01	1.17528710e-02	-7.58442156e-02	1.36536879e-02	9.23600456e-02
4060            	8.93124843e-01	1.15208819e-02	-7.45474346e-02	1.34751314e-02	9.30646868e-02
4061            	8.93169906e-01	1.12677048e-02	-7.30549838e-02	1.34967358e-02	9.52929089e-02
4062            	8.93195072e-01	1.09561071e-02	-7.11460651e-02	1.36593307e-02	9.88260539e-02
4063            	8.93191223e-01	1.06089611e-02	-6.89610723e-02	1.38830947e-02	1.02793074e-01
4064            	8.93149349e-01	1.02427124e-02	-6.65990534e-02	1.40858323e-02	1.06571998e-01
4065            	8.93092652e-01	9.82682741e-03	-6.38530032e-02	1.42859547e-02	1.10205985e-01
4066            	8.93064177e-01	9.39943731e-03	-6.09484795e-02	1.44575983e-02	1.13713655e-01
4067            	8.93068456e-01	9.05970472e-03	-5.85121722e-02	1.45950463e-02	1.16932260e-01
4068            	8.93064266e-01	8.85070658e-03	-5.68456912e-02	1.47070518e-02	1.19155981e-01
4069            	8.93049119e-01	8.79205448e-03	-5.61076654e-02	1.48013666e-02	1.19830557e-01
4070            	8.93005249e-01	8.87186012e-03	-5.62553603e-02	1.48892232e-02	1.18858850e-01
4071            	8.92937085e-01	9.07019775e-03	-5.71694682e-02	1.49473729e-02	1.16296687e-01
4072            	8.92880646e-01	9.32939926e-03	-5.84644825e-02	1.49779766e-02	1.12783227e-01
4073            	8.92868462e-01	9.60212392e-03	-5.98495373e-02	1.49584650e-02	1.08418927e-01
4074            	8.92889771e-01	9.82077235e-03	-6.09225146e-02	1.49065962e-02	1.03243376e-01
4075            	8.92909474e-01	9.95352904e-03	-6.14971733e-02	1.48749897e-02	9.79226106e-02
4076            	8.92914063e-01	1.00707169e-02	-6.20531467e-02	1.49129925e-02	9.30060894e-02
4077            	8.92926026e-01	1.02238714e-02	-6.29371985e-02	1.50355362e-02	8.93137277e-02
4078            	8.92959546e-01	1.04468607e-02	-6.43783334e-02	1.52710660e-02	8.73897117e-02
4079            	8.92993820e-01	1.07989784e-02	-6.67387087e-02	1.56348781e-02	8.71449898e-02
4080            	8.93005925e-01	1.12222807e-02	-6.95993899e-02	1.61083233e-02	8.78654092e-02
4081            	8.93016064e-01	1.17124733e-02	-7.29082315e-02	1.66497257e-02	8.93646190e-02
4082            	8.93046214e-01	1.21895713e-02	-7.61153796e-02	1.71508585e-02	9.16084237e-02
4083            	8.93105029e-01	1.26432647e-02	-7.91544450e-02	1.75485156e-02	9.42829292e-02
4084            	8.93136088e-01	1.30376924e-02	-8.18080811e-02	1.78300287e-02	9.72368729e-02
4085            	8.93131495e-01	1.32430656e-02	-8.32838341e-02	1.79964307e-02	9.99507720e-02
4086            	8.93079465e-01	1.31918789e-02	-8.31658613e-02	1.79928119e-02	1.01966062e-01
4087            	8.93008117e-01	1.29410741e-02	-8.18400765e-02	1.77684365e-02	1.03440459e-01
4088            	8.92954983e-01	1.26554638e-02	-8.03383906e-02	1.73474391e-02	1.04910168e-01
4089            	8.92945743e-01	1.24437196e-02	-7.93266021e-02	1.67832016e-02	1.06451847e-01
4090            	8.92956740e-01	1.22562315e-02	-7.84601041e-02	1.61149066e-02	1.07134558e-01
4091            	8.92973054e-01	1.20603863e-02	-7.74738377e-02	1.53866172e-02	1.06611222e-01
4092            	8.92978345e-01	1.18395568e-02	-7.62526502e-02	1.46460236e-02	1.05075687e-01
4093            	8.92990871e-01	1.15637533e-02	-7.46194347e-02	1.39530384e-02	1.02812067e-01
4094            	8.93019627e-01	1.12653582e-02	-7.28111907e-02	1.33957587e-02	1.00887371e-01
4095            	8.93034093e-01	1.09853621e-02	-7.10935619e-02	1.30068866e-02	9.95944433e-02
4096            	8.93035393e-01	1.06103735e-02	-6.87415140e-02	1.27896409e-02	9.87272864e-02
4097            	8.93049040e-01	1.01420451e-02	-6.57947219e-02	1.27600800e-02	9.85750929e-02
4098            	8.93097309e-01	9.60988704e-03	-6.24016040e-02	1.29158809e-02	9.94158365e-02
4099            	8.93190175e-01	9.13524472e-03	-5.92736011e-02	1.32238900e-02	1.01539162e-01
4100            	8.93260173e-01	8.82614766e-03	-5.70885562e-02	1.36410491e-02	1.04685880e-01
4101            	8.93270723e-01	8.66709239e-03	-5.57712135e-02	1.40876998e-02	1.07760476e-01
4102            	8.93210845e-01	8.63733515e-03	-5.52267576e-02	1.45774447e-02	1.10425442e-01
4103            	8.93117404e-01	8.72873106e-03	-5.54173488e-02	1.51138109e-02	1.12539988e-01
4104            	8.93021517e-01	8.96493535e-03	-5.65057660e-02	1.56595772e-02	1.14175448e-01
4105            	8.92961140e-01	9.32361024e-03	-5.83744708e-02	1.61290819e-02	1.15249569e-01
4106            	8.92927072e-01	9.69826592e-03	-6.03817625e-02	1.64706230e-02	1.15359055e-01
4107            	8.92913469e-01	9.97911672e-03	-6.18247232e-02	1.66654347e-02	1.14065898e-01
4108            	8.92876089e-01	1.01537646e-02	-6.26380347e-02	1.67023754e-02	1.11594038e-01
4109            	8.92842127e-01	1.03049197e-02	-6.34053041e-02	1.65937529e-02	1.08334560e-01
4110            	8.92826997e-01	1.05273275e-02	-6.47507148e-02	1.63546984e-02	1.04900286e-01
4111            	8.92833784e-01	1.08904551e-02	-6.71123832e-02	1.60420417e-02	1.01374794e-01
4112            	8.92839366e-01	1.12612106e-02	-6.95982795e-02	1.57342845e-02	9.76741958e-02
4113            	8.92851779e-01	1.16006536e-02	-7.19282178e-02	1.55197649e-02	9.37500019e-02
4114            	8.92872325e-01	1.19503174e-02	-7.43297472e-02	1.54320033e-02	9.00833947e-02
4115            	8.92946540e-01	1.23313443e-02	-7.69272554e-02	1.54724846e-02	8.74761858e-02
4116            	8.93060136e-01	1.27359700e-02	-7.97114335e-02	1.56356595e-02	8.61909451e-02
4117            	8.93165971e-01	1.30129951e-02	-8.17454664e-02	1.58742167e-02	8.59243575e-02
4118            	8.93221379e-01	1.30551960e-02	-8.23418915e-02	1.61426333e-02	8.62773720e-02
4119            	8.93236832e-01	1.28725206e-02	-8.15195626e-02	1.63719351e-02	8.73953441e-02
4120            	8.93204316e-01	1.26201110e-02	-8.02394197e-02	1.64849639e-02	8.97110794e-02
4121            	8.93163079e-01	1.24425869e-02	-7.94139353e-02	1.65344203e-02	9.38551156e-02
4122            	8.93117724e-01	1.23225276e-02	-7.89279077e-02	1.65191005e-02	9.90897554e-02
4123            	8.93089604e-01	1.21666853e-02	-7.81431521e-02	1.64343361e-02	1.04252518e-01
4124            	8.93047943e-01	1.19562245e-02	-7.69335786e-02	1.62691275e-02	1.08507656e-01
4125            	8.93017565e-01	1.17298467e-02	-7.55794388e-02	1.60324084e-02	1.11413690e-01
4126            	8.92988133e-01	1.15778582e-02	-7.46800266e-02	1.57251053e-02	1.13202567e-01
4127            	8.92974775e-01	1.14074412e-02	-7.36424378e-02	1.53233420e-02	1.14107683e-01
4128            	8.92958481e-01	1.11267012e-02	-7.18870709e-02	1.48463726e-02	1.13849273e-01
4129            	8.92954326e-01	1.06920614e-02	-6.91286279e-02	1.43127964e-02	1.12311929e-01
4130            	8.92960276e-01	1.01547381e-02	-6.56912108e-02	1.37714558e-02	1.09975026e-01
4131            	8.93002400e-01	9.59628799e-03	-6.20316616e-02	1.33095663e-02	1.07583150e-01
4132            	8.93055700e-01	9.12088294e-03	-5.88161867e-02	1.30103637e-02	1.05749252e-01
4133            	8.93084759e-01	8.78871372e-03	-5.64798927e-02	1.29099589e-02	1.04668928e-01
4134            	8.93093948e-01	8.59491952e-03	-5.50223964e-02	1.30218374e-02	1.03984411e-01
4135            	8.93134083e-01	8.52627260e-03	-5.43577144e-02	1.33462492e-02	1.03483530e-01
4136            	8.93159913e-01	8.68438549e-03	-5.51244110e-02	1.38591139e-02	1.02987344e-01
4137            	8.93176554e-01	9.03716242e-03	-5.70965674e-02	1.44981169e-02	1.03059710e-01
4138            	8.93169661e-01	9.45118647e-03	-5.94145509e-02	1.51514163e-02	1.03655712e-01
4139            	8.93145873e-01	9.77349837e-03	-6.10975323e-02	1.57456405e-02	1.04268322e-01
4140            	8.93080809e-01	9.95077526e-03	-6.18249137e-02	1.62778307e-02	1.05041737e-01
4141            	8.92999466e-01	1.00856097e-02	-6.23397783e-02	1.67353584e-02	1.06259000e-01
4142            	8.92913893e-01	1.03464856e-02	-6.37866222e-02	1.70743871e-02	1.07834335e-01
4143            	8.92873170e-01	1.06802781e-02	-6.58200589e-02	1.72629015e-02	1.09554415e-01
4144            	8.92852669e-01	1.10517557e-02	-6.82090040e-02	1.73118903e-02	1.10714050e-01
4145            	8.92841240e-01	1.14031598e-02	-7.05355577e-02	1.72334817e-02	1.10424291e-01
4146            	8.92825783e-01	1.17551264e-02	-7.28892052e-02	1.70243898e-02	1.08268137e-01
4147            	8.92827680e-01	1.21551270e-02	-7.55369833e-02	1.66977991e-02	1.04548336e-01
4148            	8.92860437e-01	1.25469249e-02	-7.81493044e-02	1.62845047e-02	1.00013393e-01
4149            	8.92921776e-01	1.28720596e-02	-8.04217420e-02	1.58232653e-02	9.50329537e-02
4150            	8.92981400e-01	1.30117524e-02	-8.16126876e-02	1.54080346e-02	8.99624727e-02
4151            	8.93039145e-01	1.29151523e-02	-8.13363764e-02	1.50892912e-02	8.52253917e-02
4152            	8.93073903e-01	1.27123062e-02	-8.04192763e-02	1.48673881e-02	8.19846838e-02
4153            	8.93105756e-01	1.25256719e-02	-7.96362587e-02	1.47639145e-02	8.12243627e-02
4154            	8.93152153e-01	1.23696921e-02	-7.90619563e-02	1.47965956e-02	8.32603001e-02
4155            	8.93209216e-01	1.21855216e-02	-7.82706288e-02	1.49402189e-02	8.70091383e-02
4156            	8.93247464e-01	1.19655171e-02	-7.71515173e-02	1.51468236e-02	9.12902763e-02
4157            	8.93246272e-01	1.17936440e-02	-7.62336740e-02	1.53297493e-02	9.55382341e-02
4158            	8.93201776e-01	1.16770663e-02	-7.55741633e-02	1.55035825e-02	9.96653141e-02
4159            	8.93154893e-01	1.15387129e-02	-7.46984572e-02	1.56749238e-02	1.04209173e-01
4160            	8.93099875e-01	1.13099342e-02	-7.32090162e-02	1.58217542e-02	1.09217821e-01
4161            	8.93049936e-01	1.09461928e-02	-7.08178890e-02	1.58873602e-02	1.13893394e-01
4162            	8.93010406e-01	1.04842917e-02	-6.77698557e-02	1.58463177e-02	1.17602774e-01
4163            	8.92983377e-01	9.98243237e-03	-6.44401081e-02	1.56961668e-02	1.20119945e-01
4164            	8.92971489e-01	9.50224878e-03	-6.11953070e-02	1.54459792e-02	1.21807883e-01
4165            	8.92973340e-01	9.11926793e-03	-5.85474299e-02	1.51115865e-02	1.22685584e-01
4166            	8.92965073e-01	8.84103051e-03	-5.65534139e-02	1.47123773e-02	1.21913053e-01
4167            	8.92979700e-01	8.72336969e-03	-5.55755005e-02	1.42880244e-02	1.18997800e-01
4168            	8.93001239e-01	8.80546452e-03	-5.58711795e-02	1.39181076e-02	1.14371955e-01
4169            	8.93008263e-01	9.07285415e-03	-5.73358556e-02	1.37005889e-02	1.08921304e-01
4170            	8.93009323e-01	9.42145015e-03	-5.92810116e-02	1.36604197e-02	1.03723429e-01
4171            	8.93020753e-01	9.73249850e-03	-6.09613643e-02	1.37923979e-02	9.94860642e-02
4172            	8.93049568e-01	9.90703591e-03	-6.17756589e-02	1.40946667e-02	9.64617000e-02
4173            	8.93074707e-01	1.00449821e-02	-6.24102084e-02	1.45422136e-02	9.49393982e-02
4174            	8.93082056e-01	1.02394451e-02	-6.34958094e-02	1.50729974e-02	9.48214853e-02
4175            	8.93087852e-01	1.04841434e-02	-6.49898422e-02	1.56122252e-02	9.61673113e-02
4176            	8.93089448e-01	1.07626294e-02	-6.67548633e-02	1.60738508e-02	9.85081859e-02
4177            	8.93066567e-01	1.10530141e-02	-6.85985161e-02	1.64954818e-02	1.01187708e-01
4178            	8.93006715e-01	1.13473952e-02	-7.04508302e-02	1.68530670e-02	1.03238029e-01
4179            	8.92936073e-01	1.17128006e-02	-7.27691481e-02	1.71169712e-02	1.04368421e-01
4180            	8.92882244e-01	1.21091990e-02	-7.53177050e-02	1.72595368e-02	1.04655279e-01
4181            	8.92889805e-01	1.24893516e-02	-7.78459926e-02	1.72839141e-02	1.04194947e-01
4182            	8.92920276e-01	1.27886756e-02	-7.99474790e-02	1.71819957e-02	1.02968990e-01
4183            	8.92955436e-01	1.29568401e-02	-8.12860579e-02	1.69379010e-02	1.00748824e-01
4184            	8.92976944e-01	1.29417670e-02	-8.15021774e-02	1.65694688e-02	9.76828228e-02
4185            	8.92974608e-01	1.27925709e-02	-8.08962743e-02	1.60682345e-02	9.45488818e-02
4186            	8.92981414e-01	1.25952299e-02	-8.00131852e-02	1.54889529e-02	9.22519388e-02
4187            	8.93013633e-01	1.23899735e-02	-7.90822006e-02	1.49278670e-02	9.09242422e-02
4188            	8.93058033e-01	1.21602623e-02	-7.79614070e-02	1.44786194e-02	8.99699727e-02
4189            	8.93089554e-01	1.19948752e-02	-7.71732634e-02	1.41767848e-02	8.91623926e-02
4190            	8.93108253e-01	1.18271717e-02	-7.63003392e-02	1.40487236e-02	8.89251383e-02
4191            	8.93142925e-01	1.16219157e-02	-7.51525827e-02	1.41060004e-02	8.98107668e-02
4192            	8.93201366e-01	1.13641428e-02	-7.36319685e-02	1.43302069e-02	9.25692202e-02
4193            	8.93252197e-01	1.10277769e-02	-7.15381210e-02	1.46698937e-02	9.68469175e-02
4194            	8.93257985e-01	1.06247499e-02	-6.89321355e-02	1.50351599e-02	1.01895167e-01
4195            	8.93218638e-01	1.01461937e-02	-6.57756161e-02	1.53629354e-02	1.07204063e-01
4196            	8.93137010e-01	9.64221768e-03	-6.23901336e-02	1.56469205e-02	1.12828822e-01
4197            	8.93078982e-01	9.16118822e-03	-5.90798730e-02	1.58617691e-02	1.18668309e-01
4198            	8.93043439e-01	8.82205158e-03	-5.66391667e-02	1.59845724e-02	1.24132040e-01
4199            	8.93028764e-01	8.72352846e-03	-5.57352330e-02	1.59921400e-02	1.27734310e-01
4200            	8.93023293e-01	8.81106085e-03	-5.60250429e-02	1.58938031e-02	1.28627625e-01
4201            	8.93003869e-01	9.06806655e-03	-5.73966953e-02	1.57241963e-02	1.26988487e-01
4202            	8.92955253e-01	9.42623100e-03	-5.93863819e-02	1.54815145e-02	1.23483224e-01
4203            	8.92919951e-01	9.77774730e-03	-6.13073065e-02	1.51826955e-02	1.18970912e-01
4204            	8.92901282e-01	1.00780338e-02	-6.29040184e-02	1.48518042e-02	1.13668373e-01
4205            	8.92907236e-01	1.03142245e-02	-6.41261860e-02	1.45241231e-02	1.07853091e-01
4206            	8.92910726e-01	1.04535106e-02	-6.47946479e-02	1.42727441e-02	1.02358278e-01
4207            	8.92922249e-01	1.05615707e-02	-6.53658263e-02	1.41380732e-02	9.76356818e-02
4208            	8.92953920e-01	1.06747052e-02	-6.60526991e-02	1.41303210e-02	9.42657290e-02
4209            	8.93005204e-01	1.08635093e-02	-6.72882662e-02	1.42699270e-02	9.22362172e-02
4210            	8.93044170e-01	1.11105869e-02	-6.89458308e-02	1.45537154e-02	9.11319672e-02
4211            	8.93069067e-01	1.13596172e-02	-7.06416971e-02	1.49678568e-02	9.03104461e-02
4212            	8.93062787e-01	1.16710733e-02	-7.27606253e-02	1.54454472e-02	8.96206828e-02
4213            	8.93078588e-01	1.20157702e-02	-7.50869231e-02	1.59078202e-02	8.96354077e-02
4214            	8.93110652e-01	1.24114259e-02	-7.77517045e-02	1.63390713e-02	9.06008317e-02
4215            	8.93123056e-01	1.27534413e-02	-8.01017150e-02	1.67332944e-02	9.21973835e-02
4216            	8.93105743e-01	1.29115384e-02	-8.13099370e-02	1.70773291e-02	9.40805008e-02
4217            	8.93072856e-01	1.28607439e-02	-8.12158703e-02	1.72896400e-02	9.62302159e-02
4218            	8.93018387e-01	1.26857152e-02	-8.03739067e-02	1.73092579e-02	9.85817982e-02
4219            	8.92996133e-01	1.25213508e-02	-7.96392760e-02	1.71421736e-02	1.01164433e-01
4220            	8.92986751e-01	1.24426119e-02	-7.94611073e-02	1.68195615e-02	1.03229788e-01
4221            	8.93001117e-01	1.23525729e-02	-7.91612311e-02	1.63804691e-02	1.03954911e-01
4222            	8.93003164e-01	1.21989114e-02	-7.83944074e-02	1.58523117e-02	1.03158180e-01
4223            	8.93014129e-01	1.19686682e-02	-7.70865172e-02	1.52849754e-02	1.01253327e-01
4224            	8.93039070e-01	1.16836687e-02	-7.53682939e-02	1.47600825e-02	9.93845656e-02
4225            	8.93074770e-01	1.13599474e-02	-7.33460239e-02	1.43694338e-02	9.86390668e-02
4226            	8.93080200e-01	1.09424352e-02	-7.06760373e-02	1.41371908e-02	9.88874637e-02
4227            	8.93076402e-01	1.04408043e-02	-6.74614440e-02	1.40603640e-02	9.99983458e-02
4228            	8.93069065e-01	9.86784292e-03	-6.38050377e-02	1.41325594e-02	1.02106544e-01
4229            	8.93117783e-01	9.29263038e-03	-6.00978800e-02	1.43207830e-02	1.05413560e-01
4230            	8.93192042e-01	8.89196349e-03	-5.74405064e-02	1.45731442e-02	1.09589849e-01
4231            	8.93246562e-01	8.71007896e-03	-5.61209177e-02	1.48439177e-02	1.13797144e-01
4232            	8.93253292e-01	8.73593517e-03	-5.60621721e-02	1.50566268e-02	1.16846122e-01
4233            	8.93221890e-01	8.88147882e-03	-5.66874776e-02	1.52679015e-02	1.18616709e-01
4234            	8.93134259e-01	9.12857829e-03	-5.79032788e-02	1.55000260e-02	1.19449984e-01
4235            	8.93045892e-01	9.47223214e-03	-5.97018870e-02	1.57232913e-02	1.20027958e-01
4236            	8.92968760e-01	9.91605931e-03	-6.21492774e-02	1.58872322e-02	1.20434755e-01
4237            	8.92929934e-01	1.02713460e-02	-6.40546498e-02	1.59707439e-02	1.20039386e-01
4238            	8.92901128e-01	1.04761409e-02	-6.50549463e-02	1.59557257e-02	1.18506791e-01
4239            	8.92883614e-01	1.05857174e-02	-6.55290814e-02	1.58126702e-02	1.15800794e-01
4240            	8.92871758e-01	1.06883092e-02	-6.60403670e-02	1.55507753e-02	1.12227939e-01
4241            	8.92880154e-01	1.08569956e-02	-6.70353872e-02	1.51765554e-02	1.08018189e-01
4242            	8.92882192e-01	1.10490267e-02	-6.82562546e-02	1.47574868e-02	1.02986922e-01
4243            	8.92873284e-01	1.12344788e-02	-6.95138752e-02	1.43864511e-02	9.70850653e-02
4244            	8.92861461e-01	1.14275071e-02	-7.08821176e-02	1.41656265e-02	9.07649829e-02
4245            	8.92883216e-01	1.16884999e-02	-7.27078472e-02	1.41345677e-02	8.50750724e-02
4246            	8.92960791e-01	1.20624923e-02	-7.52915037e-02	1.43090340e-02	8.10784483e-02
4247            	8.93074665e-01	1.24815905e-02	-7.82262571e-02	1.46659637e-02	7.92516405e-02
4248            	8.93172830e-01	1.27614314e-02	-8.03308545e-02	1.51597918e-02	7.90556841e-02
4249            	8.93240754e-01	1.27864798e-02	-8.08135321e-02	1.57200268e-02	7.99621874e-02
4250            	8.93246602e-01	1.26408622e-02	-8.02038348e-02	1.62309180e-02	8.21237935e-02
4251            	8.93216645e-01	1.25087557e-02	-7.96741993e-02	1.66179450e-02	8.58581704e-02
4252            	8.93166122e-01	1.24686253e-02	-7.97027023e-02	1.69076982e-02	9.10573401e-02
4253            	8.93127552e-01	1.23933754e-02	-7.94584861e-02	1.70956133e-02	9.65103054e-02
4254            	8.93095149e-01	1.22519425e-02	-7.87305405e-02	1.71785987e-02	1.01410745e-01
4255            	8.93070988e-01	1.20571619e-02	-7.75930798e-02	1.71583114e-02	1.05639447e-01
4256            	8.93052560e-01	1.18350146e-02	-7.62098617e-02	1.70440937e-02	1.09065016e-01
4257            	8.93047008e-01	1.15988774e-02	-7.46839182e-02	1.68438237e-02	1.12057093e-01
4258            	8.93015875e-01	1.12971815e-02	-7.27296594e-02	1.65286658e-02	1.14623582e-01
4259            	8.92966700e-01	1.08708859e-02	-6.99944778e-02	1.61088513e-02	1.16363903e-01
4260            	8.92923212e-01	1.03284566e-02	-6.65230349e-02	1.55904058e-02	1.16805188e-01
4261            	8.92926639e-01	9.76381147e-03	-6.29142514e-02	1.50004489e-02	1.16020907e-01
4262            	8.92978916e-01	9.30603921e-03	-5.99432170e-02	1.44237912e-02	1.14907370e-01
4263            	8.93051076e-01	9.03016025e-03	-5.80801126e-02	1.39367019e-02	1.13981938e-01
4264            	8.93098741e-01	8.89995713e-03	-5.70948929e-02	1.35817272e-02	1.12586154e-01
4265            	8.93139391e-01	8.88553942e-03	-5.68052111e-02	1.34076838e-02	1.10605176e-01
4266            	8.93167156e-01	8.97562093e-03	-5.71737194e-02	1.34556021e-02	1.08803561e-01
4267            	8.93172095e-01	9.26706831e-03	-5.88153539e-02	1.37195699e-02	1.07691231e-01
4268            	8.93167820e-01	9.69693362e-03	-6.12980534e-02	1.41288862e-02	1.07612854e-01
4269            	8.93160648e-01	1.01015329e-02	-6.35747321e-02	1.45747091e-02	1.08176104e-01
4270            	8.93141343e-01	1.03265876e-02	-6.46680784e-02	1.49998852e-02	1.08894651e-01
4271            	8.93095729e-01	1.03945740e-02	-6.47339110e-02	1.53846037e-02	1.09583065e-01
4272            	8.93024711e-01	1.04551411e-02	-6.47956505e-02	1.57187169e-02	1.10186394e-01
4273            	8.92961154e-01	1.05759218e-02	-6.53355023e-02	1.59430041e-02	1.10704367e-01
4274            	8.92904329e-01	1.07701359e-02	-6.64695067e-02	1.60236054e-02	1.10628073e-01
4275            	8.92856852e-01	1.09811584e-02	-6.78176393e-02	1.59917201e-02	1.09363025e-01
4276            	8.92819621e-01	1.11881663e-02	-6.91945424e-02	1.58782950e-02	1.06219643e-01
4277            	8.92804226e-01	1.15123827e-02	-7.13672083e-02	1.57193307e-02	1.01639379e-01
4278            	8.92818772e-01	1.19177801e-02	-7.40883305e-02	1.55314805e-02	9.65606588e-02
4279            	8.92883273e-01	1.23552278e-02	-7.70647779e-02	1.53358327e-02	9.16595890e-02
4280            	8.92956482e-01	1.26889482e-02	-7.94455229e-02	1.51606930e-02	8.70390781e-02
4281            	8.93022422e-01	1.28192405e-02	-8.05782305e-02	1.50696641e-02	8.26957715e-02
4282            	8.93069145e-01	1.27401390e-02	-8.03991170e-02	1.50691086e-02	7.89730733e-02
4283            	8.93087415e-01	1.26144310e-02	-7.99544311e-02	1.51323165e-02	7.68154711e-02
4284            	8.93113962e-01	1.24774035e-02	-7.94537089e-02	1.52844929e-02	7.71470004e-02
4285            	8.93171686e-01	1.23520404e-02	-7.90483949e-02	1.55322560e-02	7.99195778e-02
4286            	8.93243071e-01	1.21794927e-02	-7.83065961e-02	1.58482483e-02	8.40484190e-02
4287            	8.93297317e-01	1.19730022e-02	-7.72190214e-02	1.61973286e-02	8.88486240e-02
4288            	8.93293001e-01	1.17799881e-02	-7.60699742e-02	1.64989773e-02	9.39818207e-02
4289            	8.93244490e-01	1.15495298e-02	-7.45636807e-02	1.67926057e-02	9.98950609e-02
4290            	8.93162198e-01	1.12859066e-02	-7.28039097e-02	1.70609683e-02	1.07034706e-01
4291            	8.93065156e-01	1.09201140e-02	-7.03821493e-02	1.72345765e-02	1.14383094e-01
4292            	8.92996160e-01	1.04813164e-02	-6.75097508e-02	1.72476261e-02	1.20901477e-01
4293            	8.92967254e-01	1.00612523e-02	-6.47856403e-02	1.70769175e-02	1.25758992e-01
4294            	8.92959907e-01	9.69437829e-03	-6.23939589e-02	1.67165616e-02	1.28863483e-01
4295            	8.92981036e-01	9.41362360e-03	-6.04910335e-02	1.61687522e-02	1.30306211e-01
4296            	8.92993437e-01	9.22915564e-03	-5.91420537e-02	1.54929953e-02	1.30057716e-01
4297            	8.92995197e-01	9.15594202e-03	-5.84662854e-02	1.47374736e-02	1.27645172e-01
4298            	8.93001777e-01	9.19289933e-03	-5.84895180e-02	1.39971988e-02	1.23128707e-01
4299            	8.93002473e-01	9.42567025e-03	-5.97714422e-02	1.33876362e-02	1.17435349e-01
4300            	8.92995360e-01	9.76321144e-03	-6.16951671e-02	1.29958912e-02	1.11851339e-01
4301            	8.93008938e-01	1.00866977e-02	-6.35024038e-02	1.28271964e-02	1.07094086e-01
4302            	8.93043212e-01	1.02874186e-02	-6.45102378e-02	1.28727506e-02	1.03041450e-01
4303            	8.93094339e-01	1.03469518e-02	-6.46074110e-02	1.31050975e-02	9.96924101e-02
4304            	8.93125666e-01	1.03648168e-02	-6.44750737e-02	1.34775258e-02	9.73577864e-02
4305            	8.93139817e-01	1.03917822e-02	-6.44793720e-02	1.39317081e-02	9.60533789e-02
4306            	8.93123426e-01	1.04873939e-02	-6.50150251e-02	1.44054057e-02	9.57596183e-02
4307            	8.93093868e-01	1.06557961e-02	-6.60769934e-02	1.48520794e-02	9.60234119e-02
4308            	8.93037483e-01	1.08991637e-02	-6.76288312e-02	1.53165571e-02	9.65763633e-02
4309            	8.92978849e-01	1.12043786e-02	-6.95857731e-02	1.57760217e-02	9.68114573e-02
4310            	8.92917284e-01	1.16122932e-02	-7.22245772e-02	1.62127724e-02	9.67950946e-02
4311            	8.92908763e-01	1.20601178e-02	-7.51504931e-02	1.66037353e-02	9.70515445e-02
4312            	8.92936231e-01	1.25041117e-02	-7.81166682e-02	1.69114861e-02	9.73693761e-02
4313            	8.92964680e-01	1.28117448e-02	-8.02877170e-02	1.70999297e-02	9.68201640e-02
4314            	8.92982851e-01	1.29623181e-02	-8.15147898e-02	1.71149966e-02	9.48271789e-02
4315            	8.92992759e-01	1.29332470e-02	-8.16271702e-02	1.69592840e-02	9.21110997e-02
4316            	8.92980393e-01	1.27861389e-02	-8.10237692e-02	1.66369875e-02	8.95343281e-02
4317            	8.93006878e-01	1.26006358e-02	-8.02103521e-02	1.62165529e-02	8.78657558e-02
4318            	8.93055570e-01	1.23938576e-02	-7.92422904e-02	1.58125839e-02	8.71257510e-02
4319            	8.93118190e-01	1.21613751e-02	-7.80154399e-02	1.55156618e-02	8.71434480e-02
4320            	8.93150321e-01	1.18893254e-02	-7.64327823e-02	1.53554123e-02	8.78748540e-02
4321            	8.93157085e-01	1.16035557e-02	-7.47093105e-02	1.53584531e-02	8.97499772e-02
4322            	8.93158266e-01	1.12791379e-02	-7.27306316e-02	1.55203633e-02	9.33851296e-02
4323            	8.93183072e-01	1.09296476e-02	-7.05926833e-02	1.57828527e-02	9.89125855e-02
4324            	8.93196376e-01	1.05824505e-02	-6.84378175e-02	1.60604415e-02	1.05220920e-01
4325            	8.93205319e-01	1.02371536e-02	-6.62477077e-02	1.62558673e-02	1.11220362e-01
4326            	8.93186220e-01	9.89552257e-03	-6.40322072e-02	1.63219023e-02	1.16492507e-01
4327            	8.93157495e-01	9.54982112e-03	-6.16782068e-02	1.62620464e-02	1.21392108e-01
4328            	8.93119257e-01	9.25999172e-03	-5.95877166e-02	1.61217135e-02	1.26276938e-01
4329            	8.93072024e-01	9.10429276e-03	-5.83196855e-02	1.58965678e-02	1.30247397e-01
4330            	8.93022861e-01	9.19661833e-03	-5.86535075e-02	1.55834260e-02	1.32248456e-01
4331            	8.92994955e-01	9.41480123e-03	-5.97925735e-02	1.52181494e-02	1.32008815e-01
4332            	8.92959011e-01	9.71994093e-03	-6.14875924e-02	1.48406330e-02	1.29721858e-01
4333            	8.92952847e-01	1.00405036e-02	-6.32566737e-02	1.44536345e-02	1.25984158e-01
4334            	8.92957051e-01	1.03082288e-02	-6.46510564e-02	1.40430666e-02	1.21040139e-01
4335            	8.92970076e-01	1.04590906e-02	-6.52714330e-02	1.36224741e-02	1.14732794e-01
4336            	8.92964644e-01	1.04623929e-02	-6.49700767e-02	1.32277024e-02	1.07461650e-01
4337            	8.92940449e-01	1.04168609e-02	-6.44585966e-02	1.29391980e-02	1.00033688e-01
4338            	8.92920071e-01	1.03861460e-02	-6.41691400e-02	1.28053183e-02	9.35221589e-02
4339            	8.92944735e-01	1.04469923e-02	-6.45682769e-02	1.28525749e-02	8.85868346e-02
4340            	8.92983939e-01	1.06465444e-02	-6.59302085e-02	1.31295098e-02	8.51981651e-02
4341            	8.93036634e-01	1.09395445e-02	-6.79421712e-02	1.36273981e-02	8.30379148e-02
4342            	8.93078160e-01	1.12881842e-02	-7.03337178e-02	1.43079314e-02	8.18449895e-02
4343            	8.93102524e-01	1.16744213e-02	-7.29461711e-02	1.50925635e-02	8.18298602e-02
4344            	8.93122985e-01	1.20920207e-02	-7.57375690e-02	1.58581478e-02	8.28783349e-02
4345            	8.93132713e-01	1.25253554e-02	-7.86433275e-02	1.65892474e-02	8.48588079e-02
4346            	8.93109861e-01	1.28621613e-02	-8.09661801e-02	1.72583103e-02	8.71006280e-02
4347            	8.93089497e-01	1.29342268e-02	-8.16127683e-02	1.78030596e-02	8.91010595e-02
4348            	8.93055372e-01	1.28217747e-02	-8.11326402e-02	1.81439159e-02	9.13768791e-02
4349            	8.93036234e-01	1.26550313e-02	-8.03427046e-02	1.82660685e-02	9.45079760e-02
4350            	8.93037865e-01	1.25147505e-02	-7.97218373e-02	1.81971163e-02	9.82919834e-02
4351            	8.93050125e-01	1.23598046e-02	-7.89627458e-02	1.79565609e-02	1.01486239e-01
4352            	8.93046297e-01	1.21446411e-02	-7.77497910e-02	1.75885108e-02	1.03569696e-01
4353            	8.93015036e-01	1.18725116e-02	-7.61286297e-02	1.71064420e-02	1.04680850e-01
4354            	8.92983420e-01	1.15414351e-02	-7.41131520e-02	1.65611310e-02	1.05096053e-01
4355            	8.92996242e-01	1.12176469e-02	-7.21410100e-02	1.60124605e-02	1.05510473e-01
4356            	8.93019409e-01	1.09332930e-02	-7.04199331e-02	1.55196256e-02	1.06204847e-01
4357            	8.93050208e-01	1.06251310e-02	-6.85303210e-02	1.50997249e-02	1.07075328e-01
4358            	8.93078275e-01	1.02432693e-02	-6.61420007e-02	1.47674196e-02	1.07862300e-01
4359            	8.93109440e-01	9.80703537e-03	-6.33630425e-02	1.45278336e-02	1.09104254e-01
4360            	8.93164549e-01	9.38759206e-03	-6.06243912e-02	1.43782835e-02	1.11444740e-01
4361            	8.93223070e-01	9.17651433e-03	-5.91681221e-02	1.43150183e-02	1.14957290e-01
4362            	8.93234440e-01	9.18453040e-03	-5.90581236e-02	1.43048237e-02	1.18354241e-01
4363            	8.93227474e-01	9.31093636e-03	-5.96439282e-02	1.43053398e-02	1.20543235e-01
4364            	8.93185207e-01	9.48193884e-03	-6.04486430e-02	1.43729383e-02	1.21863630e-01
4365            	8.93119894e-01	9.71383345e-03	-6.15672154e-02	1.44858880e-02	1.22461536e-01
4366            	8.93063793e-01	9.99423288e-03	-6.29380958e-02	1.45973292e-02	1.22389364e-01
4367            	8.93024523e-01	1.02505187e-02	-6.41481676e-02	1.46637492e-02	1.21251061e-01
4368            	8.92978789e-01	1.03718718e-02	-6.45341452e-02	1.46646637e-02	1.18719795e-01
4369            	8.92924149e-01	1.03647775e-02	-6.41794966e-02	1.45935593e-02	1.14813179e-01
4370            	8.92868761e-01	1.03466380e-02	-6.38647703e-02	1.44319365e-02	1.09729393e-01
4371            	8.92842946e-01	1.04355676e-02	-6.43454238e-02	1.42234578e-02	1.04383087e-01
4372            	8.92839008e-01	1.06485204e-02	-6.57178046e-02	1.39978326e-02	9.89782001e-02
4373            	8.92858269e-01	1.09234304e-02	-6.75634309e-02	1.38185688e-02	9.34452973e-02
4374            	8.92886618e-01	1.11713724e-02	-6.92780342e-02	1.37611663e-02	8.75948323e-02
4375            	8.92909195e-01	1.14662573e-02	-7.13084494e-02	1.38927118e-02	8.18506503e-02
4376            	8.92942921e-01	1.18109792e-02	-7.36619461e-02	1.42151458e-02	7.72856810e-02
4377            	8.93006598e-01	1.22618226e-02	-7.67321044e-02	1.47146047e-02	7.45346148e-02
4378            	8.93078117e-01	1.26209774e-02	-7.92818371e-02	1.53581997e-02	7.33933459e-02
4379            	8.93167763e-01	1.27818769e-02	-8.06309412e-02	1.60792371e-02	7.34442554e-02
4380            	8.93241170e-01	1.27200813e-02	-8.05704542e-02	1.68015105e-02	7.49336328e-02
4381            	8.93270077e-01	1.25434769e-02	-7.97406841e-02	1.74178998e-02	7.83318284e-02
4382            	8.93262793e-01	1.23884908e-02	-7.89884687e-02	1.78893135e-02	8.38832406e-02
4383            	8.93226913e-01	1.22402007e-02	-7.82170546e-02	1.82403817e-02	9.10928402e-02
4384            	8.93159699e-01	1.20559570e-02	-7.71734357e-02	1.84879080e-02	9.87918585e-02
4385            	8.93085608e-01	1.18027559e-02	-7.56383921e-02	1.85958674e-02	1.05928504e-01
4386            	8.93022420e-01	1.15487014e-02	-7.40813379e-02	1.85247527e-02	1.11961651e-01
4387            	8.92995534e-01	1.13608125e-02	-7.29434021e-02	1.82742956e-02	1.16790155e-01
4388            	8.92989799e-01	1.12272337e-02	-7.21509264e-02	1.78545202e-02	1.20721141e-01
4389            	8.92980385e-01	1.10424750e-02	-7.10157601e-02	1.72549728e-02	1.23052930e-01
4390            	8.92964703e-01	1.07362930e-02	-6.90784631e-02	1.64928064e-02	1.23518434e-01
4391            	8.92958578e-01	1.03258338e-02	-6.64586863e-02	1.56154839e-02	1.22358981e-01
4392            	8.92971623e-01	9.90667297e-03	-6.37574625e-02	1.46889935e-02	1.20529647e-01
4393            	8.93008541e-01	9.62688428e-03	-6.19000181e-02	1.38319749e-02	1.18954200e-01
4394            	8.93041640e-01	9.47303647e-03	-6.07979081e-02	1.31240165e-02	1.17552339e-01
4395            	8.93080397e-01	9.43336610e-03	-6.04002895e-02	1.26115587e-02	1.15737239e-01
4396            	8.93130885e-01	9.43664333e-03	-6.02376319e-02	1.23453079e-02	1.13356755e-01
4397            	8.93182292e-01	9.53560408e-03	-6.06494404e-02	1.23418600e-02	1.10823771e-01
4398            	8.93216192e-01	9.76214404e-03	-6.18287658e-02	1.25647081e-02	1.08849550e-01
4399            	8.93233105e-01	9.99885654e-03	-6.30259510e-02	1.29244388e-02	1.07532827e-01
4400            	8.93202525e-01	1.01620008e-02	-6.37381310e-02	1.33101010e-02	1.06010539e-01
4401            	8.93146345e-01	1.01868028e-02	-6.35518896e-02	1.37196513e-02	1.04293352e-01
4402            	8.93059151e-01	1.02030393e-02	-6.33417884e-02	1.41581071e-02	1.02925770e-01
4403            	8.92978153e-01	1.02944466e-02	-6.36928826e-02	1.46016558e-02	1.02258897e-01
4404            	8.92921693e-01	1.04997321e-02	-6.48779148e-02	1.49937777e-02	1.02160010e-01
4405            	8.92896938e-01	1.07795505e-02	-6.66417392e-02	1.53190354e-02	1.01940366e-01
4406            	8.92876713e-01	1.10759309e-02	-6.85799568e-02	1.55803213e-02	1.00870764e-01
4407            	8.92861849e-01	1.13638014e-02	-7.05029635e-02	1.57752199e-02	9.81212578e-02
4408            	8.92833535e-01	1.17650329e-02	-7.31793109e-02	1.59178562e-02	9.40152061e-02
4409            	8.92845477e-01	1.22100449e-02	-7.61482403e-02	1.60031138e-02	8.94551202e-02
4410            	8.92899549e-01	1.26273130e-02	-7.90084293e-02	1.60400157e-02	8.49648263e-02
4411            	8.92974719e-01	1.28554395e-02	-8.07385258e-02	1.60693252e-02	8.05575251e-02
4412            	8.93054507e-01	1.28350066e-02	-8.08974178e-02	1.61496664e-02	7.66895002e-02
4413            	8.93112542e-01	1.26484888e-02	-7.99817194e-02	1.62845994e-02	7.44623702e-02
4414            	8.93135788e-01	1.23965402e-02	-7.86558111e-02	1.64666004e-02	7.48322421e-02
4415            	8.93165232e-01	1.21739747e-02	-7.75448734e-02	1.67141323e-02	7.82062624e-02
4416            	8.93196666e-01	1.19407531e-02	-7.63783027e-02	1.70074114e-02	8.35674375e-02
4417            	8.93246907e-01	1.16854731e-02	-7.50245792e-02	1.73222367e-02	9.00469653e-02
4418            	8.93265488e-01	1.14828819e-02	-7.39168642e-02	1.75817256e-02	9.66405434e-02
4419            	8.93251676e-01	1.13484311e-02	-7.31558462e-02	1.77149873e-02	1.02945715e-01
4420            	8.93205172e-01	1.12402002e-02	-7.24828460e-02	1.77607397e-02	1.09328679e-01
4421            	8.93141309e-01	1.10915677e-02	-7.14930099e-02	1.76937198e-02	1.15804934e-01
4422            	8.93061368e-01	1.08313144e-02	-6.97600279e-02	1.74843710e-02	1.21824847e-01
4423            	8.93006057e-01	1.04925927e-02	-6.75276845e-02	1.71209537e-02	1.26669503e-01
4424            	8.92965415e-01	1.02124980e-02	-6.56943881e-02	1.66077279e-02	1.30183102e-01
4425            	8.92959696e-01	9.95822813e-03	-6.39789625e-02	1.59520715e-02	1.32567495e-01
4426            	8.92967871e-01	9.76475060e-03	-6.26135888e-02	1.51651806e-02	1.33760354e-01
4427            	8.92980115e-01	9.63323634e-03	-6.16085626e-02	1.43106769e-02	1.32875184e-01
4428            	8.92998108e-01	9.58126169e-03	-6.10627168e-02	1.34348229e-02	1.29173222e-01
4429            	8.93025438e-01	9.61592991e-03	-6.10322791e-02	1.26256457e-02	1.23146722e-01
4430            	8.93023220e-01	9.72796135e-03	-6.14759097e-02	1.19889582e-02	1.15927753e-01
4431            	8.93024703e-01	9.89894773e-03	-6.22920584e-02	1.15967659e-02	1.08589722e-01
4432            	8.93028577e-01	1.00389151e-02	-6.29219960e-02	1.14572797e-02	1.01776572e-01
4433            	8.93052874e-01	1.00907539e-02	-6.30033032e-02	1.15798015e-02	9.57343732e-02
4434            	8.93078125e-01	1.01150351e-02	-6.29506005e-02	1.19536491e-02	9.09451365e-02
4435            	8.93099146e-01	1.01925532e-02	-6.33174154e-02	1.25269869e-02	8.78119136e-02
4436            	8.93111568e-01	1.03369743e-02	-6.41865783e-02	1.32418244e-02	8.67270565e-02
4437            	8.93118836e-01	1.05479760e-02	-6.55263008e-02	1.40082866e-02	8.73397071e-02
4438            	8.93087976e-01	1.08052342e-02	-6.71811626e-02	1.47716200e-02	8.85505032e-02
4439            	8.93036685e-01	1.11217682e-02	-6.92146642e-02	1.55350664e-02	8.95038999e-02
4440            	8.92965169e-01	1.15271499e-02	-7.18288954e-02	1.62804759e-02	8.98950969e-02
4441            	8.92911408e-01	1.19482183e-02	-7.45494448e-02	1.69728565e-02	9.02524476e-02
4442            	8.92910803e-01	1.23674340e-02	-7.73153100e-02	1.75609024e-02	9.09555303e-02
4443            	8.92952156e-01	1.27140545e-02	-7.96851168e-02	1.80154879e-02	9.16580461e-02
4444            	8.92998426e-01	1.29004906e-02	-8.10693583e-02	1.83172123e-02	9.17475013e-02
4445            	8.93033039e-01	1.28568845e-02	-8.09845546e-02	1.84243342e-02	9.09882732e-02
4446            	8.93020456e-01	1.26446626e-02	-7.98543903e-02	1.83235443e-02	9.04435834e-02
4447            	8.92998081e-01	1.23820995e-02	-7.84526560e-02	1.80319350e-02	9.08504933e-02
4448            	8.93001127e-01	1.21215800e-02	-7.71093027e-02	1.76094035e-02	9.21502350e-02
4449            	8.93042010e-01	1.18831657e-02	-7.59076455e-02	1.71524109e-02	9.35809731e-02
4450            	8.93086062e-01	1.16924791e-02	-7.49502576e-02	1.67278585e-02	9.48135053e-02
4451            	8.93117274e-01	1.15457216e-02	-7.42075673e-02	1.63653420e-02	9.61091025e-02
4452            	8.93134207e-01	1.13791111e-02	-7.32726355e-02	1.61016288e-02	9.78814463e-02
4453            	8.93164894e-01	1.11772963e-02	-7.20724362e-02	1.59481845e-02	1.01005017e-01
4454            	8.93186404e-01	1.09161102e-02	-7.04798103e-02	1.58711272e-02	1.05410899e-01
4455            	8.93201418e-01	1.06677891e-02	-6.89545450e-02	1.58126530e-02	1.10647017e-01
4456            	8.93193025e-01	1.04205594e-02	-6.73859222e-02	1.56892900e-02	1.15709718e-01
4457            	8.93164715e-01	1.01407085e-02	-6.55304272e-02	1.54869283e-02	1.20586713e-01
4458            	8.93129207e-01	9.83109949e-03	-6.33785434e-02	1.52259287e-02	1.25490537e-01
4459            	8.93102877e-01	9.59094712e-03	-6.15869021e-02	1.49267318e-02	1.29965707e-01
4460            	8.93064887e-01	9.48464320e-03	-6.05992309e-02	1.45654440e-02	1.32533033e-01
4461            	8.93045381e-01	9.49326980e-03	-6.03349892e-02	1.41514841e-02	1.32317275e-01
4462            	8.93010013e-01	9.59371600e-03	-6.06805286e-02	1.37285816e-02	1.29528283e-01
4463            	8.92968706e-01	9.76815950e-03	-6.15098132e-02	1.33334049e-02	1.24792596e-01
4464            	8.92942465e-01	9.96649241e-03	-6.24870632e-02	1.29810764e-02	1.18778901e-01
4465            	8.92932485e-01	1.01598468e-02	-6.34333979e-02	1.26745666e-02	1.11776834e-01
4466            	8.92930695e-01	1.02703677e-02	-6.38809057e-02	1.24291846e-02	1.04066935e-01
4467            	8.92934367e-01	1.03235639e-02	-6.40277794e-02	1.22892851e-02	9.63806648e-02
4468            	8.92934559e-01	1.03690453e-02	-6.42113797e-02	1.23203268e-02	8.96847266e-02
4469            	8.92943489e-01	1.04665616e-02	-6.48021532e-02	1.25403733e-02	8.44726820e-02
4470            	8.92961838e-01	1.06499982e-02	-6.60273712e-02	1.29488495e-02	8.06567224e-02
4471            	8.92985290e-01	1.09504471e-02	-6.80592943e-02	1.35532786e-02	7.80757871e-02
4472            	8.93018619e-01	1.12411795e-02	-7.00559064e-02	1.43382954e-02	7.61036865e-02
4473            	8.93052710e-01	1.15720165e-02	-7.23338186e-02	1.52604059e-02	7.50666763e-02
4474            	8.93098966e-01	1.19300944e-02	-7.47740855e-02	1.62357869e-02	7.56396692e-02
4475            	8.93160142e-01	1.23185194e-02	-7.73805604e-02	1.71532869e-02	7.78744724e-02
4476            	8.93175420e-01	1.26083807e-02	-7.93289446e-02	1.80186016e-02	8.12592797e-02
4477            	8.93161249e-01	1.26744409e-02	-7.98366046e-02	1.87790132e-02	8.51475797e-02
4478            	8.93101332e-01	1.25521872e-02	-7.91830446e-02	1.93515348e-02	8.96314365e-02
4479            	8.93029004e-01	1.23117543e-02	-7.78397384e-02	1.96624601e-02	9.50188224e-02
4480            	8.93001713e-01	1.21035144e-02	-7.67664644e-02	1.97005429e-02	1.01024288e-01
4481            	8.93016172e-01	1.20036725e-02	-7.64183316e-02	1.94795324e-02	1.06527013e-01
4482            	8.93033556e-01	1.19451149e-02	-7.63087322e-02	1.90072961e-02	1.10307111e-01
4483            	8.93036593e-01	1.18577776e-02	-7.59423366e-02	1.83386192e-02	1.11963116e-01
4484            	8.93003613e-01	1.17140938e-02	-7.51368637e-02	1.75125455e-02	1.11875517e-01
4485            	8.92982742e-01	1.15061567e-02	-7.38867605e-02	1.66107963e-02	1.11063429e-01
4486            	8.92983209e-01	1.13012753e-02	-7.26626639e-02	1.57342307e-02	1.10728973e-01
4487            	8.92993417e-01	1.11068319e-02	-7.15072145e-02	1.49580612e-02	1.10840124e-01
4488            	8.93020369e-01	1.08299258e-02	-6.97991746e-02	1.43026028e-02	1.11179197e-01
4489            	8.93065982e-01	1.04751046e-02	-6.75767599e-02	1.37830671e-02	1.11664312e-01
4490            	8.93118589e-01	1.00546826e-02	-6.48724215e-02	1.33930218e-02	1.12825145e-01
4491            	8.93189315e-01	9.68325158e-03	-6.23925388e-02	1.31214122e-02	1.14918858e-01
4492            	8.93236097e-01	9.46233677e-03	-6.08024786e-02	1.29600502e-02	1.17160881e-01
4493            	8.93253934e-01	9.37827929e-03	-6.00329116e-02	1.28750111e-02	1.18319958e-01
4494            	8.93228730e-01	9.39188342e-03	-5.98606340e-02	1.28462244e-02	1.17874178e-01
4495            	8.93169326e-01	9.48411178e-03	-6.01469489e-02	1.29339642e-02	1.16489087e-01
4496            	8.93100942e-01	9.70084948e-03	-6.11812755e-02	1.31310892e-02	1.14913730e-01
4497            	8.93045540e-01	9.98510883e-03	-6.26297440e-02	1.33940846e-02	1.13406800e-01
4498            	8.92995427e-01	1.02248574e-02	-6.38259273e-02	1.36780829e-02	1.11448504e-01
4499            	8.92960676e-01	1.03465522e-02	-6.43119135e-02	1.39502051e-02	1.08767387e-01
4500            	8.92912961e-01	1.04314743e-02	-6.46369228e-02	1.41860513e-02	1.05402605e-01
4501            	8.92875325e-01	1.05269281e-02	-6.51273477e-02	1.43421944e-02	1.01365845e-01
4502            	8.92849655e-01	1.07481700e-02	-6.65178089e-02	1.44314473e-02	9.68727194e-02
4503            	8.92841316e-01	1.10228530e-02	-6.83135481e-02	1.44864977e-02	9.18528923e-02
4504            	8.92853825e-01	1.12773248e-02	-7.00466023e-02	1.45570510e-02	8.62726271e-02
4505            	8.92889101e-01	1.14900542e-02	-7.15545877e-02	1.47234233e-02	8.03060666e-02
4506            	8.92919431e-01	1.17345558e-02	-7.32554682e-02	1.50588020e-02	7.52587948e-02
4507            	8.92984490e-01	1.20220096e-02	-7.52080837e-02	1.55630190e-02	7.22987835e-02
4508            	8.93064183e-01	1.23014059e-02	-7.71352556e-02	1.62171995e-02	7.16044769e-02
4509            	8.93129539e-01	1.24497530e-02	-7.82987112e-02	1.69787605e-02	7.28413566e-02
4510            	8.93185035e-01	1.23610762e-02	-7.80012756e-02	1.77568328e-02	7.55591335e-02
4511            	8.93226843e-01	1.21352149e-02	-7.68535543e-02	1.84348015e-02	8.00351169e-02
4512            	8.93238532e-01	1.19701778e-02	-7.60909890e-02	1.89035347e-02	8.61490558e-02
4513            	8.93241797e-01	1.19041849e-02	-7.59381307e-02	1.91533776e-02	9.35518141e-02
4514            	8.93211191e-01	1.18749293e-02	-7.59673782e-02	1.92109590e-02	1.01021339e-01
4515            	8.93161357e-01	1.18010681e-02	-7.56182682e-02	1.91109559e-02	1.07781058e-01
4516            	8.93083045e-01	1.16704614e-02	-7.48323931e-02	1.88371040e-02	1.13465976e-01
4517            	8.93012737e-01	1.15335418e-02	-7.39861097e-02	1.83935177e-02	1.18148764e-01
4518            	8.92963540e-01	1.14824532e-02	-7.37055749e-02	1.78057454e-02	1.22149019e-01
4519            	8.92940119e-01	1.14128473e-02	-7.33005071e-02	1.70856057e-02	1.25284000e-01
4520            	8.92931518e-01	1.12272070e-02	-7.21544821e-02	1.62452064e-02	1.27098397e-01
4521            	8.92946033e-01	1.08861631e-02	-6.99878504e-02	1.52979196e-02	1.26995329e-01
4522            	8.92960074e-01	1.04536361e-02	-6.71947112e-02	1.42655907e-02	1.25136109e-01
4523            	8.92994056e-01	1.00303930e-02	-6.43794830e-02	1.32196279e-02	1.22288413e-01
4524            	8.93027514e-01	9.68713139e-03	-6.20206195e-02	1.22855483e-02	1.19233638e-01
4525            	8.93042074e-01	9.46168846e-03	-6.04037581e-02	1.15426865e-02	1.15511416e-01
4526            	8.93067948e-01	9.32817189e-03	-5.93866257e-02	1.10569189e-02	1.10832621e-01
4527            	8.93118426e-01	9.30644084e-03	-5.90884528e-02	1.08987045e-02	1.05959302e-01
4528            	8.93159194e-01	9.46864934e-03	-5.99546836e-02	1.10798972e-02	1.01939107e-01
4529            	8.93203713e-01	9.77189507e-03	-6.16957229e-02	1.15370415e-02	9.92328007e-02
4530            	8.93219508e-01	1.00716244e-02	-6.33788983e-02	1.21796873e-02	9.76873552e-02
4531            	8.93200215e-01	1.02514241e-02	-6.42488507e-02	1.28811526e-02	9.65985161e-02
4532            	8.93133764e-01	1.03208592e-02	-6.43958032e-02	1.36336209e-02	9.58028996e-02
4533            	8.93038901e-01	1.04236978e-02	-6.48025364e-02	1.43969732e-02	9.54647805e-02
4534            	8.92942289e-01	1.06355571e-02	-6.59964442e-02	1.51123440e-02	9.55974145e-02
4535            	8.92887134e-01	1.08979450e-02	-6.76113662e-02	1.57319654e-02	9.59384271e-02
4536            	8.92863301e-01	1.11602475e-02	-6.93125814e-02	1.62558579e-02	9.57978584e-02
4537            	8.92869794e-01	1.13890369e-02	-7.08313484e-02	1.66929255e-02	9.46092281e-02
4538            	8.92871391e-01	1.16502935e-02	-7.25605284e-02	1.70368917e-02	9.22212464e-02
4539            	8.92874893e-01	1.19387484e-02	-7.44468814e-02	1.73118716e-02	8.94994801e-02
4540            	8.92887702e-01	1.22295586e-02	-7.63731270e-02	1.74988863e-02	8.72623697e-02
4541            	8.92911900e-01	1.24128162e-02	-7.77065749e-02	1.76040954e-02	8.53405252e-02
4542            	8.92957990e-01	1.24130720e-02	-7.79616445e-02	1.76511629e-02	8.34484954e-02
4543            	8.93023502e-01	1.22707257e-02	-7.73499451e-02	1.76649505e-02	8.19076353e-02
4544            	8.93070932e-01	1.21002681e-02	-7.65854049e-02	1.76307773e-02	8.18065839e-02
4545            	8.93127907e-01	1.19832445e-02	-7.61759546e-02	1.75655096e-02	8.37060055e-02
4546            	8.93183162e-01	1.18942986e-02	-7.59436693e-02	1.74968995e-02	8.73387811e-02
4547            	8.93229631e-01	1.17715511e-02	-7.54506172e-02	1.74349007e-02	9.19273802e-02
4548            	8.93253133e-01	1.16031796e-02	-7.45874753e-02	1.73787361e-02	9.70199035e-02
4549            	8.93238661e-01	1.15229505e-02	-7.42140593e-02	1.72944524e-02	1.02539687e-01
4550            	8.93190813e-01	1.14901660e-02	-7.40674900e-02	1.71361646e-02	1.08269871e-01
4551            	8.93136087e-01	1.14359599e-02	-7.37183749e-02	1.69378443e-02	1.14596444e-01
4552            	8.93070420e-01	1.12472866e-02	-7.24589111e-02	1.66632285e-02	1.20945536e-01
4553            	8.93030721e-01	1.09363341e-02	-7.03809196e-02	1.62765920e-02	1.26408629e-01
4554            	8.93006106e-01	1.05688161e-02	-6.79177632e-02	1.57626181e-02	1.29999283e-01
4555            	8.92987212e-01	1.01940787e-02	-6.53858070e-02	1.51113915e-02	1.31867597e-01
4556            	8.92963638e-01	9.85576890e-03	-6.30498021e-02	1.43474260e-02	1.32269942e-01
4557            	8.92946824e-01	9.59141702e-03	-6.11746705e-02	1.34976594e-02	1.30754706e-01
4558            	8.92935176e-01	9.43383331e-03	-5.99784681e-02	1.26513273e-02	1.26747974e-01
4559            	8.92955702e-01	9.40461085e-03	-5.95939048e-02	1.18870448e-02	1.20446386e-01
4560            	8.92984467e-01	9.50768941e-03	-6.00765299e-02	1.12985066e-02	1.12771658e-01
4561            	8.93017826e-01	9.74954730e-03	-6.14458045e-02	1.09747655e-02	1.05054538e-01
4562            	8.93040942e-01	1.00156852e-02	-6.29474748e-02	1.09493770e-02	9.82779334e-02
4563            	8.93049627e-01	1.01933169e-02	-6.38583604e-02	1.11936554e-02	9.23058266e-02
4564            	8.93054267e-01	1.02626593e-02	-6.40810149e-02	1.16844734e-02	8.71948251e-02
4565            	8.93056608e-01	1.03647641e-02	-6.45747061e-02	1.23955146e-02	8.32578568e-02
4566            	8.93059009e-01	1.04756098e-02	-6.52119716e-02	1.32608702e-02	8.10078319e-02
4567            	8.93076469e-01	1.06398664e-02	-6.62744095e-02	1.42065438e-02	8.05989278e-02
4568            	8.93088455e-01	1.08487181e-02	-6.76535315e-02	1.51537067e-02	8.15351129e-02
4569            	8.93087774e-01	1.10749643e-02	-6.91107730e-02	1.60750597e-02	8.33142252e-02
4570            	8.93050200e-01	1.12955922e-02	-7.04788302e-02	1.69656394e-02	8.51260858e-02
4571            	8.92977959e-01	1.15238481e-02	-7.18782062e-02	1.78393431e-02	8.73515946e-02
4572            	8.92911836e-01	1.17948562e-02	-7.35867516e-02	1.86260560e-02	9.03911860e-02
4573            	8.92899523e-01	1.20771404e-02	-7.54546368e-02	1.92416680e-02	9.39087682e-02
4574            	8.92915889e-01	1.22715639e-02	-7.68689368e-02	1.96369779e-02	9.68771701e-02
4575            	8.92963532e-01	1.23541749e-02	-7.76336278e-02	1.97700303e-02	9.83992822e-02
4576            	8.92994789e-01	1.23329230e-02	-7.77731202e-02	1.96133759e-02	9.87291707e-02
4577            	8.93005043e-01	1.22499435e-02	-7.75330471e-02	1.91664383e-02	9.87829723e-02
4578            	8.93010642e-01	1.21365804e-02	-7.70984796e-02	1.84869660e-02	9.89920281e-02
4579            	8.93028463e-01	1.20039707e-02	-7.65417884e-02	1.76771611e-02	9.93060129e-02
4580            	8.93045262e-01	1.18777918e-02	-7.59955775e-02	1.68755075e-02	9.96606488e-02
4581            	8.93055718e-01	1.17967661e-02	-7.56774931e-02	1.61562119e-02	1.00045800e-01
4582            	8.93059448e-01	1.17010846e-02	-7.52119807e-02	1.55563065e-02	1.00909595e-01
4583            	8.93082936e-01	1.15467380e-02	-7.43407150e-02	1.51191049e-02	1.02881357e-01
4584            	8.93121211e-01	1.13270196e-02	-7.30191500e-02	1.48329853e-02	1.06241516e-01
4585            	8.93167425e-01	1.10293358e-02	-7.11505100e-02	1.46316218e-02	1.10257642e-01
4586            	8.93198853e-01	1.06758699e-02	-6.88687682e-02	1.44552401e-02	1.14175039e-01
4587            	8.93198001e-01	1.02937877e-02	-6.63522415e-02	1.42120437e-02	1.17245092e-01
4588            	8.93152053e-01	9.90699343e-03	-6.37349814e-02	1.39328347e-02	1.19817260e-01
4589            	8.93104792e-01	9.55707421e-03	-6.12757526e-02	1.36551524e-02	1.22476318e-01
4590            	8.93049973e-01	9.36117996e-03	-5.97606082e-02	1.33960950e-02	1.24449051e-01
4591            	8.93023172e-01	9.34580678e-03	-5.94003778e-02	1.31641253e-02	1.24629279e-01
4592            	8.93011497e-01	9.47122166e-03	-5.99679776e-02	1.29866434e-02	1.22887515e-01
4593            	8.92998849e-01	9.68866823e-03	-6.11361333e-02	1.28898100e-02	1.19787154e-01
4594            	8.92979103e-01	9.97860421e-03	-6.27527384e-02	1.28504080e-02	1.15530919e-01
4595            	8.92964111e-01	1.02451523e-02	-6.42135662e-02	1.28537301e-02	1.10164102e-01
4596            	8.92934760e-01	1.04663314e-02	-6.53842229e-02	1.28718210e-02	1.03589305e-01
4597            	8.92920502e-01	1.05664020e-02	-6.57998561e-02	1.29207620e-02	9.62105734e-02
4598            	8.92906480e-01	1.06206022e-02	-6.60131092e-02	1.30434418e-02	8.89291093e-02
4599            	8.92911609e-01	1.06616088e-02	-6.62426541e-02	1.32971237e-02	8.28046671e-02
4600            	8.92930827e-01	1.07440340e-02	-6.67883221e-02	1.37096342e-02	7.84750243e-02
4601            	8.92964855e-01	1.08684293e-02	-6.76171970e-02	1.43012086e-02	7.59531425e-02
4602            	8.93001562e-01	1.09952450e-02	-6.84841657e-02	1.50677097e-02	7.48601902e-02
4603            	8.93032234e-01	1.11514048e-02	-6.95822822e-02	1.59796330e-02	7.49367185e-02
4604            	8.93046890e-01	1.13409566e-02	-7.09094687e-02	1.69864042e-02	7.67143035e-02
4605            	8.93092839e-01	1.15833022e-02	-7.25773051e-02	1.79682221e-02	8.03855520e-02
4606            	8.93130259e-01	1.18969061e-02	-7.47264977e-02	1.88019810e-02	8.49442978e-02
4607            	8.93142659e-01	1.21528446e-02	-7.65279530e-02	1.94774165e-02	8.95891823e-02
4608            	8.93132340e-01	1.22241831e-02	-7.71439301e-02	1.99280287e-02	9.38266147e-02
4609            	8.93095990e-01	1.21611177e-02	-7.69043587e-02	2.00983893e-02	9.81849457e-02
4610            	8.93049306e-01	1.20655666e-02	-7.64846860e-02	1.99768949e-02	1.03113524e-01
4611            	8.93022633e-01	1.20040397e-02	-7.63263152e-02	1.96018560e-02	1.08386880e-01
4612            	8.92992665e-01	1.20351705e-02	-7.67755956e-02	1.90121029e-02	1.12909786e-01
4613            	8.92979955e-01	1.20278239e-02	-7.69178100e-02	1.82254333e-02	1.15762774e-01
4614            	8.92962461e-01	1.19589760e-02	-7.66168269e-02	1.73076927e-02	1.16830941e-01
4615            	8.92950500e-01	1.17964562e-02	-7.56615332e-02	1.63030892e-02	1.16499938e-01
4616            	8.92956325e-01	1.15668821e-02	-7.42351961e-02	1.52729848e-02	1.15443508e-01
4617            	8.92970056e-01	1.13020185e-02	-7.25463350e-02	1.42956703e-02	1.14154731e-01
4618            	8.92983858e-01	1.09471967e-02	-7.02709806e-02	1.34384911e-02	1.12712952e-01
4619            	8.93005103e-01	1.05119349e-02	-6.74922879e-02	1.27267954e-02	1.10736455e-01
4620            	8.93028027e-01	1.00397072e-02	-6.44744845e-02	1.21831312e-02	1.08912367e-01
4621            	8.93086794e-01	9.61282973e-03	-6.17018074e-02	1.18393962e-02	1.08113469e-01
4622            	8.93154704e-01	9.36843166e-03	-6.00572059e-02	1.16989156e-02	1.08553738e-01
4623            	8.93205285e-01	9.31801210e-03	-5.96205961e-02	1.17521335e-02	1.09429177e-01
4624            	8.93232090e-01	9.38021543e-03	-5.98539799e-02	1.19504053e-02	1.09706691e-01
4625            	8.93219538e-01	9.51670445e-03	-6.05095239e-02	1.22747013e-02	1.09247996e-01
4626            	8.93157720e-01	9.74196415e-03	-6.16728984e-02	1.27283369e-02	1.08454021e-01
4627            	8.93089281e-01	1.00659806e-02	-6.34329407e-02	1.32924296e-02	1.07700089e-01
4628            	8.93012782e-01	1.03960994e-02	-6.52238035e-02	1.38841634e-02	1.06632734e-01
4629            	8.92959930e-01	1.05939354e-02	-6.61921980e-02	1.44299345e-02	1.04789245e-01
4630            	8.92922993e-01	1.06691093e-02	-6.64525266e-02	1.49025122e-02	1.02038676e-01
4631            	8.92894329e-01	1.07075989e-02	-6.65485124e-02	1.52940509e-02	9.90549561e-02
4632            	8.92870564e-01	1.07914947e-02	-6.69887659e-02	1.55950715e-02	9.60542250e-02
4633            	8.92853712e-01	1.09213360e-02	-6.77718360e-02	1.58145982e-02	9.29471803e-02
4634            	8.92830275e-01	1.10383862e-02	-6.85261157e-02	1.59846262e-02	8.97487550e-02
4635            	8.92829241e-01	1.10960639e-02	-6.89659021e-02	1.61432838e-02	8.62226864e-02
4636            	8.92840734e-01	1.11732660e-02	-6.95825595e-02	1.63643060e-02	8.27652377e-02
4637            	8.92885200e-01	1.13695570e-02	-7.09752516e-02	1.66759881e-02	8.01564216e-02
4638            	8.92962815e-01	1.16965104e-02	-7.32448207e-02	1.70595808e-02	7.92135614e-02
4639            	8.93051024e-01	1.19917567e-02	-7.53708634e-02	1.75036165e-02	7.96316807e-02
4640            	8.93143108e-01	1.21207106e-02	-7.64649444e-02	1.79594626e-02	8.08011729e-02
4641            	8.93218563e-01	1.20680201e-02	-7.63977190e-02	1.83507942e-02	8.29408436e-02
4642            	8.93243169e-01	1.19257606e-02	-7.57615460e-02	1.86128368e-02	8.70800999e-02
4643            	8.93232115e-01	1.19002145e-02	-7.58650421e-02	1.86748910e-02	9.30676297e-02
4644            	8.93189307e-01	1.19505977e-02	-7.64152078e-02	1.85812545e-02	1.00172734e-01
4645            	8.93134787e-01	1.19628635e-02	-7.66459167e-02	1.83688565e-02	1.07318084e-01
4646            	8.93081167e-01	1.18543363e-02	-7.60151611e-02	1.80496697e-02	1.13689288e-01
4647            	8.93035006e-01	1.16897977e-02	-7.49605775e-02	1.75959544e-02	1.18848719e-01
4648            	8.92986529e-01	1.15170506e-02	-7.38132889e-02	1.70057722e-02	1.22561589e-01
4649            	8.92946755e-01	1.13474446e-02	-7.26798027e-02	1.62957815e-02	1.25168679e-01
4650            	8.92891938e-01	1.11052967e-02	-7.10929648e-02	1.54738157e-02	1.26239049e-01
4651            	8.92871236e-01	1.07468355e-02	-6.87852446e-02	1.45681416e-02	1.25419413e-01
4652            	8.92876171e-01	1.03277130e-02	-6.60844139e-02	1.36100781e-02	1.22455585e-01
4653            	8.92905925e-01	9.92686048e-03	-6.34760451e-02	1.26482961e-02	1.18448095e-01
4654            	8.92954144e-01	9.61473119e-03	-6.14124606e-02	1.17780182e-02	1.14522480e-01
4655            	8.93004185e-01	9.45339534e-03	-6.02970736e-02	1.11134973e-02	1.10854899e-01
4656            	8.93040060e-01	9.41389547e-03	-5.99352799e-02	1.07226275e-02	1.06868464e-01
4657            	8.93080906e-01	9.43434586e-03	-5.99269037e-02	1.06405403e-02	1.02452343e-01
4658            	8.93110623e-01	9.54533892e-03	-6.04980567e-02	1.08912895e-02	9.82165426e-02
4659            	8.93143900e-01	9.84551294e-03	-6.22719816e-02	1.14430581e-02	9.47863935e-02
4660            	8.93174266e-01	1.01732456e-02	-6.41979463e-02	1.22200151e-02	9.25353209e-02
4661            	8.93184168e-01	1.03997540e-02	-6.54550353e-02	1.31191858e-02	9.11779759e-02
4662            	8.93168542e-01	1.04876434e-02	-6.57874927e-02	1.40294925e-02	9.03839552e-02
4663            	8.93120593e-01	1.05294044e-02	-6.57982004e-02	1.49589270e-02	9.04263568e-02
4664            	8.93031574e-01	1.05743384e-02	-6.58358160e-02	1.58525928e-02	9.15809592e-02
4665            	8.92935456e-01	1.06534507e-02	-6.61483627e-02	1.66631721e-02	9.37343701e-02
4666            	8.92847570e-01	1.07678532e-02	-6.67945845e-02	1.73540163e-02	9.63716856e-02
4667            	8.92811209e-01	1.08727482e-02	-6.74717159e-02	1.79138624e-02	9.85370616e-02
4668            	8.92813545e-01	1.10034936e-02	-6.83813014e-02	1.83190700e-02	9.91646525e-02
4669            	8.92823652e-01	1.12603759e-02	-7.01296851e-02	1.85442859e-02	9.83352525e-02
4670            	8.92847958e-01	1.16233926e-02	-7.25773210e-02	1.86077803e-02	9.68551207e-02
4671            	8.92891994e-01	1.20092872e-02	-7.52046458e-02	1.85018095e-02	9.48005315e-02
4672            	8.92933619e-01	1.22292768e-02	-7.68184531e-02	1.82540618e-02	9.21345819e-02
4673            	8.92994822e-01	1.22129656e-02	-7.69540281e-02	1.79198036e-02	8.92456193e-02
4674            	8.93033158e-01	1.21137009e-02	-7.66029108e-02	1.75564534e-02	8.73367294e-02
4675            	8.93055907e-01	1.20734553e-02	-7.66555640e-02	1.71778270e-02	8.74586398e-02
4676            	8.93085285e-01	1.20419120e-02	-7.67636222e-02	1.68225119e-02	8.97984138e-02
4677            	8.93135420e-01	1.19746269e-02	-7.66321673e-02	1.65334426e-02	9.37033330e-02
4678            	8.93190519e-01	1.18189672e-02	-7.58622006e-02	1.63038669e-02	9.81519841e-02
4679            	8.93230579e-01	1.16247152e-02	-7.47386033e-02	1.61117405e-02	1.02536714e-01
4680            	8.93214668e-01	1.14538548e-02	-7.36677775e-02	1.59023456e-02	1.06827347e-01
4681            	8.93159802e-01	1.12673821e-02	-7.24341598e-02	1.56467866e-02	1.11076744e-01
4682            	8.93070243e-01	1.10578202e-02	-7.10248145e-02	1.53671201e-02	1.15290641e-01
4683            	8.93000122e-01	1.07511900e-02	-6.89784643e-02	1.50693393e-02	1.19168199e-01
4684            	8.92959949e-01	1.03999123e-02	-6.66289901e-02	1.47316703e-02	1.22178375e-01
4685            	8.92943631e-01	1.00848515e-02	-6.45183362e-02	1.43254168e-02	1.23922560e-01
4686            	8.92939309e-01	9.83997250e-03	-6.28538219e-02	1.38541640e-02	1.24726997e-01
4687            	8.92957670e-01	9.66903821e-03	-6.16421603e-02	1.33503491e-02	1.24970329e-01
4688            	8.92956134e-01	9.59139982e-03	-6.10054532e-02	1.28316826e-02	1.23593859e-01
4689            	8.92965048e-01	9.58161220e-03	-6.07880658e-02	1.23429671e-02	1.19559297e-01
4690            	8.92964597e-01	9.71079625e-03	-6.14647712e-02	1.19446464e-02	1.13140873e-01
4691            	8.92973989e-01	9.91529853e-03	-6.26199606e-02	1.17036686e-02	1.05594461e-01
4692            	8.92992516e-01	1.01811538e-02	-6.41692373e-02	1.16912907e-02	9.81683541e-02
4693            	8.93024035e-01	1.03906213e-02	-6.53462239e-02	1.19225790e-02	9.15710149e-02
4694            	8.93048502e-01	1.04652058e-02	-6.56288430e-02	1.23864027e-02	8.61469455e-02
4695            	8.93072569e-01	1.04315295e-02	-6.51989729e-02	1.30707790e-02	8.22268599e-02
4696            	8.93074681e-01	1.03789805e-02	-6.46967172e-02	1.39410004e-02	8.03706436e-02
4697            	8.93057809e-01	1.03800013e-02	-6.46307256e-02	1.49256713e-02	8.07936694e-02
4698            	8.93032548e-01	1.04281036e-02	-6.49459410e-02	1.59385982e-02	8.31516433e-02
4699            	8.93027398e-01	1.05178203e-02	-6.55530613e-02	1.68678249e-02	8.65459482e-02
4700            	8.93023164e-01	1.06930796e-02	-6.67051951e-02	1.76953895e-02	8.99635243e-02
4701            	8.93001862e-01	1.09606367e-02	-6.84455101e-02	1.84179079e-02	9.28074333e-02
4702            	8.92958461e-01	1.12935088e-02	-7.05910358e-02	1.90345626e-02	9.54941457e-02
4703            	8.92940981e-01	1.16612621e-02	-7.29695946e-02	1.94765433e-02	9.83600343e-02
4704            	8.92933783e-01	1.19784544e-02	-7.50928707e-02	1.97046419e-02	1.00981600e-01
4705            	8.92949455e-01	1.21851112e-02	-7.65908896e-02	1.97025185e-02	1.02667660e-01
4706            	8.92959547e-01	1.23069941e-02	-7.76001854e-02	1.94547640e-02	1.03353208e-01
4707            	8.92955167e-01	1.23190409e-02	-7.79290657e-02	1.89537764e-02	1.03826398e-01
4708            	8.92948604e-01	1.22690727e-02	-7.78728338e-02	1.82191881e-02	1.04396548e-01
4709            	8.92975393e-01	1.21566261e-02	-7.74134018e-02	1.73154611e-02	1.04812102e-01
4710            	8.93011722e-01	1.19899873e-02	-7.65667474e-02	1.63408387e-02	1.04616634e-01
4711            	8.93046293e-01	1.17912282e-02	-7.54312148e-02	1.54202864e-02	1.03828895e-01
4712            	8.93044260e-01	1.15634944e-02	-7.40424722e-02	1.46215723e-02	1.02655951e-01
4713            	8.93020665e-01	1.13165954e-02	-7.25164240e-02	1.39833356e-02	1.01628379e-01
4714            	8.93012201e-01	1.10421727e-02	-7.08246387e-02	1.35446612e-02	1.01657785e-01
4715            	8.93040904e-01	1.07548633e-02	-6.90525643e-02	1.33034791e-02	1.03032494e-01
4716            	8.93097800e-01	1.04850977e-02	-6.73840260e-02	1.32174710e-02	1.05376649e-01
4717            	8.93157606e-01	1.02273384e-02	-6.57620464e-02	1.32231291e-02	1.07905584e-01
4718            	8.93173443e-01	9.97593829e-03	-6.41157711e-02	1.32233954e-02	1.10578926e-01
4719            	8.93157178e-01	9.74290927e-03	-6.24891157e-02	1.32519926e-02	1.13838213e-01
4720            	8.93105538e-01	9.58602775e-03	-6.12776890e-02	1.33011163e-02	1.17035273e-01
4721            	8.93044311e-01	9.59328280e-03	-6.10951256e-02	1.33648580e-02	1.19008807e-01
4722            	8.92996462e-01	9.71748423e-03	-6.16659549e-02	1.34445717e-02	1.18919487e-01
4723            	8.92974605e-01	9.90529230e-03	-6.26777571e-02	1.35676856e-02	1.16879048e-01
4724            	8.92973839e-01	1.01560300e-02	-6.41092402e-02	1.37358718e-02	1.13563494e-01
4725            	8.92988439e-01	1.04130507e-02	-6.55510929e-02	1.39128093e-02	1.09524162e-01
4726            	8.92983409e-01	1.05819825e-02	-6.63862431e-02	1.40967903e-02	1.04904509e-01
4727            	8.92959693e-01	1.06203249e-02	-6.63534600e-02	1.42659901e-02	9.96021454e-02
4728            	8.92911113e-01	1.05554013e-02	-6.57096602e-02	1.44372442e-02	9.40495392e-02
4729            	8.92862480e-01	1.04414616e-02	-6.48554340e-02	1.46487726e-02	8.93843122e-02
4730            	8.92842306e-01	1.03718000e-02	-6.43965354e-02	1.49430271e-02	8.61434508e-02
4731            	8.92861407e-01	1.04270299e-02	-6.48163315e-02	1.53198187e-02	8.40664097e-02
4732            	8.92912410e-01	1.05787040e-02	-6.59007772e-02	1.57862322e-02	8.29885801e-02
4733            	8.92989322e-01	1.07749152e-02	-6.72983552e-02	1.63459686e-02	8.23682843e-02
4734            	8.93044060e-01	1.10000415e-02	-6.88840441e-02	1.69826341e-02	8.23013464e-02
4735            	8.93092347e-01	1.12675374e-02	-7.07131944e-02	1.76485280e-02	8.35592681e-02
4736            	8.93135772e-01	1.15874024e-02	-7.28803302e-02	1.82607674e-02	8.65104693e-02
4737            	8.93146729e-01	1.19350533e-02	-7.52580104e-02	1.87437161e-02	9.04877304e-02
4738            	8.93128004e-01	1.21640458e-02	-7.68738514e-02	1.90840995e-02	9.46583517e-02
4739            	8.93087937e-01	1.22185581e-02	-7.73721338e-02	1.92336216e-02	9.89131174e-02
4740            	8.93037381e-01	1.21345594e-02	-7.69848588e-02	1.91478348e-02	1.03891546e-01
4741            	8.93015948e-01	1.20218618e-02	-7.64137058e-02	1.88093502e-02	1.09172119e-01
4742            	8.93010348e-01	1.19355562e-02	-7.60092464e-02	1.82457012e-02	1.13711060e-01
4743            	8.93001012e-01	1.18347226e-02	-7.54737890e-02	1.75036649e-02	1.16561015e-01
4744            	8.92958892e-01	1.16701826e-02	-7.44835431e-02	1.66092881e-02	1.17067657e-01
4745            	8.92907426e-01	1.14442718e-02	-7.30771944e-02	1.56293540e-02	1.15681526e-01
4746            	8.92861150e-01	1.11788046e-02	-7.14019290e-02	1.46324200e-02	1.13045935e-01
4747            	8.92856715e-01	1.09516570e-02	-6.99884295e-02	1.36914471e-02	1.10154537e-01
4748            	8.92885001e-01	1.07251086e-02	-6.86016466e-02	1.28968007e-02	1.07639104e-01
4749            	8.92947908e-01	1.04624122e-02	-6.69844994e-02	1.22983468e-02	1.05599541e-01
4750            	8.93008360e-01	1.01815364e-02	-6.52316019e-02	1.19034867e-02	1.03780834e-01
4751            	8.93061147e-01	9.86548839e-03	-6.31992662e-02	1.17051116e-02	1.02598546e-01
4752            	8.93114953e-01	9.61300787e-03	-6.15357362e-02	1.17096629e-02	1.02757647e-01
4753            	8.93154934e-01	9.56202511e-03	-6.11425022e-02	1.19032166e-02	1.03636669e-01
4754            	8.93180849e-01	9.61963660e-03	-6.14237109e-02	1.22554294e-02	1.04126420e-01
4755            	8.93200886e-01	9.73926981e-03	-6.20721655e-02	1.27110171e-02	1.03892321e-01
4756            	8.93188439e-01	9.90204842e-03	-6.29359082e-02	1.32744728e-02	1.03513012e-01
4757            	8.93163280e-01	1.01395025e-02	-6.41781850e-02	1.39449659e-02	1.03474994e-01
4758            	8.93113827e-01	1.03796499e-02	-6.53687673e-02	1.46937746e-02	1.03925013e-01
4759            	8.93033695e-01	1.04881814e-02	-6.56998754e-02	1.54279381e-02	1.04586261e-01
4760            	8.92942806e-01	1.04719525e-02	-6.52886375e-02	1.60682655e-02	1.04991489e-01
4761            	8.92869812e-01	1.04060124e-02	-6.46588283e-02	1.65751954e-02	1.04808719e-01
4762            	8.92815469e-01	1.03834954e-02	-6.44198847e-02	1.69156512e-02	1.04144449e-01
4763            	8.92792529e-01	1.05026568e-02	-6.51852234e-02	1.70807907e-02	1.02810201e-01
4764            	8.92786176e-01	1.07025965e-02	-6.65249170e-02	1.70825245e-02	1.00583291e-01
4765            	8.92816555e-01	1.08999250e-02	-6.78801398e-02	1.69604472e-02	9.70899133e-02
4766            	8.92854763e-01	1.10512746e-02	-6.89653134e-02	1.67832507e-02	9.23738400e-02
4767            	8.92889591e-01	1.12153807e-02	-7.01380204e-02	1.66698844e-02	8.78965477e-02
4768            	8.92932435e-01	1.14922330e-02	-7.20469155e-02	1.66679458e-02	8.50586164e-02
4769            	8.92989288e-01	1.18745404e-02	-7.46813847e-02	1.67700340e-02	8.39877805e-02
4770            	8.93051089e-01	1.21432557e-02	-7.66423208e-02	1.69602421e-02	8.42540585e-02
4771            	8.93130683e-01	1.21740334e-02	-7.71040665e-02	1.71901962e-02	8.56141076e-02
4772            	8.93188929e-01	1.20462091e-02	-7.65390399e-02	1.73741431e-02	8.83177732e-02
4773            	8.93230538e-01	1.19117807e-02	-7.58875732e-02	1.74433620e-02	9.26773593e-02
4774            	8.93237059e-01	1.18176510e-02	-7.54449507e-02	1.73314171e-02	9.80614663e-02
4775            	8.93198629e-01	1.17188992e-02	-7.49189492e-02	1.71115985e-02	1.03682037e-01
4776            	8.93119389e-01	1.15564131e-02	-7.39134982e-02	1.68180612e-02	1.08528542e-01
4777            	8.93032334e-01	1.13402335e-02	-7.25009926e-02	1.64580626e-02	1.12190644e-01
4778            	8.92943822e-01	1.11545046e-02	-7.12585626e-02	1.60368238e-02	1.15037507e-01
4779            	8.92888654e-01	1.10184282e-02	-7.03555099e-02	1.55717569e-02	1.17389137e-01
4780            	8.92857847e-01	1.09294684e-02	-6.97894428e-02	1.50690951e-02	1.19296898e-01
4781            	8.92870650e-01	1.07692463e-02	-6.87816589e-02	1.45130058e-02	1.20173081e-01
4782            	8.92899083e-01	1.05123799e-02	-6.71493268e-02	1.39155148e-02	1.19381231e-01
4783            	8.92924248e-01	1.02166947e-02	-6.52468180e-02	1.32639809e-02	1.16814520e-01
4784            	8.92939247e-01	9.99641006e-03	-6.38009465e-02	1.26001170e-02	1.13223465e-01
4785            	8.92970993e-01	9.85104017e-03	-6.28053883e-02	1.20198410e-02	1.09479606e-01
4786            	8.92995284e-01	9.79340634e-03	-6.23754660e-02	1.16295015e-02	1.05590682e-01
4787            	8.93041973e-01	9.77748754e-03	-6.22011012e-02	1.14909904e-02	1.01227800e-01
4788            	8.93094049e-01	9.80842423e-03	-6.22964619e-02	1.16579061e-02	9.69207564e-02
4789            	8.93151578e-01	9.91898215e-03	-6.28532934e-02	1.21396372e-02	9.37012045e-02
4790            	8.93192511e-01	1.00924583e-02	-6.37785876e-02	1.28914535e-02	9.21069544e-02
4791            	8.93200112e-01	1.02445560e-02	-6.45535162e-02	1.38258899e-02	9.21939966e-02
4792            	8.93163377e-01	1.02662643e-02	-6.44696431e-02	1.48183890e-02	9.34139683e-02
4793            	8.93118956e-01	1.01989018e-02	-6.38128168e-02	1.57482715e-02	9.51182926e-02
4794            	8.93046768e-01	1.02051534e-02	-6.36590870e-02	1.65941570e-02	9.74264313e-02
4795            	8.92964692e-01	1.03228728e-02	-6.42845184e-02	1.73026242e-02	1.00058748e-01
4796            	8.92884372e-01	1.05310345e-02	-6.55559233e-02	1.78395831e-02	1.02461063e-01
4797            	8.92845291e-01	1.07399443e-02	-6.68768783e-02	1.81932408e-02	1.04313749e-01
4798            	8.92843559e-01	1.09196586e-02	-6.80579182e-02	1.83796664e-02	1.05071762e-01
4799            	8.92851074e-01	1.11372556e-02	-6.95304613e-02	1.84217170e-02	1.04493699e-01
4800            	8.92846157e-01	1.14972155e-02	-7.19354062e-02	1.83200316e-02	1.02978152e-01
4801            	8.92865858e-01	1.19020540e-02	-7.46402559e-02	1.80915419e-02	1.01334690e-01
4802            	8.92888608e-01	1.22076895e-02	-7.67677325e-02	1.77446582e-02	9.93123583e-02
4803            	8.92944231e-01	1.23014858e-02	-7.75851630e-02	1.72935507e-02	9.64468129e-02
4804            	8.93005746e-01	1.22003231e-02	-7.71501423e-02	1.67839746e-02	9.32542490e-02
4805            	8.93042696e-01	1.20365496e-02	-7.62956226e-02	1.62600446e-02	9.12155767e-02
4806            	8.93064360e-01	1.18594618e-02	-7.53532768e-02	1.57454723e-02	9.06895560e-02
4807            	8.93089581e-01	1.16891757e-02	-7.44785689e-02	1.52958007e-02	9.13833214e-02
4808            	8.93117503e-01	1.14844206e-02	-7.33812730e-02	1.49686156e-02	9.30354635e-02
4809            	8.93161274e-01	1.12617086e-02	-7.21118836e-02	1.47782892e-02	9.52732068e-02
4810            	8.93176327e-01	1.11173437e-02	-7.12849590e-02	1.46987690e-02	9.80351899e-02
4811            	8.93149524e-01	1.10370042e-02	-7.08106069e-02	1.46740558e-02	1.01400627e-01
4812            	8.93095428e-01	1.09629047e-02	-7.03240089e-02	1.46754961e-02	1.05583345e-01
4813            	8.93040011e-01	1.08307334e-02	-6.94147483e-02	1.46959329e-02	1.10341435e-01
4814            	8.93003640e-01	1.06132387e-02	-6.79448997e-02	1.47244635e-02	1.14845020e-01
4815            	8.92988696e-01	1.04076998e-02	-6.65573318e-02	1.46992469e-02	1.18031688e-01
4816            	8.92967152e-01	1.02444740e-02	-6.54354507e-02	1.45640055e-02	1.19872759e-01
4817            	8.92962231e-01	1.01051288e-02	-6.44573939e-02	1.43242843e-02	1.20897371e-01
4818            	8.92959184e-01	1.00181338e-02	-6.38121613e-02	1.40099145e-02	1.20794541e-01
4819            	8.92971316e-01	9.99780408e-03	-6.35737953e-02	1.36749676e-02	1.18893336e-01
4820            	8.92988697e-01	1.00016154e-02	-6.34379900e-02	1.33715196e-02	1.14983410e-01
4821            	8.92998022e-01	1.00442075e-02	-6.35266077e-02	1.31605630e-02	1.09554864e-01
4822            	8.92999918e-01	1.01472359e-02	-6.40048414e-02	1.30944225e-02	1.03825931e-01
4823            	8.93004199e-01	1.02500457e-02	-6.44957179e-02	1.32220116e-02	9.88571252e-02
4824            	8.92999513e-01	1.02590912e-02	-6.43894617e-02	1.35293596e-02	9.48817753e-02
4825            	8.93009246e-01	1.02246489e-02	-6.40071896e-02	1.39782361e-02	9.16221830e-02
4826            	8.93020110e-01	1.02160244e-02	-6.38408900e-02	1.45566050e-02	8.91867857e-02
4827            	8.93032436e-01	1.02612318e-02	-6.40946049e-02	1.52255940e-02	8.82641334e-02
4828            	8.93039764e-01	1.03638556e-02	-6.47691804e-02	1.59182580e-02	8.87683139e-02
4829            	8.93045568e-01	1.05056164e-02	-6.57174942e-02	1.65822847e-02	9.04892801e-02
4830            	8.93058119e-01	1.06616439e-02	-6.67647462e-02	1.71424918e-02	9.27172900e-02
4831            	8.93058510e-01	1.09122889e-02	-6.84158373e-02	1.76403770e-02	9.50155943e-02
4832            	8.93009301e-01	1.12204442e-02	-7.04101987e-02	1.80872631e-02	9.74175213e-02
4833            	8.92958707e-01	1.15649963e-02	-7.26231260e-02	1.84555778e-02	1.00228940e-01
4834            	8.92939032e-01	1.18927108e-02	-7.47640430e-02	1.86879531e-02	1.03252942e-01
4835            	8.92950401e-01	1.21067419e-02	-7.62308315e-02	1.87346639e-02	1.05617875e-01
4836            	8.92974980e-01	1.21664959e-02	-7.67288230e-02	1.85585576e-02	1.06452717e-01
4837            	8.92982788e-01	1.20966523e-02	-7.64093073e-02	1.81291270e-02	1.05938614e-01
4838            	8.92953941e-01	1.19650175e-02	-7.57222906e-02	1.74690336e-02	1.04943286e-01
4839            	8.92931102e-01	1.17847015e-02	-7.47440744e-02	1.66165690e-02	1.03651764e-01
4840            	8.92935196e-01	1.15943390e-02	-7.37112703e-02	1.56753031e-02	1.01904457e-01
4841            	8.92965405e-01	1.14240392e-02	-7.27836528e-02	1.47722002e-02	9.97498556e-02
4842            	8.92993475e-01	1.12734047e-02	-7.19525809e-02	1.40223084e-02	9.75380817e-02
4843            	8.93003873e-01	1.11550383e-02	-7.12933369e-02	1.34782151e-02	9.59866141e-02
4844            	8.92996667e-01	1.10247012e-02	-7.05269655e-02	1.31675006e-02	9.56012518e-02
4845            	8.93009829e-01	1.08673213e-02	-6.95771035e-02	1.30799799e-02	9.65038657e-02
4846            	8.93056518e-01	1.06757689e-02	-6.84192451e-02	1.31778032e-02	9.85922968e-02
4847            	8.93127622e-01	1.05073747e-02	-6.74102430e-02	1.34015061e-02	1.01297351e-01
4848            	8.93175143e-01	1.03437238e-02	-6.63980179e-02	1.36704906e-02	1.03930887e-01
4849            	8.93189204e-01	1.01725048e-02	-6.52745936e-02	1.38958059e-02	1.06662846e-01
4850            	8.93172367e-01	1.00176802e-02	-6.41642855e-02	1.41169298e-02	1.10176912e-01
4851            	8.93132263e-01	9.93292138e-03	-6.34151518e-02	1.43327741e-02	1.13787625e-01
4852            	8.93081367e-01	9.92860520e-03	-6.31277404e-02	1.45556561e-02	1.16295344e-01
4853            	8.93037058e-01	9.95561870e-03	-6.30365084e-02	1.47966508e-02	1.17413072e-01
4854            	8.92985696e-01	1.00311843e-02	-6.33094175e-02	1.50575657e-02	1.17532383e-01
4855            	8.92959169e-01	1.01669291e-02	-6.39906995e-02	1.53086287e-02	1.16746564e-01
4856            	8.92952164e-01	1.03237625e-02	-6.48194164e-02	1.54789710e-02	1.14709911e-01
4857            	8.92939846e-01	1.04416562e-02	-6.54005910e-02	1.55561966e-02	1.11394618e-01
4858            	8.92914204e-01	1.05014047e-02	-6.56203664e-02	1.55277250e-02	1.06772273e-01
4859            	8.92897439e-01	1.05274232e-02	-6.56805510e-02	1.54216655e-02	1.01301651e-01
4860            	8.92871129e-01	1.05355400e-02	-6.56898000e-02	1.53045969e-02	9.61442647e-02
4861            	8.92864142e-01	1.05814458e-02	-6.60136212e-02	1.52574821e-02	9.20395244e-02
4862            	8.92883256e-01	1.07043738e-02	-6.68913393e-02	1.53111698e-02	8.93331877e-02
4863            	8.92942796e-01	1.09177104e-02	-6.83875816e-02	1.54914482e-02	8.76377471e-02
4864            	8.93011657e-01	1.11374727e-02	-6.99467981e-02	1.58217092e-02	8.66252107e-02
4865            	8.93072667e-01	1.13464429e-02	-7.14290650e-02	1.62890424e-02	8.67840075e-02
4866            	8.93125974e-01	1.15683525e-02	-7.29621717e-02	1.68118800e-02	8.86073626e-02
4867            	8.93165072e-01	1.18046523e-02	-7.45668860e-02	1.72795688e-02	9.13863188e-02
4868            	8.93174186e-01	1.19771350e-02	-7.57535176e-02	1.76163814e-02	9.41886023e-02
4869            	8.93149365e-01	1.19641743e-02	-7.57263634e-02	1.78024478e-02	9.66831278e-02
4870            	8.93077907e-01	1.18298506e-02	-7.49378239e-02	1.78334942e-02	9.93950041e-02
4871            	8.93018402e-01	1.16661831e-02	-7.39730786e-02	1.76784643e-02	1.02674524e-01
4872            	8.92980633e-01	1.15541923e-02	-7.33557349e-02	1.73355107e-02	1.06152896e-01
4873            	8.92966693e-01	1.15017588e-02	-7.31390987e-02	1.68484180e-02	1.09141384e-01
4874            	8.92957640e-01	1.14602707e-02	-7.29783937e-02	1.62688486e-02	1.10905854e-01
4875            	8.92947446e-01	1.13870559e-02	-7.25813914e-02	1.56320955e-02	1.11145793e-01
4876            	8.92906387e-01	1.12742837e-02	-7.18935232e-02	1.49628085e-02	1.10098528e-01
4877            	8.92878821e-01	1.11203235e-02	-7.09295549e-02	1.42912498e-02	1.08227787e-01
4878            	8.92875312e-01	1.10156749e-02	-7.03073685e-02	1.36636863e-02	1.05990088e-01
4879            	8.92922041e-01	1.08575267e-02	-6.93603610e-02	1.31614069e-02	1.03699149e-01
4880            	8.92991479e-01	1.06277287e-02	-6.79646660e-02	1.28149493e-02	1.01347769e-01
4881            	8.93059776e-01	1.03615347e-02	-6.63182540e-02	1.26253199e-02	9.94513431e-02
4882            	8.93116600e-01	1.00905983e-02	-6.45800851e-02	1.26194143e-02	9.90025236e-02
4883            	8.93176012e-01	9.90792638e-03	-6.33407295e-02	1.28033811e-02	1.00315917e-01
4884            	8.93211380e-01	9.81177049e-03	-6.26149515e-02	1.31608321e-02	1.02525490e-01
4885            	8.93222543e-01	9.78035935e-03	-6.22814234e-02	1.36613322e-02	1.04803552e-01
4886            	8.93198768e-01	9.78697719e-03	-6.21732050e-02	1.42195349e-02	1.06681005e-01
4887            	8.93176321e-01	9.86400774e-03	-6.24812297e-02	1.48375867e-02	1.08626567e-01
4888            	8.93136643e-01	1.00784700e-02	-6.36238446e-02	1.54801588e-02	1.10618264e-01
4889            	8.93083250e-01	1.03176475e-02	-6.49058366e-02	1.60851870e-02	1.12317076e-01
4890            	8.93009045e-01	1.04787548e-02	-6.56854857e-02	1.65656619e-02	1.13073400e-01
4891            	8.92944035e-01	1.05347099e-02	-6.58257793e-02	1.68791746e-02	1.12599394e-01
4892            	8.92881484e-01	1.05665007e-02	-6.58867636e-02	1.70222424e-02	1.11505936e-01
4893            	8.92832624e-01	1.06521467e-02	-6.63833257e-02	1.69963602e-02	1.10003939e-01
4894            	8.92792093e-01	1.08864334e-02	-6.79276391e-02	1.68323473e-02	1.07845629e-01
4895            	8.92795598e-01	1.11110595e-02	-6.94403381e-02	1.65459570e-02	1.04985909e-01
4896            	8.92840212e-01	1.12676248e-02	-7.05475638e-02	1.61976579e-02	1.01105527e-01
4897            	8.92894925e-01	1.13624504e-02	-7.12824339e-02	1.58636544e-02	9.63605712e-02
4898            	8.92938594e-01	1.14859583e-02	-7.21711723e-02	1.56358196e-02	9.17623231e-02
4899            	8.92988886e-01	1.16884085e-02	-7.35438322e-02	1.55363708e-02	8.83588559e-02
4900            	8.93030488e-01	1.18371712e-02	-7.46097558e-02	1.55565620e-02	8.61456799e-02
4901            	8.93079333e-01	1.18538163e-02	-7.48912064e-02	1.56705332e-02	8.45873967e-02
4902            	8.93131429e-01	1.17121415e-02	-7.42005424e-02	1.58318114e-02	8.39398077e-02
4903            	8.93178505e-01	1.15380585e-02	-7.33051348e-02	1.59974663e-02	8.52912413e-02
4904            	8.93207032e-01	1.14625352e-02	-7.30124442e-02	1.61209298e-02	8.87153356e-02
4905            	8.93218520e-01	1.14722100e-02	-7.32285843e-02	1.61587936e-02	9.33892019e-02
4906            	8.93185122e-01	1.14701163e-02	-7.32995608e-02	1.61750024e-02	9.87606580e-02
4907            	8.93125239e-01	1.13910377e-02	-7.27899760e-02	1.61606195e-02	1.03863642e-01
4908            	8.93039938e-01	1.12858813e-02	-7.20640277e-02	1.60996301e-02	1.08145622e-01
4909            	8.92952036e-01	1.12235121e-02	-7.16121812e-02	1.59810220e-02	1.11573238e-01
4910            	8.92887540e-01	1.12078249e-02	-7.14933311e-02	1.57982142e-02	1.14209337e-01
4911            	8.92879946e-01	1.11469772e-02	-7.11187603e-02	1.55398517e-02	1.16131395e-01
4912            	8.92919652e-01	1.09877901e-02	-7.01427934e-02	1.51723412e-02	1.16661308e-01
4913            	8.92975901e-01	1.07568181e-02	-6.86895151e-02	1.47267220e-02	1.15646391e-01
4914            	8.93003258e-01	1.04918308e-02	-6.69534080e-02	1.42113358e-02	1.13529232e-01
4915            	8.93019437e-01	1.02285523e-02	-6.51786469e-02	1.36811230e-02	1.11299909e-01
4916            	8.93010745e-01	1.00287133e-02	-6.37924923e-02	1.32314909e-02	1.09347809e-01
4917            	8.93010499e-01	9.89462120e-03	-6.28457472e-02	1.29633461e-02	1.07317954e-01
4918            	8.93035152e-01	9.78239561e-03	-6.20489396e-02	1.29105355e-02	1.05035816e-01
4919            	8.93073505e-01	9.79579755e-03	-6.20633675e-02	1.30994351e-02	1.02839929e-01
4920            	8.93131083e-01	9.96395753e-03	-6.30645160e-02	1.35251003e-02	1.01282057e-01
4921            	8.93198594e-01	1.02084366e-02	-6.45431166e-02	1.41188485e-02	1.00339831e-01
4922            	8.93218184e-01	1.03683186e-02	-6.54400098e-02	1.47957834e-02	1.00141781e-01
4923            	8.93193597e-01	1.04238649e-02	-6.56128465e-02	1.54535470e-02	1.00459910e-01
4924            	8.93131920e-01	1.04397100e-02	-6.55326153e-02	1.60347132e-02	1.01181566e-01
4925            	8.93037572e-01	1.05558841e-02	-6.61314819e-02	1.65368065e-02	1.02873157e-01
4926            	8.92936603e-01	1.07470297e-02	-6.72611084e-02	1.69548269e-02	1.05281006e-01
4927            	8.92868465e-01	1.09592896e-02	-6.85853511e-02	1.72524463e-02	1.07692997e-01
4928            	8.92861305e-01	1.11103622e-02	-6.95643289e-02	1.74045002e-02	1.09301382e-01
4929            	8.92899175e-01	1.12214903e-02	-7.03133085e-02	1.74173208e-02	1.09285539e-01
4930            	8.92909964e-01	1.13595405e-02	-7.12286357e-02	1.73120169e-02	1.07673665e-01
4931            	8.92905158e-01	1.15614138e-02	-7.25412480e-02	1.70930270e-02	1.05082203e-01
4932            	8.92886897e-01	1.17787863e-02	-7.39818857e-02	1.67660428e-02	1.01635024e-01
4933            	8.92889318e-01	1.18651878e-02	-7.46516404e-02	1.63473276e-02	9.72464156e-02
4934            	8.92924836e-01	1.17747641e-02	-7.42397766e-02	1.58697761e-02	9.21005595e-02
4935            	8.92975864e-01	1.16322634e-02	-7.35287766e-02	1.54115665e-02	8.75560989e-02
4936            	8.93023827e-01	1.15454977e-02	-7.31905318e-02	1.50158981e-02	8.49515628e-02
4937            	8.93073926e-01	1.15067585e-02	-7.31573355e-02	1.47121212e-02	8.45474657e-02
4938            	8.93117329e-01	1.14713836e-02	-7.31315116e-02	1.45504557e-02	8.59384054e-02
4939            	8.93157572e-01	1.13732142e-02	-7.26575803e-02	1.45506531e-02	8.83147673e-02
4940            	8.93184313e-01	1.12485756e-02	-7.19636502e-02	1.46853299e-02	9.11737826e-02
4941            	8.93178651e-01	1.12185849e-02	-7.18379189e-02	1.49093521e-02	9.45288490e-02
4942            	8.93138503e-01	1.11990323e-02	-7.17413823e-02	1.51298115e-02	9.82516048e-02
4943            	8.93095542e-01	1.11631046e-02	-7.15204420e-02	1.53459766e-02	1.02573471e-01
4944            	8.93072333e-01	1.10400303e-02	-7.06976374e-02	1.55580520e-02	1.07414686e-01
4945            	8.93079055e-01	1.08186216e-02	-6.91877629e-02	1.57414073e-02	1.12228400e-01
4946            	8.93067268e-01	1.05932008e-02	-6.76190141e-02	1.58323603e-02	1.16277750e-01
4947            	8.93034626e-01	1.03538091e-02	-6.59424047e-02	1.57925532e-02	1.19785629e-01
4948            	8.92985346e-01	1.01626948e-02	-6.45931994e-02	1.56257698e-02	1.22911909e-01
4949            	8.92944301e-01	1.00297786e-02	-6.36315604e-02	1.53482325e-02	1.24838514e-01
4950            	8.92933013e-01	9.98123659e-03	-6.32321100e-02	1.50025620e-02	1.24547716e-01
4951            	8.92952026e-01	1.00336298e-02	-6.34820493e-02	1.46177064e-02	1.21655676e-01
4952            	8.92977084e-01	1.01680577e-02	-6.42640205e-02	1.42520868e-02	1.16879584e-01
4953            	8.93016089e-01	1.03726968e-02	-6.54830966e-02	1.39653095e-02	1.11149584e-01
4954            	8.93038988e-01	1.05445403e-02	-6.64710030e-02	1.38241633e-02	1.05386044e-01
4955            	8.93035920e-01	1.05894889e-02	-6.66253898e-02	1.38371581e-02	1.00401042e-01
4956            	8.93023502e-01	1.05916688e-02	-6.65180537e-02	1.40005132e-02	9.64571290e-02
4957            	8.93020783e-01	1.06619726e-02	-6.69060110e-02	1.43111296e-02	9.39243001e-02
4958            	8.93021828e-01	1.07506789e-02	-6.74824114e-02	1.47391176e-02	9.32098352e-02
4959            	8.93041509e-01	1.08547773e-02	-6.82156191e-02	1.52398515e-02	9.38969631e-02
4960            	8.93073798e-01	1.09271919e-02	-6.87358561e-02	1.57426701e-02	9.56648931e-02
4961            	8.93119748e-01	1.10095468e-02	-6.92805999e-02	1.61675371e-02	9.72903825e-02
4962            	8.93116327e-01	1.11329296e-02	-7.00543981e-02	1.65592721e-02	9.84530597e-02
4963            	8.93061416e-01	1.12620809e-02	-7.08301917e-02	1.69101101e-02	9.92306711e-02
4964            	8.92984839e-01	1.14309319e-02	-7.18646570e-02	1.71901960e-02	1.00093614e-01
4965            	8.92936017e-01	1.15802485e-02	-7.28248300e-02	1.73729786e-02	1.00818749e-01
4966            	8.92926438e-01	1.16881512e-02	-7.35903215e-02	1.74310371e-02	1.00927760e-01
4967            	8.92948959e-01	1.17041422e-02	-7.38108154e-02	1.73332319e-02	1.00234580e-01
4968            	8.92956258e-01	1.16943270e-02	-7.39064001e-02	1.70421141e-02	9.93937952e-02
4969            	8.92977308e-01	1.16754408e-02	-7.39538682e-02	1.65879307e-02	9.89118705e-02
4970            	8.92987265e-01	1.16388815e-02	-7.38786473e-02	1.59956971e-02	9.82708259e-02
4971            	8.93002537e-01	1.15618925e-02	-7.35376392e-02	1.53432072e-02	9.71465602e-02
4972            	8.93012029e-01	1.14967305e-02	-7.32394864e-02	1.47386828e-02	9.53711727e-02
4973            	8.93020696e-01	1.14282268e-02	-7.28834899e-02	1.42800069e-02	9.34438107e-02
4974            	8.93012336e-01	1.13400667e-02	-7.23974273e-02	1.39966987e-02	9.20631786e-02
4975            	8.93024536e-01	1.12087536e-02	-7.16387783e-02	1.39072820e-02	9.19648866e-02
4976            	8.93071339e-01	1.10449302e-02	-7.06613626e-02	1.40149881e-02	9.36270679e-02
4977            	8.93158704e-01	1.08381943e-02	-6.93798747e-02	1.42835618e-02	9.67468375e-02
4978            	8.93236010e-01	1.05736041e-02	-6.76962279e-02	1.46523583e-02	1.00734156e-01
4979            	8.93249929e-01	1.03239256e-02	-6.60646813e-02	1.50188992e-02	1.05403318e-01
4980            	8.93199555e-01	1.00774437e-02	-6.43963393e-02	1.53087088e-02	1.10894803e-01
4981            	8.93141531e-01	9.91122322e-03	-6.31857127e-02	1.55196321e-02	1.16827320e-01
4982            	8.93091826e-01	9.88577829e-03	-6.28591344e-02	1.56631698e-02	1.21871192e-01
4983            	8.93061169e-01	9.96465206e-03	-6.31986708e-02	1.57605642e-02	1.25174141e-01
4984            	8.93028903e-01	1.01170609e-02	-6.40246951e-02	1.57969427e-02	1.26274112e-01
4985            	8.93017312e-01	1.03139100e-02	-6.51398883e-02	1.57693337e-02	1.25523081e-01
4986            	8.93007216e-01	1.05524240e-02	-6.65210429e-02	1.56776117e-02	1.23317618e-01
4987            	8.92992068e-01	1.07430925e-02	-6.75975325e-02	1.55141900e-02	1.20089767e-01
4988            	8.92948819e-01	1.09130758e-02	-6.85432515e-02	1.52835277e-02	1.15876376e-01
4989            	8.92912637e-01	1.09810139e-02	-6.88468704e-02	1.49969539e-02	1.10772988e-01
4990            	8.92892329e-01	1.09845567e-02	-6.88134914e-02	1.46842882e-02	1.05465555e-01
4991            	8.92894530e-01	1.09592807e-02	-6.86649350e-02	1.44184332e-02	1.00611075e-01
4992            	8.92906942e-01	1.09683564e-02	-6.87689981e-02	1.42510633e-02	9.62944715e-02
4993            	8.92957604e-01	1.10014212e-02	-6.90245251e-02	1.42038630e-02	9.26567915e-02
4994            	8.93029056e-01	1.10125354e-02	-6.91552938e-02	1.43168895e-02	8.93946038e-02
4995            	8.93076636e-01	1.10350332e-02	-6.94056199e-02	1.46115911e-02	8.65859170e-02
4996            	8.93104878e-01	1.10997789e-02	-6.99279795e-02	1.50748659e-02	8.49864116e-02
4997            	8.93140954e-01	1.12488308e-02	-7.09788258e-02	1.56315959e-02	8.49975801e-02
4998            	8.93158852e-01	1.14532860e-02	-7.23902152e-02	1.61696723e-02	8.61805682e-02
4999            	8.93166891e-01	1.16077817e-02	-7.34754094e-02	1.66437335e-02	8.79752825e-02
5000            	8.93143620e-01	1.16442487e-02	-7.37775189e-02	1.70322985e-02	9.05032464e-02
