# y+ ()         
# Time          	patch           	min             	max             	average         
250             	rocket_body	9.30803542e-01	8.99050696e+01	1.56888591e+01
250             	rocket_fins	6.85351930e-01	5.91035203e+01	1.08529769e+01
250             	rocket_tab	6.92970422e-01	7.45110946e+01	1.19106135e+01
250             	rocket_slot	3.03654305e+00	6.54686189e+01	3.49886020e+01
500             	rocket_body	1.40605340e+00	1.31820252e+02	2.46188502e+01
500             	rocket_fins	8.46301921e-01	1.27672148e+02	1.39908303e+01
500             	rocket_tab	1.66663370e+00	1.03201448e+02	1.57290900e+01
500             	rocket_slot	5.24454646e+00	8.68975060e+01	4.74642757e+01
750             	rocket_body	1.52901840e+00	1.51953619e+02	2.68643395e+01
750             	rocket_fins	9.65267862e-01	1.00977495e+02	1.44876238e+01
750             	rocket_tab	1.93187213e+00	1.02212342e+02	1.57626277e+01
750             	rocket_slot	7.59750613e+00	8.76894709e+01	4.79644714e+01
1000            	rocket_body	1.62208935e+00	1.54968096e+02	2.70176762e+01
1000            	rocket_fins	1.95400257e+00	9.82732664e+01	1.45836783e+01
1000            	rocket_tab	1.69423662e+00	1.02792395e+02	1.57542017e+01
1000            	rocket_slot	5.69583949e+00	9.05832765e+01	4.79710009e+01
1250            	rocket_body	1.38991910e+00	1.53781973e+02	2.70165764e+01
1250            	rocket_fins	1.99134739e+00	9.82590439e+01	1.45856176e+01
1250            	rocket_tab	1.18149368e+00	1.01954458e+02	1.58390199e+01
1250            	rocket_slot	6.33055802e+00	8.70060382e+01	4.79329426e+01
1500            	rocket_body	1.62122271e+00	1.55906233e+02	2.70161758e+01
1500            	rocket_fins	1.80661586e+00	9.82586615e+01	1.45847696e+01
1500            	rocket_tab	8.29019700e-01	1.02575596e+02	1.57157241e+01
1500            	rocket_slot	8.15498718e+00	9.13214394e+01	4.80401841e+01
1750            	rocket_body	1.23338311e+00	1.53786396e+02	2.70152296e+01
1750            	rocket_fins	1.44393517e+00	9.82583035e+01	1.45862210e+01
1750            	rocket_tab	1.74230193e+00	1.02292463e+02	1.58935420e+01
1750            	rocket_slot	5.07267359e+00	8.79348461e+01	4.78710187e+01
2000            	rocket_body	1.62465948e+00	1.53610675e+02	2.70154719e+01
2000            	rocket_fins	1.50609636e+00	9.82585844e+01	1.45851040e+01
2000            	rocket_tab	1.80725820e+00	1.02178393e+02	1.57297099e+01
2000            	rocket_slot	8.03960912e+00	8.94289508e+01	4.80816042e+01
2250            	rocket_body	1.62300396e+00	1.55335570e+02	2.70160626e+01
2250            	rocket_fins	1.63710375e+00	9.82587534e+01	1.45862380e+01
2250            	rocket_tab	1.24114793e+00	1.02659657e+02	1.58725455e+01
2250            	rocket_slot	5.82422530e+00	8.97213021e+01	4.79033570e+01
2500            	rocket_body	1.62275873e+00	1.53930263e+02	2.70144928e+01
2500            	rocket_fins	1.79872374e+00	9.82585704e+01	1.45850465e+01
2500            	rocket_tab	1.82186180e+00	1.01965687e+02	1.57868954e+01
2500            	rocket_slot	7.41769247e+00	8.79020663e+01	4.80476602e+01
2750            	rocket_body	1.62528837e+00	1.55173399e+02	2.70173371e+01
2750            	rocket_fins	2.01925739e+00	9.82584212e+01	1.45857397e+01
2750            	rocket_tab	1.80803648e+00	1.02713306e+02	1.57808218e+01
2750            	rocket_slot	4.42746248e+00	9.04404458e+01	4.79502344e+01
3000            	rocket_body	1.21354025e+00	1.52972883e+02	2.70141488e+01
3000            	rocket_fins	1.71457932e+00	9.82588156e+01	1.45852234e+01
3000            	rocket_tab	1.90600304e+00	1.01985770e+02	1.58594173e+01
3000            	rocket_slot	5.69101439e+00	8.69150898e+01	4.79616130e+01
