# y+ ()         
# Time          	patch           	min             	max             	average         
250             	rocket_body	1.28125124e+00	1.99866740e+02	2.82203220e+01
250             	rocket_fins	3.03862599e+00	2.82805931e+02	1.98106045e+01
250             	rocket_tab	1.51921197e+00	1.27543723e+02	1.80082865e+01
250             	rocket_slot	6.80748207e+00	1.19572313e+02	5.26900108e+01
500             	rocket_body	1.75202797e+00	3.44854120e+02	6.04740761e+01
500             	rocket_fins	2.85498196e+00	4.25605992e+02	3.53775680e+01
500             	rocket_tab	2.62311342e+00	1.87827615e+02	2.93126385e+01
500             	rocket_slot	2.78053610e+01	1.87460813e+02	8.19214009e+01
750             	rocket_body	2.37467272e+00	4.01008384e+02	6.91639808e+01
750             	rocket_fins	2.17961575e+00	3.04771707e+02	3.69454548e+01
750             	rocket_tab	2.43781709e+00	1.95367406e+02	2.95631842e+01
750             	rocket_slot	1.87262454e+01	1.92277645e+02	8.08572586e+01
1000            	rocket_body	2.50701275e+00	4.44989204e+02	7.06099402e+01
1000            	rocket_fins	1.82410347e+00	2.97920563e+02	3.78461253e+01
1000            	rocket_tab	2.89988530e+00	2.04018977e+02	2.96193429e+01
1000            	rocket_slot	2.84708809e+01	1.88704919e+02	8.13715294e+01
1250            	rocket_body	2.28743548e+00	4.44709494e+02	7.06551960e+01
1250            	rocket_fins	1.66869672e+00	2.97742305e+02	3.78851149e+01
1250            	rocket_tab	2.34835008e+00	1.93220218e+02	2.94174418e+01
1250            	rocket_slot	2.75886359e+01	1.86111643e+02	8.18267531e+01
1500            	rocket_body	2.48075093e+00	4.47049193e+02	7.06569378e+01
1500            	rocket_fins	1.66735459e+00	2.97739817e+02	3.78869011e+01
1500            	rocket_tab	3.01965139e+00	1.96949464e+02	2.94932844e+01
1500            	rocket_slot	1.88325057e+01	1.92297685e+02	8.08415916e+01
1750            	rocket_body	2.48009317e+00	4.48398642e+02	7.06508960e+01
1750            	rocket_fins	1.28893038e+00	2.97739419e+02	3.78859030e+01
1750            	rocket_tab	2.03026434e+00	2.04035712e+02	2.95780514e+01
1750            	rocket_slot	2.80797508e+01	1.88535220e+02	8.13775164e+01
2000            	rocket_body	2.48146318e+00	4.49916515e+02	7.06547910e+01
2000            	rocket_fins	1.72829728e+00	2.97739870e+02	3.78847417e+01
2000            	rocket_tab	2.23149662e+00	1.93023981e+02	2.94173579e+01
2000            	rocket_slot	2.67594871e+01	1.86325180e+02	8.17980330e+01
2250            	rocket_body	2.48127372e+00	4.56771880e+02	7.06520238e+01
2250            	rocket_fins	9.60758931e-01	2.97739366e+02	3.78850535e+01
2250            	rocket_tab	3.87275908e+00	1.97557897e+02	2.95502964e+01
2250            	rocket_slot	1.90222614e+01	1.92225326e+02	8.08255281e+01
2500            	rocket_body	2.48002050e+00	4.32995855e+02	7.06493815e+01
2500            	rocket_fins	1.73535883e+00	2.97740734e+02	3.78843101e+01
2500            	rocket_tab	2.94746094e+00	2.04014165e+02	2.95413939e+01
2500            	rocket_slot	2.70511691e+01	1.88317879e+02	8.14112449e+01
2750            	rocket_body	2.48111198e+00	4.47770161e+02	7.06570637e+01
2750            	rocket_fins	1.80907652e+00	2.97739530e+02	3.78836700e+01
2750            	rocket_tab	2.79112258e+00	1.92750331e+02	2.93542980e+01
2750            	rocket_slot	2.53782381e+01	1.86652605e+02	8.17074007e+01
3000            	rocket_body	2.48127871e+00	4.36795200e+02	7.06497998e+01
3000            	rocket_fins	1.58111280e+00	2.97738909e+02	3.78846924e+01
3000            	rocket_tab	3.87458050e+00	1.97825442e+02	2.94781038e+01
3000            	rocket_slot	1.91847332e+01	1.92198260e+02	8.08100944e+01
