# y+ ()         
# Time          	patch           	min             	max             	average         
2250            	rocket_body	2.30026875e+00	1.80880213e+02	3.90436739e+01
2250            	rocket_fins	4.52456302e+00	1.14834606e+02	2.11593551e+01
2250            	rocket_tab	6.28275382e+00	1.02774247e+02	2.61087761e+01
2250            	rocket_slot	1.52353473e+01	1.24526512e+02	7.70385061e+01
2500            	rocket_body	2.29797117e+00	1.79574878e+02	3.90448894e+01
2500            	rocket_fins	4.50876384e+00	1.14834601e+02	2.11599907e+01
2500            	rocket_tab	6.28282882e+00	1.02769727e+02	2.61085301e+01
2500            	rocket_slot	1.52354465e+01	1.24489246e+02	7.70390775e+01
2750            	rocket_body	2.29653252e+00	1.77110664e+02	3.90358656e+01
2750            	rocket_fins	4.12053036e+00	1.14834518e+02	2.11603448e+01
2750            	rocket_tab	6.28216078e+00	1.02770886e+02	2.61085853e+01
2750            	rocket_slot	1.52356586e+01	1.24501244e+02	7.70394505e+01
3000            	rocket_body	2.29776736e+00	1.79058434e+02	3.90350470e+01
3000            	rocket_fins	3.75918146e+00	1.14834515e+02	2.11598261e+01
3000            	rocket_tab	6.28180602e+00	1.02774343e+02	2.61087509e+01
3000            	rocket_slot	1.52357841e+01	1.24505423e+02	7.70390200e+01
